Crime ID,Month,Reported by,Falls within,Longitude,Latitude,Location,LSOA code,LSOA name,Crime type,Last outcome category,Context
,2014-05,Cheshire Constabulary,Cheshire Constabulary,-2.029259,53.357017,On or near Chantry Close,E01018585,Cheshire East 001A,Anti-social behaviour,,
c612d1c9b7000909ebf8342a5992215affb99aa283ee2672ee0405d0ac9e1ce0,2014-05,Cheshire Constabulary,Cheshire Constabulary,-2.038409,53.357508,On or near Ring-O-Bells Lane,E01018585,Cheshire East 001A,Criminal damage and arson,Investigation complete; no suspect identified,
6122b439341dfbd6bcc8661006a5dd7358e5489e5e4686d2f8b34b98288aefb2,2014-05,Cheshire Constabulary,Cheshire Constabulary,-2.035102,53.356062,On or near Dane Hill Close,E01018585,Cheshire East 001A,Drugs,Awaiting court outcome,
15b8ece73139b7a2c0acbdc0671a37628c5e6dc76878bd5f1303c9e203cf93f5,2014-05,Cheshire Constabulary,Cheshire Constabulary,-2.029259,53.357017,On or near Chantry Close,E01018585,Cheshire East 001A,Violence and sexual offences,Under investigation,
,2014-05,Cheshire Constabulary,Cheshire Constabulary,-2.024887,53.358258,On or near Buxton Road,E01018586,Cheshire East 001B,Anti-social behaviour,,
,2014-05,Cheshire Constabulary,Cheshire Constabulary,-2.012387,53.358557,On or near Oak Avenue,E01018586,Cheshire East 001B,Anti-social behaviour,,
,2014-05,Cheshire Constabulary,Cheshire Constabulary,-2.021296,53.357279,On or near Greenshall Lane,E01018586,Cheshire East 001B,Anti-social behaviour,,
,2014-05,Cheshire Constabulary,Cheshire Constabulary,-2.017886,53.359554,On or near Overdale Road,E01018586,Cheshire East 001B,Anti-social behaviour,,
,2014-05,Cheshire Constabulary,Cheshire Constabulary,-2.031785,53.360009,On or near Meadow Lane,E01018587,Cheshire East 001C,Anti-social behaviour,,
,2014-05,Cheshire Constabulary,Cheshire Constabulary,-2.047144,53.362071,On or near Hilton Road,E01018587,Cheshire East 001C,Anti-social behaviour,,
,2014-05,Cheshire Constabulary,Cheshire Constabulary,-2.033378,53.360602,On or near Dryhurst Lane,E01018587,Cheshire East 001C,Anti-social behaviour,,
,2014-05,Cheshire Constabulary,Cheshire Constabulary,-2.057538,53.359370,On or near Park Road,E01018587,Cheshire East 001C,Anti-social behaviour,,
34bfff03a3e39a61880bdc17fff180bdd049bbcccf3a6ef8f3fa97ed27487240,2014-05,Cheshire Constabulary,Cheshire Constabulary,-2.034521,53.361626,On or near Sherbrooke Road,E01018587,Cheshire East 001C,Burglary,Investigation complete; no suspect identified,
1b1e7196cf7313ea0fe173ad66b09b40c775c812334d10a832fc9d78f6d914a0,2014-05,Cheshire Constabulary,Cheshire Constabulary,-2.047144,53.362071,On or near Hilton Road,E01018587,Cheshire East 001C,Criminal damage and arson,Investigation complete; no suspect identified,
,2014-05,Cheshire Constabulary,Cheshire Constabulary,-2.087215,53.352557,On or near Hawthorne Grove,E01018661,Cheshire East 001D,Anti-social behaviour,,
,2014-05,Cheshire Constabulary,Cheshire Constabulary,-2.087215,53.352557,On or near Hawthorne Grove,E01018661,Cheshire East 001D,Anti-social behaviour,,
a8d19665af5da47a60d89e2d6662a7287625c79e64dc296a68626b15c527ac8f,2014-05,Cheshire Constabulary,Cheshire Constabulary,-2.085798,53.342724,On or near Sheldon Road,E01018661,Cheshire East 001D,Burglary,Investigation complete; no suspect identified,
c7fe209c8b0798b963c61835ead76e5906af087d8b96b9e6f809db2c7a2122e8,2014-05,Cheshire Constabulary,Cheshire Constabulary,-2.087611,53.340790,On or near Parking Area,E01018661,Cheshire East 001D,Criminal damage and arson,Unable to prosecute suspect,
,2014-05,Cheshire Constabulary,Cheshire Constabulary,-2.123933,53.342781,On or near Barnaby Road,E01018657,Cheshire East 002A,Anti-social behaviour,,
,2014-05,Cheshire Constabulary,Cheshire Constabulary,-2.123933,53.342781,On or near Barnaby Road,E01018657,Cheshire East 002A,Anti-social behaviour,,
,2014-05,Cheshire Constabulary,Cheshire Constabulary,-2.125837,53.341709,On or near Lawrence Place,E01018657,Cheshire East 002A,Anti-social behaviour,,
,2014-05,Cheshire Constabulary,Cheshire Constabulary,-2.123195,53.342260,On or near Weller Avenue,E01018657,Cheshire East 002A,Anti-social behaviour,,
,2014-05,Cheshire Constabulary,Cheshire Constabulary,-2.121905,53.342693,On or near Copperfield Road,E01018657,Cheshire East 002A,Anti-social behaviour,,
9306a325c1c8f8f18a605054c2431f73429b72d923df895030195af5d770a3f1,2014-05,Cheshire Constabulary,Cheshire Constabulary,-2.125837,53.341709,On or near Lawrence Place,E01018657,Cheshire East 002A,Violence and sexual offences,Unable to prosecute suspect,
30b49e559461214b7bf9a702b28a6e593f251e6927dfcefaa10632afbb45071b,2014-05,Cheshire Constabulary,Cheshire Constabulary,-2.122628,53.343510,On or near Dombey Road,E01018657,Cheshire East 002A,Violence and sexual offences,Under investigation,
,2014-05,Cheshire Constabulary,Cheshire Constabulary,-2.146006,53.349973,On or near Pochard Drive,E01018662,Cheshire East 002B,Anti-social behaviour,,
,2014-05,Cheshire Constabulary,Cheshire Constabulary,-2.146006,53.349973,On or near Pochard Drive,E01018662,Cheshire East 002B,Anti-social behaviour,,
,2014-05,Cheshire Constabulary,Cheshire Constabulary,-2.140063,53.347059,On or near Lostock Hall Road,E01018662,Cheshire East 002B,Anti-social behaviour,,
,2014-05,Cheshire Constabulary,Cheshire Constabulary,-2.143049,53.350588,On or near Tern Drive,E01018662,Cheshire East 002B,Anti-social behaviour,,
,2014-05,Cheshire Constabulary,Cheshire Constabulary,-2.129863,53.346846,On or near Brookfield Avenue,E01018663,Cheshire East 002C,Anti-social behaviour,,
,2014-05,Cheshire Constabulary,Cheshire Constabulary,-2.127927,53.342632,On or near Woolley Avenue,E01018663,Cheshire East 002C,Anti-social behaviour,,
,2014-05,Cheshire Constabulary,Cheshire Constabulary,-2.127835,53.341797,On or near Midway Drive,E01018663,Cheshire East 002C,Anti-social behaviour,,
34393e8ea610ca972285bab057acd32e6e53496717a32da5bb4fe4a9e2c67bb7,2014-05,Cheshire Constabulary,Cheshire Constabulary,-2.127927,53.342632,On or near Woolley Avenue,E01018663,Cheshire East 002C,Criminal damage and arson,Investigation complete; no suspect identified,
93722e67ac24b0126e006e87a08728a42cad376ed9e17ac64566a1cccfcb18fe,2014-05,Cheshire Constabulary,Cheshire Constabulary,-2.124799,53.346366,On or near Parking Area,E01018663,Cheshire East 002C,Criminal damage and arson,Local resolution,
7dee07645fa6280da507034bf55d92f16041664cfd624a3eacb0bcfaca217c0d,2014-05,Cheshire Constabulary,Cheshire Constabulary,-2.124922,53.347247,On or near Supermarket,E01018663,Cheshire East 002C,Shoplifting,Under investigation,
d1d4e0ec37763a600963d404f4b8c47aee65b2821e12d657e66f19af42c99682,2014-05,Cheshire Constabulary,Cheshire Constabulary,-2.126973,53.350013,On or near Hilton Grove,E01018663,Cheshire East 002C,Vehicle crime,Investigation complete; no suspect identified,
bedd7cd451cbb4a425c27d88b04319ce85f48d1204d6e72fa5d0ca6759d0c876,2014-05,Cheshire Constabulary,Cheshire Constabulary,-2.129863,53.346846,On or near Brookfield Avenue,E01018663,Cheshire East 002C,Violence and sexual offences,Unable to prosecute suspect,
,2014-05,Cheshire Constabulary,Cheshire Constabulary,-2.127675,53.353770,On or near Abbotsbury Close,E01018664,Cheshire East 002D,Anti-social behaviour,,
,2014-05,Cheshire Constabulary,Cheshire Constabulary,-2.141539,53.352792,On or near Meadway,E01018665,Cheshire East 002E,Anti-social behaviour,,
,2014-05,Cheshire Constabulary,Cheshire Constabulary,-2.138994,53.350953,On or near Deva Close,E01018665,Cheshire East 002E,Anti-social behaviour,,
,2014-05,Cheshire Constabulary,Cheshire Constabulary,-2.119163,53.350570,On or near Sports/Recreation Area,E01018655,Cheshire East 003A,Anti-social behaviour,,
,2014-05,Cheshire Constabulary,Cheshire Constabulary,-2.114557,53.347131,On or near Holland Court,E01018655,Cheshire East 003A,Anti-social behaviour,,
,2014-05,Cheshire Constabulary,Cheshire Constabulary,-2.114320,53.348408,On or near Supermarket,E01018655,Cheshire East 003A,Anti-social behaviour,,
,2014-05,Cheshire Constabulary,Cheshire Constabulary,-2.119163,53.350570,On or near Sports/Recreation Area,E01018655,Cheshire East 003A,Anti-social behaviour,,
,2014-05,Cheshire Constabulary,Cheshire Constabulary,-2.116765,53.347075,On or near Brechvale Close,E01018655,Cheshire East 003A,Anti-social behaviour,,
f30e16f1cd52299b8d66723d801903e7435e81b16fa3b068db7a2bdc447f52b4,2014-05,Cheshire Constabulary,Cheshire Constabulary,-2.122395,53.346153,On or near Pickwick Road,E01018655,Cheshire East 003A,Burglary,Under investigation,
e4f7fd24c29660c802ab9466a3ed5c6e4ee367837a39403bd9496dc477e2a7e3,2014-05,Cheshire Constabulary,Cheshire Constabulary,-2.117788,53.347811,On or near Bulkeley Road,E01018655,Cheshire East 003A,Drugs,Offender given a drugs possession warning,
de2a11a57a272df4cb25f5e2d4724cdc7eae607a8d8a904c16a61e0d8db59e30,2014-05,Cheshire Constabulary,Cheshire Constabulary,-2.120720,53.348707,On or near Supermarket,E01018655,Cheshire East 003A,Shoplifting,Investigation complete; no suspect identified,
9bfe688c4312381645d0e074b21a6a0a9b6344e01bbfbf2de719ed025faa1011,2014-05,Cheshire Constabulary,Cheshire Constabulary,-2.118947,53.348520,On or near Supermarket,E01018655,Cheshire East 003A,Shoplifting,Under investigation,
c1093f09f5aa09666a87e529566499f02d17ef28690245b47d9942739d4b5703,2014-05,Cheshire Constabulary,Cheshire Constabulary,-2.122395,53.346153,On or near Pickwick Road,E01018655,Cheshire East 003A,Vehicle crime,Investigation complete; no suspect identified,
f75eee467433d84f573277a4d05bb4a4187a2c78f65b916a82fc0e946e5b76dd,2014-05,Cheshire Constabulary,Cheshire Constabulary,-2.117788,53.347811,On or near Bulkeley Road,E01018655,Cheshire East 003A,Violence and sexual offences,Unable to prosecute suspect,
,2014-05,Cheshire Constabulary,Cheshire Constabulary,-2.109579,53.344961,On or near Elm Close,E01018656,Cheshire East 003B,Anti-social behaviour,,
95f51b05684dbfae0dee43e676464a2b9224f2a7221e086550985dd0a5b2e15e,2014-05,Cheshire Constabulary,Cheshire Constabulary,-2.110369,53.348160,On or near Sports/Recreation Area,E01018656,Cheshire East 003B,Public order,Unable to prosecute suspect,
,2014-05,Cheshire Constabulary,Cheshire Constabulary,-2.116090,53.342051,On or near Brownlow Close,E01018658,Cheshire East 003C,Anti-social behaviour,,
,2014-05,Cheshire Constabulary,Cheshire Constabulary,-2.120247,53.340753,On or near Dorrit Close,E01018658,Cheshire East 003C,Anti-social behaviour,,
da66c213088fb89c3d26f9aa475772585bbfb9bdc056c27a0a142e15235b7c72,2014-05,Cheshire Constabulary,Cheshire Constabulary,-2.120247,53.340753,On or near Dorrit Close,E01018658,Cheshire East 003C,Violence and sexual offences,Under investigation,
e6c39369f511b1d3db8044759827e45e5307240d3f9b0711bffeba64108f983e,2014-05,Cheshire Constabulary,Cheshire Constabulary,-2.109121,53.353833,On or near Millstone Close,E01018659,Cheshire East 003D,Other theft,Under investigation,
5dd13d9cac33bfbb6f6182c1d158c07d88d2be6cc2ef933829fbc7ebbb01749b,2014-05,Cheshire Constabulary,Cheshire Constabulary,-2.103168,53.345776,On or near Trafalgar Close,E01018660,Cheshire East 003E,Violence and sexual offences,Local resolution,
5588b384497a2fb8249168ed8f17c9b5ed66bcab6c70a7ffadf3722312525111,2014-05,Cheshire Constabulary,Cheshire Constabulary,-2.201155,53.328185,On or near Hollies Lane,E01018582,Cheshire East 004A,Burglary,Investigation complete; no suspect identified,
85ea50b6d0dcde926482a457eca19fe705703f57fe2e79336c8d0fb7dc521c14,2014-05,Cheshire Constabulary,Cheshire Constabulary,-2.208925,53.335938,On or near Lincoln Road,E01018582,Cheshire East 004A,Violence and sexual offences,Formal action is not in the public interest,
,2014-05,Cheshire Constabulary,Cheshire Constabulary,-2.216326,53.353102,On or near Wilmslow Road,E01018592,Cheshire East 004B,Anti-social behaviour,,
,2014-05,Cheshire Constabulary,Cheshire Constabulary,-2.219028,53.355641,On or near Brompton Way,E01018592,Cheshire East 004B,Anti-social behaviour,,
,2014-05,Cheshire Constabulary,Cheshire Constabulary,-2.219028,53.355641,On or near Brompton Way,E01018592,Cheshire East 004B,Anti-social behaviour,,
832707d3bf7a06f9e52328f6fb464875f0b986f2703c07e2e91eb429ae0d959f,2014-05,Cheshire Constabulary,Cheshire Constabulary,-2.216248,53.358640,On or near Stanley Drive,E01018592,Cheshire East 004B,Shoplifting,Under investigation,
9db4a4deb5e6c54d8682b069ffd3d6f1c730b93116bc9b844de797b924310adb,2014-05,Cheshire Constabulary,Cheshire Constabulary,-2.219352,53.354409,On or near Wallingford Road,E01018592,Cheshire East 004B,Shoplifting,Under investigation,
17be080b5c1625bda026ab197ec72a48a5d2950b679a3689aca18c385f0eb8b2,2014-05,Cheshire Constabulary,Cheshire Constabulary,-2.219778,53.352467,On or near Ashford Close,E01018592,Cheshire East 004B,Violence and sexual offences,Offender given a caution,
,2014-05,Cheshire Constabulary,Cheshire Constabulary,-2.216040,53.344213,On or near Shopping Area,E01018593,Cheshire East 004C,Anti-social behaviour,,
,2014-05,Cheshire Constabulary,Cheshire Constabulary,-2.205463,53.349841,On or near Supermarket,E01018593,Cheshire East 004C,Anti-social behaviour,,
,2014-05,Cheshire Constabulary,Cheshire Constabulary,-2.206818,53.353488,On or near Countess Avenue,E01018593,Cheshire East 004C,Anti-social behaviour,,
,2014-05,Cheshire Constabulary,Cheshire Constabulary,-2.205443,53.348852,On or near Shopping Area,E01018593,Cheshire East 004C,Anti-social behaviour,,
,2014-05,Cheshire Constabulary,Cheshire Constabulary,-2.212534,53.345837,On or near Thornton Drive,E01018593,Cheshire East 004C,Anti-social behaviour,,
,2014-05,Cheshire Constabulary,Cheshire Constabulary,-2.205463,53.349841,On or near Supermarket,E01018593,Cheshire East 004C,Anti-social behaviour,,
,2014-05,Cheshire Constabulary,Cheshire Constabulary,-2.207024,53.349532,On or near Shopping Area,E01018593,Cheshire East 004C,Anti-social behaviour,,
,2014-05,Cheshire Constabulary,Cheshire Constabulary,-2.213304,53.346654,On or near Station Road,E01018593,Cheshire East 004C,Anti-social behaviour,,
a4bc6779f0551bcf7657dcfd7d869f10cdff367dbaeb6d8d6e1965651d7b76f9,2014-05,Cheshire Constabulary,Cheshire Constabulary,-2.205463,53.349841,On or near Supermarket,E01018593,Cheshire East 004C,Criminal damage and arson,Awaiting court outcome,
a7dcd13e4230b12cc7863d882eddb54279ea187039d867778707f21bcb14a747,2014-05,Cheshire Constabulary,Cheshire Constabulary,-2.205463,53.349841,On or near Supermarket,E01018593,Cheshire East 004C,Other theft,Investigation complete; no suspect identified,
f36c8a0d54178ffb10f83c265d14bb895b9e2a54e8769f128905284aab902017,2014-05,Cheshire Constabulary,Cheshire Constabulary,-2.205463,53.349841,On or near Supermarket,E01018593,Cheshire East 004C,Other theft,Investigation complete; no suspect identified,
bcaea3c1c51e717005586e59657f399f3e17f9be01a1027c983dc4fdfbb1836e,2014-05,Cheshire Constabulary,Cheshire Constabulary,-2.205463,53.349841,On or near Supermarket,E01018593,Cheshire East 004C,Other theft,Investigation complete; no suspect identified,
22e71d9e27a2c0cfab8c4b9edd7b75f1664917d3fc8980194d20f1f3d4d1c3e9,2014-05,Cheshire Constabulary,Cheshire Constabulary,-2.205463,53.349841,On or near Supermarket,E01018593,Cheshire East 004C,Other theft,Investigation complete; no suspect identified,
bcbad52357a35d944b80ce59cd8a59d91a5d90d65ea62aa98ecb6eea6d54484e,2014-05,Cheshire Constabulary,Cheshire Constabulary,-2.216040,53.344213,On or near Shopping Area,E01018593,Cheshire East 004C,Public order,Under investigation,
4b6cbfe3e6b234917816bd1c21abae011aebc2cbaa72081d7e9886613de4c363,2014-05,Cheshire Constabulary,Cheshire Constabulary,-2.205443,53.348852,On or near Shopping Area,E01018593,Cheshire East 004C,Shoplifting,Under investigation,
34fbd2cc074b3701e7b36754ac8165c0adf0f4e5efc5bd490944dbd7d9b55590,2014-05,Cheshire Constabulary,Cheshire Constabulary,-2.205443,53.348852,On or near Shopping Area,E01018593,Cheshire East 004C,Shoplifting,Offender given penalty notice,
d881754892a34f7c1b945bfba123ecacbabba192d5ea0e9cee0f22ab0f8a5a57,2014-05,Cheshire Constabulary,Cheshire Constabulary,-2.205443,53.348852,On or near Shopping Area,E01018593,Cheshire East 004C,Shoplifting,Awaiting court outcome,
c7d226cb16aa80943fd53e12a4a9e4ede7a47cc651418810f657999aa3f638d7,2014-05,Cheshire Constabulary,Cheshire Constabulary,-2.205463,53.349841,On or near Supermarket,E01018593,Cheshire East 004C,Violence and sexual offences,Under investigation,
7d83bc5477b0fbc82c06027c4555dcccc51b649ba3890225060cd96ab2a233eb,2014-05,Cheshire Constabulary,Cheshire Constabulary,-2.210403,53.346264,On or near Hereford Drive,E01018593,Cheshire East 004C,Violence and sexual offences,Awaiting court outcome,
014d554047758bd2b49aa7856961b3e90e0e231072defd9e597dcfd2a04905c0,2014-05,Cheshire Constabulary,Cheshire Constabulary,-2.205463,53.349841,On or near Supermarket,E01018593,Cheshire East 004C,Violence and sexual offences,Investigation complete; no suspect identified,
02b44507272b2de1b94fafedeb7420ca46ef2d1f3f16a97e06b8830d96ca8b8c,2014-05,Cheshire Constabulary,Cheshire Constabulary,-2.205463,53.349841,On or near Supermarket,E01018593,Cheshire East 004C,Violence and sexual offences,Awaiting court outcome,
95b7914fc666cde06460022c268df2b458aff6ac2c9d1acdc14fc371ac364355,2014-05,Cheshire Constabulary,Cheshire Constabulary,-2.205463,53.349841,On or near Supermarket,E01018593,Cheshire East 004C,Violence and sexual offences,Under investigation,
,2014-05,Cheshire Constabulary,Cheshire Constabulary,-2.210277,53.354273,On or near Peover Road,E01018594,Cheshire East 004D,Anti-social behaviour,,
,2014-05,Cheshire Constabulary,Cheshire Constabulary,-2.213190,53.350870,On or near Lostock Way,E01018594,Cheshire East 004D,Anti-social behaviour,,
,2014-05,Cheshire Constabulary,Cheshire Constabulary,-2.213190,53.350870,On or near Lostock Way,E01018594,Cheshire East 004D,Anti-social behaviour,,
,2014-05,Cheshire Constabulary,Cheshire Constabulary,-2.214786,53.351703,On or near Henbury Road,E01018594,Cheshire East 004D,Anti-social behaviour,,
,2014-05,Cheshire Constabulary,Cheshire Constabulary,-2.214371,53.349915,On or near Parking Area,E01018594,Cheshire East 004D,Anti-social behaviour,,
,2014-05,Cheshire Constabulary,Cheshire Constabulary,-2.212329,53.355968,On or near Chelford Road,E01018594,Cheshire East 004D,Anti-social behaviour,,
5a342ab058e526bc60a5bc626d02cb5fb3c00b38c0f055f4b62327534daa266a,2014-05,Cheshire Constabulary,Cheshire Constabulary,-2.210277,53.354273,On or near Peover Road,E01018594,Cheshire East 004D,Criminal damage and arson,Under investigation,
e41d05ce31e8a1a5cd4ac24e0edb83038b6d21aa7152358a0494b0d61568cffe,2014-05,Cheshire Constabulary,Cheshire Constabulary,-2.212608,53.354826,On or near Beeston Road,E01018594,Cheshire East 004D,Other theft,Investigation complete; no suspect identified,
69733e51431c254487edade1ade207223bad2dab5c2fbbb89ae7eb596e416880,2014-05,Cheshire Constabulary,Cheshire Constabulary,-2.212329,53.355968,On or near Chelford Road,E01018594,Cheshire East 004D,Other theft,Under investigation,
df5c3017438dfa2a8b06056951a02913d838367ab98af1d44eaca3a861e5ad22,2014-05,Cheshire Constabulary,Cheshire Constabulary,-2.211200,53.352509,On or near Harefield Road,E01018594,Cheshire East 004D,Violence and sexual offences,Formal action is not in the public interest,
73ef2134372d63a4c6052ae09e03f552b0208886cb2d09a8feeb30c0e3ad3e32,2014-05,Cheshire Constabulary,Cheshire Constabulary,-2.213190,53.350870,On or near Lostock Way,E01018594,Cheshire East 004D,Violence and sexual offences,Awaiting court outcome,
,2014-05,Cheshire Constabulary,Cheshire Constabulary,-2.217181,53.350009,On or near Parking Area,E01018595,Cheshire East 004E,Anti-social behaviour,,
,2014-05,Cheshire Constabulary,Cheshire Constabulary,-2.214262,53.349034,On or near Crossfield Road,E01018595,Cheshire East 004E,Anti-social behaviour,,
,2014-05,Cheshire Constabulary,Cheshire Constabulary,-2.223432,53.347426,On or near Knowle Park,E01018595,Cheshire East 004E,Anti-social behaviour,,
,2014-05,Cheshire Constabulary,Cheshire Constabulary,-2.210603,53.338120,On or near Lyngard Close,E01018596,Cheshire East 004F,Anti-social behaviour,,
,2014-05,Cheshire Constabulary,Cheshire Constabulary,-2.214185,53.336792,On or near Ringstead Drive,E01018596,Cheshire East 004F,Anti-social behaviour,,
,2014-05,Cheshire Constabulary,Cheshire Constabulary,-2.210759,53.339369,On or near Peckmill Close,E01018596,Cheshire East 004F,Anti-social behaviour,,
,2014-05,Cheshire Constabulary,Cheshire Constabulary,-2.210759,53.339369,On or near Peckmill Close,E01018596,Cheshire East 004F,Anti-social behaviour,,
,2014-05,Cheshire Constabulary,Cheshire Constabulary,-2.214701,53.340710,On or near Bosley Close,E01018596,Cheshire East 004F,Anti-social behaviour,,
,2014-05,Cheshire Constabulary,Cheshire Constabulary,-2.214185,53.336792,On or near Ringstead Drive,E01018596,Cheshire East 004F,Anti-social behaviour,,
,2014-05,Cheshire Constabulary,Cheshire Constabulary,-2.212191,53.340418,On or near Barton Close,E01018596,Cheshire East 004F,Anti-social behaviour,,
,2014-05,Cheshire Constabulary,Cheshire Constabulary,-2.210603,53.338120,On or near Lyngard Close,E01018596,Cheshire East 004F,Anti-social behaviour,,
8c4331da5f6bc9a405a24ec3cdb366e63dd69f6f37b3a415a8465239883bcdd5,2014-05,Cheshire Constabulary,Cheshire Constabulary,-2.213358,53.339499,On or near Oakenclough Close,E01018596,Cheshire East 004F,Criminal damage and arson,Investigation complete; no suspect identified,
6a316ee2e8c7171ff207c58d93b8b0b01566a2f3ebf92704f658a4f701ddedaf,2014-05,Cheshire Constabulary,Cheshire Constabulary,-2.212426,53.336373,On or near Wheelock Close,E01018596,Cheshire East 004F,Criminal damage and arson,Under investigation,
e51214ed32477912adb25ad9b91c9c9cf53189c55cc4e5e8f10a6c38f932f3d5,2014-05,Cheshire Constabulary,Cheshire Constabulary,-2.211304,53.337148,On or near Malpas Close,E01018596,Cheshire East 004F,Criminal damage and arson,Investigation complete; no suspect identified,
ebcea439a481522f1d3dac44d0d69d8e676998b8cb08c76841ee4282bed384ea,2014-05,Cheshire Constabulary,Cheshire Constabulary,-2.217051,53.339160,On or near Bankside Close,E01018596,Cheshire East 004F,Criminal damage and arson,Investigation complete; no suspect identified,
55b3afb1269b91b8afb91384bb92c597801b76148e32ad12b7f54e0b2c1bedb9,2014-05,Cheshire Constabulary,Cheshire Constabulary,-2.210759,53.339369,On or near Peckmill Close,E01018596,Cheshire East 004F,Drugs,Awaiting court outcome,
455d4095fb3a2b1e2f28b3c71c0674d902749128371caf1f8b4e4ed7efd3edda,2014-05,Cheshire Constabulary,Cheshire Constabulary,-2.215643,53.337050,On or near Supermarket,E01018596,Cheshire East 004F,Shoplifting,Under investigation,
d53203845d22cbdc322e30f439e1a46e7c17d8f8b0b2bed663fad9cd8573c992,2014-05,Cheshire Constabulary,Cheshire Constabulary,-2.215643,53.337050,On or near Supermarket,E01018596,Cheshire East 004F,Shoplifting,Under investigation,
14652e4c295b68921317856358ed3cb93a7f62285f0f1aa0860b9b5623c5b2fb,2014-05,Cheshire Constabulary,Cheshire Constabulary,-2.210759,53.339369,On or near Peckmill Close,E01018596,Cheshire East 004F,Theft from the person,Under investigation,
d050763cc01b2cbf2bccff0d8be434337529ad9b819a73d2ab8db137e7ada233,2014-05,Cheshire Constabulary,Cheshire Constabulary,-2.217542,53.338296,On or near Shrigley Close,E01018596,Cheshire East 004F,Theft from the person,Under investigation,
a7f065faf8f074eca7d9a7dc5bc76b0ef8792676aeae66fe6017b4792b673caa,2014-05,Cheshire Constabulary,Cheshire Constabulary,-2.210759,53.339369,On or near Peckmill Close,E01018596,Cheshire East 004F,Violence and sexual offences,Unable to prosecute suspect,
,2014-05,Cheshire Constabulary,Cheshire Constabulary,-2.224915,53.335352,On or near Bluebell Way,E01018583,Cheshire East 005A,Anti-social behaviour,,
0b503753c1e06290a1addaac2424f042c3de5be4505c77554910088a4493c1c1,2014-05,Cheshire Constabulary,Cheshire Constabulary,-2.220487,53.335738,On or near Shargate Close,E01018583,Cheshire East 005A,Criminal damage and arson,Investigation complete; no suspect identified,
49555b31dfbdade5640d730b348b193d848d5d0129256923371b0bba84af8108,2014-05,Cheshire Constabulary,Cheshire Constabulary,-2.224915,53.335352,On or near Bluebell Way,E01018583,Cheshire East 005A,Violence and sexual offences,Awaiting court outcome,
d2ce7bb21957863dd984c34cc39bba82faf37b03b44bd6c7dc692fdaeacd4b31,2014-05,Cheshire Constabulary,Cheshire Constabulary,-2.221716,53.338162,On or near Highfield Estate,E01018583,Cheshire East 005A,Violence and sexual offences,Unable to prosecute suspect,
,2014-05,Cheshire Constabulary,Cheshire Constabulary,-2.218423,53.334402,On or near Hendon Close,E01018584,Cheshire East 005B,Anti-social behaviour,,
,2014-05,Cheshire Constabulary,Cheshire Constabulary,-2.219166,53.335722,On or near Sedgeford Close,E01018584,Cheshire East 005B,Anti-social behaviour,,
f7d1bb747d7c19c11d2556c31a7849ad1039400d9260b9bd14def6010ff03e47,2014-05,Cheshire Constabulary,Cheshire Constabulary,-2.214924,53.331325,On or near Hazelwood Road,E01018584,Cheshire East 005B,Burglary,Under investigation,
25e502cf89ea722caefac99bb5286faef2dc6b1d98a660b7659194d79290dcb4,2014-05,Cheshire Constabulary,Cheshire Constabulary,-2.216448,53.329929,On or near Fairford Way,E01018584,Cheshire East 005B,Burglary,Under investigation,
d9c81a46e906da38c5ed82d3df27b48288b24088811f7daa892a7d441bda6173,2014-05,Cheshire Constabulary,Cheshire Constabulary,-2.213066,53.329136,On or near Manor Gardens,E01018584,Cheshire East 005B,Burglary,Under investigation,
a84062a30615ba586dedd75a9beed512f76ab84cf485c7a98d4c92d6c93f8bea,2014-05,Cheshire Constabulary,Cheshire Constabulary,-2.215681,53.335639,On or near Knightsbridge Close,E01018584,Cheshire East 005B,Drugs,Offender given a drugs possession warning,
0843ba466e94bfcc4e7467c4f4adc702c62109aa3d44f6c4fb4942c62074ac95,2014-05,Cheshire Constabulary,Cheshire Constabulary,-2.215681,53.335639,On or near Knightsbridge Close,E01018584,Cheshire East 005B,Drugs,Offender given a drugs possession warning,
,2014-05,Cheshire Constabulary,Cheshire Constabulary,-2.229108,53.338715,On or near Twinnies Road,E01018612,Cheshire East 005C,Anti-social behaviour,,
,2014-05,Cheshire Constabulary,Cheshire Constabulary,-2.232215,53.338439,On or near Ashley Road,E01018612,Cheshire East 005C,Anti-social behaviour,,
,2014-05,Cheshire Constabulary,Cheshire Constabulary,-2.229108,53.338715,On or near Twinnies Road,E01018612,Cheshire East 005C,Anti-social behaviour,,
,2014-05,Cheshire Constabulary,Cheshire Constabulary,-2.228430,53.341152,On or near Stanneylands Drive,E01018612,Cheshire East 005C,Anti-social behaviour,,
,2014-05,Cheshire Constabulary,Cheshire Constabulary,-2.228430,53.341152,On or near Stanneylands Drive,E01018612,Cheshire East 005C,Anti-social behaviour,,
,2014-05,Cheshire Constabulary,Cheshire Constabulary,-2.227232,53.341720,On or near Stanneylands Road,E01018612,Cheshire East 005C,Anti-social behaviour,,
,2014-05,Cheshire Constabulary,Cheshire Constabulary,-2.232215,53.338439,On or near Ashley Road,E01018612,Cheshire East 005C,Anti-social behaviour,,
,2014-05,Cheshire Constabulary,Cheshire Constabulary,-2.228430,53.341152,On or near Stanneylands Drive,E01018612,Cheshire East 005C,Anti-social behaviour,,
,2014-05,Cheshire Constabulary,Cheshire Constabulary,-2.227971,53.339472,On or near Styal View,E01018612,Cheshire East 005C,Anti-social behaviour,,
,2014-05,Cheshire Constabulary,Cheshire Constabulary,-2.226500,53.336895,On or near Lacey Grove,E01018612,Cheshire East 005C,Anti-social behaviour,,
ab5857d34a3c7046df94d9da4be310f7b589e0388ab7815ac0ec6f626153931b,2014-05,Cheshire Constabulary,Cheshire Constabulary,-2.226405,53.338648,On or near Suffolk Drive,E01018612,Cheshire East 005C,Violence and sexual offences,Unable to prosecute suspect,
861b5595c8f3452d7bb07ac0c1d2be19e3b0d0e453d82ca61c3d2db1d55d5bd2,2014-05,Cheshire Constabulary,Cheshire Constabulary,-2.226405,53.338648,On or near Suffolk Drive,E01018612,Cheshire East 005C,Violence and sexual offences,Unable to prosecute suspect,
f00645b1fd12b54890e3fd918720187931ce2ecdfd3f472ea94b61059e491f3a,2014-05,Cheshire Constabulary,Cheshire Constabulary,-2.229188,53.339505,On or near Clough Avenue,E01018612,Cheshire East 005C,Violence and sexual offences,Under investigation,
00da692a34013b7172899f104ae38dca3b18a2e16a62bc01ee9362e83f10a859,2014-05,Cheshire Constabulary,Cheshire Constabulary,-2.231002,53.338981,On or near Carr Mill Mews,E01018612,Cheshire East 005C,Violence and sexual offences,Unable to prosecute suspect,
e3fae4bad45a5ad584a3c5e4851ede7def648e699b3f36c245ed7d7332021ff3,2014-05,Cheshire Constabulary,Cheshire Constabulary,-2.229188,53.339505,On or near Clough Avenue,E01018612,Cheshire East 005C,Violence and sexual offences,Under investigation,
,2014-05,Cheshire Constabulary,Cheshire Constabulary,-2.234075,53.335253,On or near Marbury Road,E01018613,Cheshire East 005D,Anti-social behaviour,,
,2014-05,Cheshire Constabulary,Cheshire Constabulary,-2.227932,53.335014,On or near Lacey Avenue,E01018613,Cheshire East 005D,Anti-social behaviour,,
72275e472aac6ab62ee457729ae7d26c9a1f567694224cc23ba3628929bdeabb,2014-05,Cheshire Constabulary,Cheshire Constabulary,-2.236721,53.335805,On or near Booth Road,E01018613,Cheshire East 005D,Criminal damage and arson,Under investigation,
46c6e2a05538c784f92e690843929a2acdf5310b316c4f825d90d0597c97809c,2014-05,Cheshire Constabulary,Cheshire Constabulary,-2.232140,53.335590,On or near Egerton Road,E01018613,Cheshire East 005D,Vehicle crime,Under investigation,
3376dd85e8942340f6a8135eaf9dfb6f9fc3f20d59d7aae60a79f2abf03f88e4,2014-05,Cheshire Constabulary,Cheshire Constabulary,-2.231425,53.336733,On or near Barlow Road,E01018613,Cheshire East 005D,Violence and sexual offences,Under investigation,
a5dfed4403c91d495a795db9d1817560908c49237a7775f87774b6512116863f,2014-05,Cheshire Constabulary,Cheshire Constabulary,-2.227932,53.335014,On or near Lacey Avenue,E01018613,Cheshire East 005D,Violence and sexual offences,Unable to prosecute suspect,
469cb53c9bb5834d49006e6b1e3fd49814168f380c82969506013ff0e71c98f9,2014-05,Cheshire Constabulary,Cheshire Constabulary,-2.231425,53.336733,On or near Barlow Road,E01018613,Cheshire East 005D,Violence and sexual offences,Under investigation,
,2014-05,Cheshire Constabulary,Cheshire Constabulary,-2.205346,53.319199,On or near Prestbury Road,E01018600,Cheshire East 006A,Anti-social behaviour,,
,2014-05,Cheshire Constabulary,Cheshire Constabulary,-2.218861,53.323148,On or near Fletsand Road,E01018600,Cheshire East 006A,Anti-social behaviour,,
,2014-05,Cheshire Constabulary,Cheshire Constabulary,-2.224436,53.321330,On or near Leaside Way,E01018600,Cheshire East 006A,Anti-social behaviour,,
,2014-05,Cheshire Constabulary,Cheshire Constabulary,-2.223913,53.324666,On or near Longmeade Gardens,E01018600,Cheshire East 006A,Anti-social behaviour,,
167206f3c98de3fa5559d86d4d648e08b7ad684778d646df91fca1f4b940bcc9,2014-05,Cheshire Constabulary,Cheshire Constabulary,-2.218861,53.323148,On or near Fletsand Road,E01018600,Cheshire East 006A,Burglary,Under investigation,
8b45bb70cf7430188567a27ea241a48dc17ef41e51dfd792f89d213bea1becd1,2014-05,Cheshire Constabulary,Cheshire Constabulary,-2.230469,53.323629,On or near Broadway,E01018600,Cheshire East 006A,Burglary,Investigation complete; no suspect identified,
9df3edbd51d3a0dda24e63c7adf35bb2c884a31a8690eb06a62dc35c9989dc20,2014-05,Cheshire Constabulary,Cheshire Constabulary,-2.224436,53.321330,On or near Leaside Way,E01018600,Cheshire East 006A,Other theft,Investigation complete; no suspect identified,
f198c35ada59045240d9047cdc27db472be1e0e15e00ba16f68edce1ce6aacbb,2014-05,Cheshire Constabulary,Cheshire Constabulary,-2.205346,53.319199,On or near Prestbury Road,E01018600,Cheshire East 006A,Other theft,Investigation complete; no suspect identified,
,2014-05,Cheshire Constabulary,Cheshire Constabulary,-2.242213,53.326985,On or near Bourne Street,E01018601,Cheshire East 006B,Anti-social behaviour,,
,2014-05,Cheshire Constabulary,Cheshire Constabulary,-2.238668,53.326813,On or near Hawthorn Walk,E01018601,Cheshire East 006B,Anti-social behaviour,,
,2014-05,Cheshire Constabulary,Cheshire Constabulary,-2.239047,53.324700,On or near Hawthorn Street,E01018601,Cheshire East 006B,Anti-social behaviour,,
,2014-05,Cheshire Constabulary,Cheshire Constabulary,-2.234359,53.324089,On or near Supermarket,E01018601,Cheshire East 006B,Anti-social behaviour,,
7532a7b4c64a6b3553c771aa60fdae8898d5d4244c5052740310104293e3a6f4,2014-05,Cheshire Constabulary,Cheshire Constabulary,-2.239047,53.324700,On or near Hawthorn Street,E01018601,Cheshire East 006B,Burglary,Under investigation,
5fe1eecef220bf83fe712cb8e7a4d03755a84472ad3e2f3f1348c740fd864e65,2014-05,Cheshire Constabulary,Cheshire Constabulary,-2.238314,53.322571,On or near Chapel Lane,E01018601,Cheshire East 006B,Criminal damage and arson,Local resolution,
ddf77f15df91c653725b85a99b5756ded677f950644456dfb062a71216bb553c,2014-05,Cheshire Constabulary,Cheshire Constabulary,-2.240230,53.326819,On or near Altrincham Road,E01018601,Cheshire East 006B,Criminal damage and arson,Investigation complete; no suspect identified,
a714bb72fd2246ae900b122549f55390097535ccf5a7e0b0d44bdf226a73f33a,2014-05,Cheshire Constabulary,Cheshire Constabulary,-2.240230,53.326819,On or near Altrincham Road,E01018601,Cheshire East 006B,Criminal damage and arson,Investigation complete; no suspect identified,
3f380fe615aa22f0c78c1e77b9f6dfa7d002b149b395fa8505ce81396b5f3c85,2014-05,Cheshire Constabulary,Cheshire Constabulary,-2.234359,53.324089,On or near Supermarket,E01018601,Cheshire East 006B,Criminal damage and arson,Under investigation,
089ff26ea6aeb19a042defb4d4c2e74abcffda6bd34a9a7e02a1d7e0bd711710,2014-05,Cheshire Constabulary,Cheshire Constabulary,-2.240230,53.326819,On or near Altrincham Road,E01018601,Cheshire East 006B,Criminal damage and arson,Investigation complete; no suspect identified,
1bbf147025d63fd18bcf462912a74aaedc99f18ff3aaf5c3957a27a404ff3de1,2014-05,Cheshire Constabulary,Cheshire Constabulary,-2.240230,53.326819,On or near Altrincham Road,E01018601,Cheshire East 006B,Criminal damage and arson,Investigation complete; no suspect identified,
e9ca168507173e8876496478735e49ba2237ff5b9d60deeecab767d45d719ac3,2014-05,Cheshire Constabulary,Cheshire Constabulary,-2.239460,53.326029,On or near Police Station,E01018601,Cheshire East 006B,Drugs,Awaiting court outcome,
1429b9667549cff5276e3166411e7e362d4d03a789e724ddaf0bf71b600e7a45,2014-05,Cheshire Constabulary,Cheshire Constabulary,-2.242770,53.324611,On or near Bourne Street,E01018601,Cheshire East 006B,Drugs,Offender given a drugs possession warning,
8c2120602a66a6d0c22b0678152e61eec3817911ccf2bd523983e57527cdd7fd,2014-05,Cheshire Constabulary,Cheshire Constabulary,-2.238668,53.326813,On or near Hawthorn Walk,E01018601,Cheshire East 006B,Other theft,Under investigation,
f07d989dee55fb7382c63ebeb567e903b22c332e5312ce926ba296f1905f712b,2014-05,Cheshire Constabulary,Cheshire Constabulary,-2.236832,53.326017,On or near Wycliffe Avenue,E01018601,Cheshire East 006B,Shoplifting,Under investigation,
fcd2bdc166882731f0fa1b4329b442e2ab4d9b8c2944822b7594eb3addfb2c69,2014-05,Cheshire Constabulary,Cheshire Constabulary,-2.242213,53.326985,On or near Bourne Street,E01018601,Cheshire East 006B,Shoplifting,Investigation complete; no suspect identified,
,2014-05,Cheshire Constabulary,Cheshire Constabulary,-2.232954,53.325125,On or near Shopping Area,E01018602,Cheshire East 006C,Anti-social behaviour,,
,2014-05,Cheshire Constabulary,Cheshire Constabulary,-2.232954,53.325125,On or near Shopping Area,E01018602,Cheshire East 006C,Anti-social behaviour,,
,2014-05,Cheshire Constabulary,Cheshire Constabulary,-2.232954,53.325125,On or near Shopping Area,E01018602,Cheshire East 006C,Anti-social behaviour,,
,2014-05,Cheshire Constabulary,Cheshire Constabulary,-2.229288,53.333024,On or near Cliff Side,E01018602,Cheshire East 006C,Anti-social behaviour,,
,2014-05,Cheshire Constabulary,Cheshire Constabulary,-2.232954,53.325125,On or near Shopping Area,E01018602,Cheshire East 006C,Anti-social behaviour,,
,2014-05,Cheshire Constabulary,Cheshire Constabulary,-2.233306,53.326311,On or near Grove Way,E01018602,Cheshire East 006C,Anti-social behaviour,,
,2014-05,Cheshire Constabulary,Cheshire Constabulary,-2.230961,53.325938,On or near Alderley Road,E01018602,Cheshire East 006C,Anti-social behaviour,,
,2014-05,Cheshire Constabulary,Cheshire Constabulary,-2.229429,53.331289,On or near Old Road,E01018602,Cheshire East 006C,Anti-social behaviour,,
,2014-05,Cheshire Constabulary,Cheshire Constabulary,-2.233306,53.326311,On or near Grove Way,E01018602,Cheshire East 006C,Anti-social behaviour,,
,2014-05,Cheshire Constabulary,Cheshire Constabulary,-2.229895,53.328646,On or near Church Street,E01018602,Cheshire East 006C,Anti-social behaviour,,
,2014-05,Cheshire Constabulary,Cheshire Constabulary,-2.226525,53.327376,On or near Parking Area,E01018602,Cheshire East 006C,Anti-social behaviour,,
,2014-05,Cheshire Constabulary,Cheshire Constabulary,-2.230961,53.325938,On or near Alderley Road,E01018602,Cheshire East 006C,Anti-social behaviour,,
,2014-05,Cheshire Constabulary,Cheshire Constabulary,-2.226525,53.327376,On or near Parking Area,E01018602,Cheshire East 006C,Anti-social behaviour,,
,2014-05,Cheshire Constabulary,Cheshire Constabulary,-2.230845,53.326702,On or near Green Lane,E01018602,Cheshire East 006C,Anti-social behaviour,,
,2014-05,Cheshire Constabulary,Cheshire Constabulary,-2.229429,53.331289,On or near Old Road,E01018602,Cheshire East 006C,Anti-social behaviour,,
,2014-05,Cheshire Constabulary,Cheshire Constabulary,-2.230961,53.325938,On or near Alderley Road,E01018602,Cheshire East 006C,Anti-social behaviour,,
,2014-05,Cheshire Constabulary,Cheshire Constabulary,-2.230885,53.333983,On or near Mount Pleasant,E01018602,Cheshire East 006C,Anti-social behaviour,,
,2014-05,Cheshire Constabulary,Cheshire Constabulary,-2.223429,53.326842,On or near Wilmslow Park South,E01018602,Cheshire East 006C,Anti-social behaviour,,
,2014-05,Cheshire Constabulary,Cheshire Constabulary,-2.230537,53.333615,On or near Lacey Green,E01018602,Cheshire East 006C,Anti-social behaviour,,
d140234794748d9557d3fdc4928d0c7cdd6bbd7c8cdff67dc1ed2aa4e9b1dfc8,2014-05,Cheshire Constabulary,Cheshire Constabulary,-2.229574,53.327550,On or near Swan Street,E01018602,Cheshire East 006C,Criminal damage and arson,Awaiting court outcome,
e60f87717cb8bad5f05175b770727e9a7092f1b70f75b3169edc1c4687fddf01,2014-05,Cheshire Constabulary,Cheshire Constabulary,-2.229574,53.327550,On or near Swan Street,E01018602,Cheshire East 006C,Criminal damage and arson,Awaiting court outcome,
cf5425bb320dac5926cf33ed228e0abd7c4ed474c7f8c65847936a9abd7792cf,2014-05,Cheshire Constabulary,Cheshire Constabulary,-2.233566,53.332791,On or near Bollin Hill,E01018602,Cheshire East 006C,Criminal damage and arson,Investigation complete; no suspect identified,
c48266550134eee014636acdbfee81d7826e1acaa260d58b6ec2d7d7cfa6b7a0,2014-05,Cheshire Constabulary,Cheshire Constabulary,-2.230840,53.325633,On or near Petrol Station,E01018602,Cheshire East 006C,Drugs,Under investigation,
b204220b9d8838ea0936ed65f2eda8a1845af1ac28583654e4b75096233281ac,2014-05,Cheshire Constabulary,Cheshire Constabulary,-2.226525,53.327376,On or near Parking Area,E01018602,Cheshire East 006C,Drugs,Under investigation,
dccea3f4ccf393582558a60c09645b6f567e610d4aaf1488dbf45cc496a385af,2014-05,Cheshire Constabulary,Cheshire Constabulary,-2.230961,53.325938,On or near Alderley Road,E01018602,Cheshire East 006C,Other theft,Investigation complete; no suspect identified,
5115bcd685f1a5eeb1faad8e113616659eba7bf4f8f45600a0b1a5e75ad1fb9a,2014-05,Cheshire Constabulary,Cheshire Constabulary,-2.229191,53.328899,On or near Supermarket,E01018602,Cheshire East 006C,Other theft,Under investigation,
a3404ef40b416f5b1abec383f517ed919dac376d0b2b485899c16e2a9d8dcf87,2014-05,Cheshire Constabulary,Cheshire Constabulary,-2.227551,53.325531,On or near Sports/Recreation Area,E01018602,Cheshire East 006C,Other theft,Investigation complete; no suspect identified,
c76f316ac06beaa1250a93eaaba911e88de9b18e3a89395e0f89b71ef8088842,2014-05,Cheshire Constabulary,Cheshire Constabulary,-2.229191,53.328899,On or near Supermarket,E01018602,Cheshire East 006C,Other theft,Formal action is not in the public interest,
7b6ff411bef0ad54625d061122435e71d5ac7154f60ebf97fca2b1ed6a8074c5,2014-05,Cheshire Constabulary,Cheshire Constabulary,-2.228627,53.327354,On or near Warham Street,E01018602,Cheshire East 006C,Public order,Awaiting court outcome,
712dc5db0cacd796eb775bc62e5235dd3677c37e6ccc503764d414bb4a517d70,2014-05,Cheshire Constabulary,Cheshire Constabulary,-2.229191,53.328899,On or near Supermarket,E01018602,Cheshire East 006C,Shoplifting,Under investigation,
49e499d5245ce98e07ab2530446990d73e52fe1100d2d05fb03fda5a1c607dd1,2014-05,Cheshire Constabulary,Cheshire Constabulary,-2.230845,53.326702,On or near Green Lane,E01018602,Cheshire East 006C,Shoplifting,Awaiting court outcome,
db7cbc5435c4ed4a42b50f29e809595652f7dbaf9ac9f38e33318c8a8d713fc0,2014-05,Cheshire Constabulary,Cheshire Constabulary,-2.233177,53.324720,On or near South Drive,E01018602,Cheshire East 006C,Shoplifting,Under investigation,
e473deda2b996cb1b2765d48079addf623277405355eb090eaa38203523d6083,2014-05,Cheshire Constabulary,Cheshire Constabulary,-2.229191,53.328899,On or near Supermarket,E01018602,Cheshire East 006C,Shoplifting,Awaiting court outcome,
d906c69f447ba3c75109e23b620a9a77f0fad0982adbf1ccfdb620de0479295b,2014-05,Cheshire Constabulary,Cheshire Constabulary,-2.230845,53.326702,On or near Green Lane,E01018602,Cheshire East 006C,Shoplifting,Investigation complete; no suspect identified,
5df084af73458c507c5183323f0332459854297bad5ed532e08f9640d9085024,2014-05,Cheshire Constabulary,Cheshire Constabulary,-2.229895,53.328646,On or near Church Street,E01018602,Cheshire East 006C,Shoplifting,Awaiting court outcome,
395fdc555430cec073f1cd6373b8d504c9a2a735559ab81708de13a8439a2c70,2014-05,Cheshire Constabulary,Cheshire Constabulary,-2.232764,53.326168,On or near Shopping Area,E01018602,Cheshire East 006C,Shoplifting,Awaiting court outcome,
af823d8440c07121bd2fe0b53377169c823dacf80dc3b1f84da82a2ac7dfad5a,2014-05,Cheshire Constabulary,Cheshire Constabulary,-2.233306,53.326311,On or near Grove Way,E01018602,Cheshire East 006C,Shoplifting,Under investigation,
272d8ff4d661e3501c625614e4e66066caa94091c7848d934aba8926bfd3e41b,2014-05,Cheshire Constabulary,Cheshire Constabulary,-2.232764,53.326168,On or near Shopping Area,E01018602,Cheshire East 006C,Shoplifting,Under investigation,
cae88cc3b541f52e6ee5851755cd61e5b3d967d9009d742dabe7b85920656003,2014-05,Cheshire Constabulary,Cheshire Constabulary,-2.230845,53.326702,On or near Green Lane,E01018602,Cheshire East 006C,Shoplifting,Offender given penalty notice,
36c255758dfc2731d33e98ebc580980aebec9f7e777708e1ca54b03e57aadfb3,2014-05,Cheshire Constabulary,Cheshire Constabulary,-2.228879,53.329565,On or near Mill Street,E01018602,Cheshire East 006C,Vehicle crime,Investigation complete; no suspect identified,
9d434496ed911dc47776095deb870fffa14c66aafb4efb5c6ca5dd3d84028ff1,2014-05,Cheshire Constabulary,Cheshire Constabulary,-2.230961,53.325938,On or near Alderley Road,E01018602,Cheshire East 006C,Violence and sexual offences,Unable to prosecute suspect,
a5f19830979b97852c70ac46c2cea18a1c697a32e18422f609ed645fdb0dbfbd,2014-05,Cheshire Constabulary,Cheshire Constabulary,-2.228014,53.327795,On or near Conference/Exhibition Centre,E01018602,Cheshire East 006C,Violence and sexual offences,Under investigation,
5d34d2d58153dd5c030a1cf693ed4c77dae958b222b23c940504397565dacb21,2014-05,Cheshire Constabulary,Cheshire Constabulary,-2.230840,53.325633,On or near Petrol Station,E01018602,Cheshire East 006C,Other crime,Under investigation,
,2014-05,Cheshire Constabulary,Cheshire Constabulary,-2.246005,53.336362,On or near Sports/Recreation Area,E01018652,Cheshire East 006D,Anti-social behaviour,,
,2014-05,Cheshire Constabulary,Cheshire Constabulary,-2.250948,53.331633,On or near Friar'S Close,E01018652,Cheshire East 006D,Anti-social behaviour,,
,2014-05,Cheshire Constabulary,Cheshire Constabulary,-2.246005,53.336362,On or near Sports/Recreation Area,E01018652,Cheshire East 006D,Anti-social behaviour,,
227db9cf2c20a514413ecf1bb474d9605a5be7b77afa5612caac9c1856ca72d3,2014-05,Cheshire Constabulary,Cheshire Constabulary,-2.249563,53.333577,On or near King'S Road,E01018652,Cheshire East 006D,Burglary,Awaiting court outcome,
,2014-05,Cheshire Constabulary,Cheshire Constabulary,-2.460746,53.364822,On or near Crouchley Lane,E01018598,Cheshire East 007A,Anti-social behaviour,,
,2014-05,Cheshire Constabulary,Cheshire Constabulary,-2.460746,53.364822,On or near Crouchley Lane,E01018598,Cheshire East 007A,Anti-social behaviour,,
14fd38c7644aee77494e5eea5b2ae75b38df54a35cc8c7baf2ae27f9e5750ab6,2014-05,Cheshire Constabulary,Cheshire Constabulary,-2.474503,53.338413,On or near Hobbs Hill Lane,E01018598,Cheshire East 007A,Criminal damage and arson,Under investigation,
e344d97f0792840c6d1529f90c76e5e9c7a66e35dca5097b7a2f997d7fee8fbe,2014-05,Cheshire Constabulary,Cheshire Constabulary,-2.465943,53.290168,On or near Merehaven Close,E01018598,Cheshire East 007A,Criminal damage and arson,Under investigation,
a2cfd2b7a09d9c2004104d25540ac4e28ca03f85b8d8052063434abb8a134312,2014-05,Cheshire Constabulary,Cheshire Constabulary,-2.451553,53.351006,On or near Arley End,E01018599,Cheshire East 007B,Burglary,Under investigation,
7f14cb326adf73728937a0a1c21343231b7400469be0726e59d9e573d6d50ac9,2014-05,Cheshire Constabulary,Cheshire Constabulary,-2.446434,53.349919,On or near Chollerton Close,E01018599,Cheshire East 007B,Criminal damage and arson,Under investigation,
38822e2f8c452dbfc9e2ae806eaa16023182b8cc146b0df135e2e87c3d43b3e9,2014-05,Cheshire Constabulary,Cheshire Constabulary,-2.448538,53.354235,On or near Surridge,E01018599,Cheshire East 007B,Vehicle crime,Investigation complete; no suspect identified,
974d889c87df79e8fc752ec5572a11d39331b6600ac80c51cc73977db4c6e7d9,2014-05,Cheshire Constabulary,Cheshire Constabulary,-2.448538,53.354235,On or near Surridge,E01018599,Cheshire East 007B,Vehicle crime,Investigation complete; no suspect identified,
,2014-05,Cheshire Constabulary,Cheshire Constabulary,-2.410743,53.332933,On or near Chester Road,E01018648,Cheshire East 007C,Anti-social behaviour,,
,2014-05,Cheshire Constabulary,Cheshire Constabulary,-2.436021,53.330515,On or near Winterbottom Lane,E01018648,Cheshire East 007C,Anti-social behaviour,,
,2014-05,Cheshire Constabulary,Cheshire Constabulary,-2.436021,53.330515,On or near Winterbottom Lane,E01018648,Cheshire East 007C,Anti-social behaviour,,
,2014-05,Cheshire Constabulary,Cheshire Constabulary,-2.410743,53.332933,On or near Chester Road,E01018648,Cheshire East 007C,Anti-social behaviour,,
,2014-05,Cheshire Constabulary,Cheshire Constabulary,-2.410743,53.332933,On or near Chester Road,E01018648,Cheshire East 007C,Anti-social behaviour,,
,2014-05,Cheshire Constabulary,Cheshire Constabulary,-2.392364,53.319898,On or near Manchester Road,E01018648,Cheshire East 007C,Anti-social behaviour,,
,2014-05,Cheshire Constabulary,Cheshire Constabulary,-2.410743,53.332933,On or near Chester Road,E01018648,Cheshire East 007C,Anti-social behaviour,,
475a0705c005285d861f16c1565736b6c22de58be4ecd5a7107753b37024473d,2014-05,Cheshire Constabulary,Cheshire Constabulary,-2.410347,53.307262,On or near Tabley Hill Lane,E01018648,Cheshire East 007C,Burglary,Investigation complete; no suspect identified,
336982ac29a365f0da35514ce720220c43846ec04a75ee2f42822e8c10f9a5d6,2014-05,Cheshire Constabulary,Cheshire Constabulary,-2.385338,53.369763,On or near Dunham Road,E01018648,Cheshire East 007C,Burglary,Investigation complete; no suspect identified,
60a5d20ccf084c1613701f24328be8a6d5ac979c1991b3bd5e323fa57c6ea8db,2014-05,Cheshire Constabulary,Cheshire Constabulary,-2.406198,53.293901,On or near Park/Open Space,E01018648,Cheshire East 007C,Criminal damage and arson,Investigation complete; no suspect identified,
a4090b454b8239f22ac61b1fa17f572857c8068b68a33283a077709fab0a4404,2014-05,Cheshire Constabulary,Cheshire Constabulary,-2.417205,53.314978,On or near Petrol Station,E01018648,Cheshire East 007C,Drugs,Offender given a caution,
6ed9b6134630ee3d4e23a7797f5d0f16e7d59681712708b8efab0a11656f564e,2014-05,Cheshire Constabulary,Cheshire Constabulary,-2.392364,53.319898,On or near Manchester Road,E01018648,Cheshire East 007C,Drugs,Offender given a drugs possession warning,
edfd8dee5eb10dc3e96b8cd0ef07f2318b5bd35f6b0da27d4dabd33455f1782a,2014-05,Cheshire Constabulary,Cheshire Constabulary,-2.438620,53.307252,On or near Budworth Road,E01018648,Cheshire East 007C,Other theft,Investigation complete; no suspect identified,
f52351d3c1c55abcb65d467b0ac398ee7c9fab0236f7de9d01505d459351de91,2014-05,Cheshire Constabulary,Cheshire Constabulary,-2.410743,53.332933,On or near Chester Road,E01018648,Cheshire East 007C,Other theft,Investigation complete; no suspect identified,
85fa65b68dc79366c898a658866808597731b02f81fb788e6cde87689c982c38,2014-05,Cheshire Constabulary,Cheshire Constabulary,-2.416963,53.310170,On or near Petrol Station,E01018648,Cheshire East 007C,Other theft,Under investigation,
7ea3bb8d9c440a09f0d62c74d4e17fa50bf262d867c41c6ecac83c1d37fec50c,2014-05,Cheshire Constabulary,Cheshire Constabulary,-2.410743,53.332933,On or near Chester Road,E01018648,Cheshire East 007C,Other theft,Investigation complete; no suspect identified,
a2094e06e7f03953da620f130b0ee672159d1939b9961e8223339206a0e9f072,2014-05,Cheshire Constabulary,Cheshire Constabulary,-2.417205,53.314978,On or near Petrol Station,E01018648,Cheshire East 007C,Theft from the person,Investigation complete; no suspect identified,
5d21c91eb653064e74b40c2117d6c2d22b1bd76728771635d8a0683e479485cf,2014-05,Cheshire Constabulary,Cheshire Constabulary,-2.406198,53.293901,On or near Park/Open Space,E01018648,Cheshire East 007C,Vehicle crime,Investigation complete; no suspect identified,
e995dab35ae635eb3ff25b095d57bf7eaddc94f75d696ce1dcb26fc0cf748079,2014-05,Cheshire Constabulary,Cheshire Constabulary,-2.406198,53.293901,On or near Park/Open Space,E01018648,Cheshire East 007C,Vehicle crime,Investigation complete; no suspect identified,
6d7c8d4a616d1196492b17919965e9b4333bf93563b069173cf9d923b50e9874,2014-05,Cheshire Constabulary,Cheshire Constabulary,-2.410743,53.332933,On or near Chester Road,E01018648,Cheshire East 007C,Violence and sexual offences,Under investigation,
,2014-05,Cheshire Constabulary,Cheshire Constabulary,-2.274019,53.318665,On or near Oak Road,E01018649,Cheshire East 007D,Anti-social behaviour,,
8cf4fcac0d44df5f1fd54e2fde7fbc2f6e701de260c74a5b5b12ae4b6fca875a,2014-05,Cheshire Constabulary,Cheshire Constabulary,-2.299086,53.311917,On or near Knutsford Road,E01018649,Cheshire East 007D,Burglary,Investigation complete; no suspect identified,
02a64cc1b3461ce2c28bfdbe592eccc5db21282fd94f6f1f43ac2f484285a86f,2014-05,Cheshire Constabulary,Cheshire Constabulary,-2.300878,53.308542,On or near Faulkner'S Lane,E01018649,Cheshire East 007D,Burglary,Investigation complete; no suspect identified,
e8a28e825b811afbc2613fee07922f091620c5b3842600d662dbd340115d33d5,2014-05,Cheshire Constabulary,Cheshire Constabulary,-2.316017,53.334480,On or near Wood Lane,E01018649,Cheshire East 007D,Vehicle crime,Investigation complete; no suspect identified,
,2014-05,Cheshire Constabulary,Cheshire Constabulary,-2.314211,53.313406,On or near Sports/Recreation Area,E01018650,Cheshire East 007E,Anti-social behaviour,,
,2014-05,Cheshire Constabulary,Cheshire Constabulary,-2.330220,53.314675,On or near Rajar Walk,E01018650,Cheshire East 007E,Anti-social behaviour,,
e9a121e4ef6dc04440cabd13c603313fe1afe01183b58cc9f9eb5736160aa364,2014-05,Cheshire Constabulary,Cheshire Constabulary,-2.314211,53.313406,On or near Sports/Recreation Area,E01018650,Cheshire East 007E,Burglary,Under investigation,
076c41a45eb77361241622bf78db513e045c73a76bb6739e47ce7e79e2046005,2014-05,Cheshire Constabulary,Cheshire Constabulary,-2.326100,53.313662,On or near Shopping Area,E01018650,Cheshire East 007E,Burglary,Investigation complete; no suspect identified,
,2014-05,Cheshire Constabulary,Cheshire Constabulary,-2.228744,53.349313,On or near Sagars Road,E01018651,Cheshire East 007F,Anti-social behaviour,,
,2014-05,Cheshire Constabulary,Cheshire Constabulary,-2.238118,53.341124,On or near Prison,E01018651,Cheshire East 007F,Anti-social behaviour,,
,2014-05,Cheshire Constabulary,Cheshire Constabulary,-2.270457,53.339329,On or near Dooley'S Lane,E01018651,Cheshire East 007F,Anti-social behaviour,,
,2014-05,Cheshire Constabulary,Cheshire Constabulary,-2.240992,53.347401,On or near Clarendon Cottages,E01018651,Cheshire East 007F,Anti-social behaviour,,
9786fbcb651b82138816422c43df9df4b4fadc1bc2e944bcfa92e418967943eb,2014-05,Cheshire Constabulary,Cheshire Constabulary,-2.238118,53.341124,On or near Prison,E01018651,Cheshire East 007F,Criminal damage and arson,Under investigation,
6f1d7c6e76388cddb3e45a028b1370adbae7474513d8c94a079defb92174b2b7,2014-05,Cheshire Constabulary,Cheshire Constabulary,-2.270457,53.339329,On or near Dooley'S Lane,E01018651,Cheshire East 007F,Vehicle crime,Under investigation,
698a376bf4f98e259d7df49a6e0e6a9cc75c2f714a0cf32bb5a7a55bf3c8c56d,2014-05,Cheshire Constabulary,Cheshire Constabulary,-2.242198,53.348271,On or near Styal Road,E01018651,Cheshire East 007F,Vehicle crime,Investigation complete; no suspect identified,
,2014-05,Cheshire Constabulary,Cheshire Constabulary,-2.424261,53.274270,On or near Hollytree Road,E01018654,Cheshire East 007G,Anti-social behaviour,,
,2014-05,Cheshire Constabulary,Cheshire Constabulary,-2.328127,53.284479,On or near Chelford Road,E01018654,Cheshire East 007G,Anti-social behaviour,,
,2014-05,Cheshire Constabulary,Cheshire Constabulary,-2.361944,53.278386,On or near Holmes Chapel Road,E01018654,Cheshire East 007G,Anti-social behaviour,,
,2014-05,Cheshire Constabulary,Cheshire Constabulary,-2.353438,53.274357,On or near Sandy Lane,E01018654,Cheshire East 007G,Anti-social behaviour,,
06d7ed49d62e1b1ff3dcd6d172335ddebbca6d8c84d1ca496292cde5c31a0a2c,2014-05,Cheshire Constabulary,Cheshire Constabulary,-2.385716,53.265268,On or near Barrow'S Brow,E01018654,Cheshire East 007G,Burglary,Investigation complete; no suspect identified,
7299fd9ddb9aaeb89adc8733ff131ea7821343a8ef4d2820f2c13da0aade1bc9,2014-05,Cheshire Constabulary,Cheshire Constabulary,-2.424074,53.275035,On or near Yewtree Road,E01018654,Cheshire East 007G,Burglary,Under investigation,
ff325689dd7db43231f7597298160e0144609b03223c4386ef2c7bbb12f3ff49,2014-05,Cheshire Constabulary,Cheshire Constabulary,-2.353438,53.274357,On or near Sandy Lane,E01018654,Cheshire East 007G,Criminal damage and arson,Investigation complete; no suspect identified,
c1c3f6e682e7017ee9cb4105a9da64fece7322ecf7a24e784ae3b2fe0608f87a,2014-05,Cheshire Constabulary,Cheshire Constabulary,-2.307076,53.264643,On or near Green Lane,E01018654,Cheshire East 007G,Criminal damage and arson,Investigation complete; no suspect identified,
2b407cba9d77c20965af497e2d67e188064ffe684d8a5fedd4489437c3c5df9f,2014-05,Cheshire Constabulary,Cheshire Constabulary,-2.333360,53.288006,On or near Ashdown Road,E01018654,Cheshire East 007G,Criminal damage and arson,Under investigation,
5351706c003f09460933a29eee4d4c1e65d58b01bf4cfead4392a767faf66ed0,2014-05,Cheshire Constabulary,Cheshire Constabulary,-2.425549,53.274032,On or near Moorcroft,E01018654,Cheshire East 007G,Criminal damage and arson,Under investigation,
67610dd4bba9ca304a118db956fa799aa1390170a8ab9c299f82c58f3bc730b1,2014-05,Cheshire Constabulary,Cheshire Constabulary,-2.329506,53.255118,On or near Blackden Lane,E01018654,Cheshire East 007G,Other theft,Investigation complete; no suspect identified,
883af48ee146da861c954f69ba6b7b5cf9c91b7fada4edc6e8e079d11aa73e3f,2014-05,Cheshire Constabulary,Cheshire Constabulary,-2.353438,53.274357,On or near Sandy Lane,E01018654,Cheshire East 007G,Other theft,Investigation complete; no suspect identified,
,2014-05,Cheshire Constabulary,Cheshire Constabulary,-2.247508,53.318372,On or near Gravel Lane,E01018588,Cheshire East 008A,Anti-social behaviour,,
,2014-05,Cheshire Constabulary,Cheshire Constabulary,-2.237014,53.318250,On or near Alderley Road,E01018588,Cheshire East 008A,Anti-social behaviour,,
,2014-05,Cheshire Constabulary,Cheshire Constabulary,-2.244804,53.320661,On or near Acacia Avenue,E01018588,Cheshire East 008A,Anti-social behaviour,,
,2014-05,Cheshire Constabulary,Cheshire Constabulary,-2.244680,53.319969,On or near Orchard Close,E01018588,Cheshire East 008A,Anti-social behaviour,,
325b30266a6b70164270b9877c89b1019626d3275b89dd9669cc0a5c80843f99,2014-05,Cheshire Constabulary,Cheshire Constabulary,-2.243267,53.322228,On or near Chapel Lane,E01018588,Cheshire East 008A,Criminal damage and arson,Investigation complete; no suspect identified,
f73ce36ec9e72e4c007e0a38233528abcce906cf520250b46ee029633842bba4,2014-05,Cheshire Constabulary,Cheshire Constabulary,-2.237014,53.318250,On or near Alderley Road,E01018588,Cheshire East 008A,Criminal damage and arson,Unable to prosecute suspect,
04e87a668929b43bb494779365e8485725e6d312ff88510233eb16413cfb3fc9,2014-05,Cheshire Constabulary,Cheshire Constabulary,-2.244804,53.320661,On or near Acacia Avenue,E01018588,Cheshire East 008A,Vehicle crime,Awaiting court outcome,
,2014-05,Cheshire Constabulary,Cheshire Constabulary,-2.251918,53.312682,On or near Church Road,E01018589,Cheshire East 008B,Anti-social behaviour,,
dccd147b3546957e7a5eddbb6b7c8af92c60f692c7b72bc8602df1c6ee9f7f9f,2014-05,Cheshire Constabulary,Cheshire Constabulary,-2.244041,53.318541,On or near Regent Close,E01018589,Cheshire East 008B,Burglary,Under investigation,
eed5a105939e61cc04b1159280cac9422d70ea823c0b6e297ac9a974be6a2b8d,2014-05,Cheshire Constabulary,Cheshire Constabulary,-2.240980,53.316049,On or near Corner Croft,E01018589,Cheshire East 008B,Burglary,Under investigation,
,2014-05,Cheshire Constabulary,Cheshire Constabulary,-2.247561,53.322345,On or near Woodacres Court,E01018653,Cheshire East 008D,Anti-social behaviour,,
,2014-05,Cheshire Constabulary,Cheshire Constabulary,-2.251400,53.329277,On or near Parking Area,E01018653,Cheshire East 008D,Anti-social behaviour,,
42a07d97a036653bb7dee512e4f6e9001b23d3dc4a689a27b76f743b5c894700,2014-05,Cheshire Constabulary,Cheshire Constabulary,-2.245886,53.326061,On or near Cambridge Avenue,E01018653,Cheshire East 008D,Violence and sexual offences,Under investigation,
a679349c71f509f5b471db5dad2fe86258b8bb43e45cf9304a970f77829cb4bf,2014-05,Cheshire Constabulary,Cheshire Constabulary,-2.387179,53.310962,On or near Freshfields,E01018605,Cheshire East 009A,Criminal damage and arson,Investigation complete; no suspect identified,
,2014-05,Cheshire Constabulary,Cheshire Constabulary,-2.357504,53.307001,On or near Helena Close,E01018609,Cheshire East 009B,Anti-social behaviour,,
,2014-05,Cheshire Constabulary,Cheshire Constabulary,-2.355086,53.304914,On or near Brookdale Avenue,E01018609,Cheshire East 009B,Anti-social behaviour,,
a02b048d34cede6455ffc6f7f9caa36c8241138bfd9294e4c805e63110114f03,2014-05,Cheshire Constabulary,Cheshire Constabulary,-2.353155,53.303724,On or near Lichfield Close,E01018609,Cheshire East 009B,Drugs,Awaiting court outcome,
880d92a1fca97a4db48a5f1e3a746ca089f628e1658e82b79f5ef51ea15b5251,2014-05,Cheshire Constabulary,Cheshire Constabulary,-2.359408,53.306744,On or near Churchfields,E01018609,Cheshire East 009B,Other theft,Investigation complete; no suspect identified,
,2014-05,Cheshire Constabulary,Cheshire Constabulary,-2.362842,53.304684,On or near Woodlands Drive,E01018610,Cheshire East 009C,Anti-social behaviour,,
,2014-05,Cheshire Constabulary,Cheshire Constabulary,-2.362185,53.306870,On or near Lowe Drive,E01018610,Cheshire East 009C,Anti-social behaviour,,
,2014-05,Cheshire Constabulary,Cheshire Constabulary,-2.362842,53.304684,On or near Woodlands Drive,E01018610,Cheshire East 009C,Anti-social behaviour,,
,2014-05,Cheshire Constabulary,Cheshire Constabulary,-2.362450,53.308011,On or near Merlin Avenue,E01018610,Cheshire East 009C,Anti-social behaviour,,
dd5354354d53be6cca98d158b65fa9fe72d7b37e7fc5a37ae09781a6b8d043a4,2014-05,Cheshire Constabulary,Cheshire Constabulary,-2.360914,53.305634,On or near Manor Park North,E01018610,Cheshire East 009C,Drugs,Offender given a drugs possession warning,
cd7030d49ea8a69e850ebf1a46f18c060cfc032dce469e9d894b71f04094e823,2014-05,Cheshire Constabulary,Cheshire Constabulary,-2.362842,53.304684,On or near Woodlands Drive,E01018610,Cheshire East 009C,Public order,Under investigation,
12316fe40193f0049166afb550f76d1dd41f54d976d6bccb567c2e796216e153,2014-05,Cheshire Constabulary,Cheshire Constabulary,-2.367551,53.304373,On or near Ella Grove,E01018610,Cheshire East 009C,Vehicle crime,Under investigation,
65e9f31b949f41d36f5d31ba6e5f9c68dff84f89143c18cd4c62da85907c9251,2014-05,Cheshire Constabulary,Cheshire Constabulary,-2.360914,53.305634,On or near Manor Park North,E01018610,Cheshire East 009C,Violence and sexual offences,Under investigation,
,2014-05,Cheshire Constabulary,Cheshire Constabulary,-2.350023,53.307859,On or near Longridge,E01018611,Cheshire East 009D,Anti-social behaviour,,
,2014-05,Cheshire Constabulary,Cheshire Constabulary,-2.350023,53.307859,On or near Longridge,E01018611,Cheshire East 009D,Anti-social behaviour,,
,2014-05,Cheshire Constabulary,Cheshire Constabulary,-2.351300,53.308062,On or near St. Johns Vale,E01018611,Cheshire East 009D,Anti-social behaviour,,
4e38e0f44b02dd770146509c028b68d330295f4b4cafbdae3fd0931ec88e1ffe,2014-05,Cheshire Constabulary,Cheshire Constabulary,-2.353510,53.310366,On or near Petrol Station,E01018611,Cheshire East 009D,Burglary,Formal action is not in the public interest,
f6e603e5f01e59c57723e0af2ec30e5295714970b9a397733593c5ab0c0b88b8,2014-05,Cheshire Constabulary,Cheshire Constabulary,-2.351300,53.308062,On or near St. Johns Vale,E01018611,Cheshire East 009D,Criminal damage and arson,Investigation complete; no suspect identified,
c2f93e5154c56edf5c51adb5d45d881d7f753ca649a05b03e33611c98239c1af,2014-05,Cheshire Constabulary,Cheshire Constabulary,-2.353510,53.310366,On or near Petrol Station,E01018611,Cheshire East 009D,Other theft,Under investigation,
80da530c77887cbb7a37af160c387117cd5fdda116b1490826a3a95bee6054aa,2014-05,Cheshire Constabulary,Cheshire Constabulary,-2.352243,53.311403,On or near Montmorency Road,E01018611,Cheshire East 009D,Shoplifting,Awaiting court outcome,
e1715f1cb495ffe51edbd9217acf1120487eea31f26c07590550529612feab1a,2014-05,Cheshire Constabulary,Cheshire Constabulary,-2.355881,53.310359,On or near Leigh Avenue,E01018611,Cheshire East 009D,Violence and sexual offences,Under investigation,
ad11098b819cf5a189b76ecb9de0d48b5a72d6673ef347862f73f345c535301a,2014-05,Cheshire Constabulary,Cheshire Constabulary,-2.379045,53.295771,On or near Blackhill Lane,E01018603,Cheshire East 010A,Other theft,Investigation complete; no suspect identified,
a87fdbb7357f1860b08ba50490aaefb61f1f612f2f6bac9dd453804093a3b9ab,2014-05,Cheshire Constabulary,Cheshire Constabulary,-2.379045,53.295771,On or near Blackhill Lane,E01018603,Cheshire East 010A,Other theft,Investigation complete; no suspect identified,
c82c153fcf7873d33481926e21ba5e27a5d608c4da097706f2bbe96c09785119,2014-05,Cheshire Constabulary,Cheshire Constabulary,-2.373631,53.299446,On or near Trevone Close,E01018603,Cheshire East 010A,Vehicle crime,Investigation complete; no suspect identified,
,2014-05,Cheshire Constabulary,Cheshire Constabulary,-2.388118,53.301989,On or near Lilac Avenue,E01018604,Cheshire East 010B,Anti-social behaviour,,
,2014-05,Cheshire Constabulary,Cheshire Constabulary,-2.384035,53.301804,On or near Westfield Drive,E01018604,Cheshire East 010B,Anti-social behaviour,,
,2014-05,Cheshire Constabulary,Cheshire Constabulary,-2.388118,53.301989,On or near Lilac Avenue,E01018604,Cheshire East 010B,Anti-social behaviour,,
,2014-05,Cheshire Constabulary,Cheshire Constabulary,-2.388118,53.301989,On or near Lilac Avenue,E01018604,Cheshire East 010B,Anti-social behaviour,,
,2014-05,Cheshire Constabulary,Cheshire Constabulary,-2.381041,53.302623,On or near Racefield Road,E01018604,Cheshire East 010B,Anti-social behaviour,,
be11ce9671f88741f0e416bd705e92b2d150be106f354f32accc4ea8703bb99a,2014-05,Cheshire Constabulary,Cheshire Constabulary,-2.377390,53.302059,On or near Hospital,E01018604,Cheshire East 010B,Burglary,Investigation complete; no suspect identified,
7adeddb97d5502cb9cedf0971115c814e64cf4170725ddcc2cae536659f87b9b,2014-05,Cheshire Constabulary,Cheshire Constabulary,-2.379971,53.300388,On or near Bexton Road,E01018604,Cheshire East 010B,Drugs,Under investigation,
bc680772e6d062fccafe2abe12e3081b1079151734aec6efb31134d096d8ae8a,2014-05,Cheshire Constabulary,Cheshire Constabulary,-2.379971,53.300388,On or near Bexton Road,E01018604,Cheshire East 010B,Other theft,Investigation complete; no suspect identified,
,2014-05,Cheshire Constabulary,Cheshire Constabulary,-2.383425,53.305734,On or near Ladies Mile,E01018606,Cheshire East 010C,Anti-social behaviour,,
,2014-05,Cheshire Constabulary,Cheshire Constabulary,-2.372872,53.303673,On or near King Street,E01018606,Cheshire East 010C,Anti-social behaviour,,
,2014-05,Cheshire Constabulary,Cheshire Constabulary,-2.373763,53.306043,On or near Marble Arch,E01018606,Cheshire East 010C,Anti-social behaviour,,
,2014-05,Cheshire Constabulary,Cheshire Constabulary,-2.375020,53.303927,On or near Princess Street,E01018606,Cheshire East 010C,Anti-social behaviour,,
,2014-05,Cheshire Constabulary,Cheshire Constabulary,-2.384124,53.305049,On or near Warren Close,E01018606,Cheshire East 010C,Anti-social behaviour,,
,2014-05,Cheshire Constabulary,Cheshire Constabulary,-2.377762,53.306831,On or near Queen Street,E01018606,Cheshire East 010C,Anti-social behaviour,,
,2014-05,Cheshire Constabulary,Cheshire Constabulary,-2.372323,53.304349,On or near Parking Area,E01018606,Cheshire East 010C,Anti-social behaviour,,
,2014-05,Cheshire Constabulary,Cheshire Constabulary,-2.375904,53.305381,On or near Parking Area,E01018606,Cheshire East 010C,Anti-social behaviour,,
,2014-05,Cheshire Constabulary,Cheshire Constabulary,-2.372047,53.301905,On or near Parking Area,E01018606,Cheshire East 010C,Anti-social behaviour,,
,2014-05,Cheshire Constabulary,Cheshire Constabulary,-2.375904,53.305381,On or near Parking Area,E01018606,Cheshire East 010C,Anti-social behaviour,,
8ab397adfd11a895738c72e90e4f24c9334688b855cdb357eee8a4669bff9c9c,2014-05,Cheshire Constabulary,Cheshire Constabulary,-2.376755,53.304892,On or near A50,E01018606,Cheshire East 010C,Bicycle theft,Investigation complete; no suspect identified,
b271634b2221fb649966616600d2717c9dc1bdb94c59dc1bbcae40c1d9ce309f,2014-05,Cheshire Constabulary,Cheshire Constabulary,-2.384124,53.305049,On or near Warren Close,E01018606,Cheshire East 010C,Bicycle theft,Investigation complete; no suspect identified,
da4bba51ffef1a666bd4314451c4d4f6e6bc6a021ca35cc43bc80a1595d4c954,2014-05,Cheshire Constabulary,Cheshire Constabulary,-2.378278,53.304052,On or near Gaskell Avenue,E01018606,Cheshire East 010C,Burglary,Awaiting court outcome,
d8517ee6be03318f23e0f2226d2ce5938777971ea7334637b9b3456c060965ae,2014-05,Cheshire Constabulary,Cheshire Constabulary,-2.378278,53.304052,On or near Gaskell Avenue,E01018606,Cheshire East 010C,Burglary,Awaiting court outcome,
f073f9ef305ae129187ab3509287481dc694ced16fa1d5d79dc41d3908ccb9db,2014-05,Cheshire Constabulary,Cheshire Constabulary,-2.374554,53.305547,On or near Minshull Street,E01018606,Cheshire East 010C,Criminal damage and arson,Under investigation,
3d8b7e5c7dc6975ac48c34d887290c2f9e7aae4bdd40c6e48eaa500e3de9434d,2014-05,Cheshire Constabulary,Cheshire Constabulary,-2.370464,53.302773,On or near Church Walk,E01018606,Cheshire East 010C,Drugs,Offender given a drugs possession warning,
37ca135dabdabbd1565d8fd5d291d5b5bd522da0706a6e9a4798e48bd752c07e,2014-05,Cheshire Constabulary,Cheshire Constabulary,-2.374801,53.302903,On or near Police Station,E01018606,Cheshire East 010C,Drugs,Offender given a caution,
8ce056a9a888455bc910575631fb7248a9a03a6e3079e95e2f2e08d889fbacb4,2014-05,Cheshire Constabulary,Cheshire Constabulary,-2.374801,53.302903,On or near Police Station,E01018606,Cheshire East 010C,Drugs,Offender given a caution,
54b2e6020d9b1061645a8547c205904a6afd3cc5b2c9730ec386dbf1dcbeb5d7,2014-05,Cheshire Constabulary,Cheshire Constabulary,-2.374801,53.302903,On or near Police Station,E01018606,Cheshire East 010C,Drugs,Offender given a caution,
85c1bcd726fc98d3eb1a692467ea9c4a6a61b2c0aa587741d7961343a69cc985,2014-05,Cheshire Constabulary,Cheshire Constabulary,-2.383425,53.305734,On or near Ladies Mile,E01018606,Cheshire East 010C,Other theft,Investigation complete; no suspect identified,
e3648ee5eff92f66375fdb5015ebc33383401c2cdbaaac3c502aaeb162dbd9f0,2014-05,Cheshire Constabulary,Cheshire Constabulary,-2.373763,53.306043,On or near Marble Arch,E01018606,Cheshire East 010C,Public order,Awaiting court outcome,
ffbb5cb2e3d524edb1d0e9903be2e915ded02be1d01b26e1257aba006a965e4f,2014-05,Cheshire Constabulary,Cheshire Constabulary,-2.383425,53.305734,On or near Ladies Mile,E01018606,Cheshire East 010C,Public order,Under investigation,
c5c9b764e8303f3de2bd4175934dfda73e40c3b5d3d6b85c653f81b1d0517a56,2014-05,Cheshire Constabulary,Cheshire Constabulary,-2.375064,53.302012,On or near Parking Area,E01018606,Cheshire East 010C,Shoplifting,Under investigation,
5b26e9fd5ecb9b8f447b3e3dd93bfc3a3eb7d6893927d6c9043c32d3f9a04558,2014-05,Cheshire Constabulary,Cheshire Constabulary,-2.375064,53.302012,On or near Parking Area,E01018606,Cheshire East 010C,Shoplifting,Under investigation,
fac7ad31921b11470f921331bac311de9ccc0a1349748b686b2dd61532a71265,2014-05,Cheshire Constabulary,Cheshire Constabulary,-2.374464,53.303821,On or near Supermarket,E01018606,Cheshire East 010C,Shoplifting,Under investigation,
5b279a3565478ff4a256136d88bcd104fbd77cece4fb4edc985c4843f6917da3,2014-05,Cheshire Constabulary,Cheshire Constabulary,-2.374464,53.303821,On or near Supermarket,E01018606,Cheshire East 010C,Shoplifting,Unable to prosecute suspect,
af7cf615286bfbbe9137e3d936aa6200860b69bb0b57e17b0bdff38cc5e70eb0,2014-05,Cheshire Constabulary,Cheshire Constabulary,-2.375064,53.302012,On or near Parking Area,E01018606,Cheshire East 010C,Shoplifting,Awaiting court outcome,
2126388ba62b5543df5177b72356f77f9e34e6c0e3cb0b11ab5353b9313d3c06,2014-05,Cheshire Constabulary,Cheshire Constabulary,-2.374464,53.303821,On or near Supermarket,E01018606,Cheshire East 010C,Theft from the person,Awaiting court outcome,
9994b306486222a721d7efb91824cb4aeab6e32d486e6cdd1fdc2f4a16ccb952,2014-05,Cheshire Constabulary,Cheshire Constabulary,-2.383810,53.303513,On or near Northwich Road,E01018606,Cheshire East 010C,Theft from the person,Investigation complete; no suspect identified,
cdf7cff613bebc175dc79544620699e3e96ea86e88e8e16489c256af8bfd38d3,2014-05,Cheshire Constabulary,Cheshire Constabulary,-2.373331,53.304589,On or near King Street,E01018606,Cheshire East 010C,Violence and sexual offences,Under investigation,
7747ebb1c20027fcc6f93f3e13688a9d12fd9dcfaa2b97205233c99d84aedf63,2014-05,Cheshire Constabulary,Cheshire Constabulary,-2.373331,53.304589,On or near King Street,E01018606,Cheshire East 010C,Violence and sexual offences,Under investigation,
ab3b0f7c909b8352ca492d6672c568b66f7781a70b03a9694f526a570978fc50,2014-05,Cheshire Constabulary,Cheshire Constabulary,-2.372397,53.292115,On or near Highland Way,E01018607,Cheshire East 010D,Criminal damage and arson,Under investigation,
beae04449b162b2da35d32bf37ae1235c894b75da8fee5adf4cb469f2ba30e3c,2014-05,Cheshire Constabulary,Cheshire Constabulary,-2.367828,53.292929,On or near Rowley Way,E01018607,Cheshire East 010D,Other theft,Investigation complete; no suspect identified,
5c1371be548ab37494023d58852a6c3bca18333d2b37dda25e950170084071e7,2014-05,Cheshire Constabulary,Cheshire Constabulary,-2.362962,53.292279,On or near Lovat Drive,E01018607,Cheshire East 010D,Vehicle crime,Investigation complete; no suspect identified,
4de9cea51676f37f58bf3a9ee28a79cbc98f45094c817072a49794ca58171f4d,2014-05,Cheshire Constabulary,Cheshire Constabulary,-2.372397,53.292115,On or near Highland Way,E01018607,Cheshire East 010D,Violence and sexual offences,Under investigation,
b1bc3706f2c018de7caddddb0b0ad9bc9410a3aa8db25728cf6cb44234024e95,2014-05,Cheshire Constabulary,Cheshire Constabulary,-2.372397,53.292115,On or near Highland Way,E01018607,Cheshire East 010D,Violence and sexual offences,Under investigation,
,2014-05,Cheshire Constabulary,Cheshire Constabulary,-2.371518,53.301556,On or near Adams Hill,E01018608,Cheshire East 010E,Anti-social behaviour,,
,2014-05,Cheshire Constabulary,Cheshire Constabulary,-2.361878,53.298979,On or near Buckingham Drive,E01018608,Cheshire East 010E,Anti-social behaviour,,
,2014-05,Cheshire Constabulary,Cheshire Constabulary,-2.161197,53.271267,On or near Sports/Recreation Area,E01018666,Cheshire East 011A,Anti-social behaviour,,
089d8c87dbada46ec42b68e896c89149872ba535083da6d1b9c08c369340bd5b,2014-05,Cheshire Constabulary,Cheshire Constabulary,-2.137981,53.288518,On or near Heybridge Lane,E01018666,Cheshire East 011A,Burglary,Investigation complete; no suspect identified,
,2014-05,Cheshire Constabulary,Cheshire Constabulary,-2.190959,53.304580,On or near Rushton Fold,E01018667,Cheshire East 011B,Anti-social behaviour,,
a4f46fe576376872a9b36332a0599958daf72774f483b4e8bc379d6e74f19368,2014-05,Cheshire Constabulary,Cheshire Constabulary,-2.150018,53.286319,On or near Ashbrook Drive,E01018667,Cheshire East 011B,Burglary,Investigation complete; no suspect identified,
ffb6e24899f66f0274d360892d53748d640ce93b0985c3068717d6dc02ab5235,2014-05,Cheshire Constabulary,Cheshire Constabulary,-2.151439,53.289176,On or near The Village,E01018667,Cheshire East 011B,Criminal damage and arson,Investigation complete; no suspect identified,
036d21e941ea679fac8ae7956ed9e52150954cb6e622ee0d425bc15709e5210f,2014-05,Cheshire Constabulary,Cheshire Constabulary,-2.172414,53.323691,On or near Wilmslow Road,E01018667,Cheshire East 011B,Other theft,Investigation complete; no suspect identified,
0fe6220cdd4086d996e43c3f78fe908cc460af2ced04d22964de7c05793b7726,2014-05,Cheshire Constabulary,Cheshire Constabulary,-2.172414,53.323691,On or near Wilmslow Road,E01018667,Cheshire East 011B,Other theft,Investigation complete; no suspect identified,
1c302137cf1277681c273d0b3379c79486c3f9a773f77230ed92f053e5eca2a6,2014-05,Cheshire Constabulary,Cheshire Constabulary,-2.185876,53.295042,On or near Oak Road,E01018667,Cheshire East 011B,Other theft,Investigation complete; no suspect identified,
be6237954e5c0aad06e41be647bef3523ebe817abbfa4278a92f7a8c5484264b,2014-05,Cheshire Constabulary,Cheshire Constabulary,-2.154785,53.310313,On or near Bonis Hall Lane,E01018667,Cheshire East 011B,Vehicle crime,Investigation complete; no suspect identified,
,2014-05,Cheshire Constabulary,Cheshire Constabulary,-2.104262,53.338620,On or near Narrow Lane,E01018668,Cheshire East 011C,Anti-social behaviour,,
632f2246285a35423d34f1572df50c544e9503baa68ee81ac60c9698904e6d33,2014-05,Cheshire Constabulary,Cheshire Constabulary,-2.143239,53.322229,On or near Mill Lane,E01018668,Cheshire East 011C,Burglary,Under investigation,
e671682144922ff078d950b6d0c84791b30cc1553f5c9ede2ae9825b8ebec8f2,2014-05,Cheshire Constabulary,Cheshire Constabulary,-2.134830,53.288441,On or near Oakwood Drive,E01018668,Cheshire East 011C,Burglary,Investigation complete; no suspect identified,
2ddff53e479216a7be2bd68087e4fa4381dc8d7752b07e809385adaa77940d04,2014-05,Cheshire Constabulary,Cheshire Constabulary,-2.134474,53.294482,On or near Lincombe Hey,E01018668,Cheshire East 011C,Other theft,Investigation complete; no suspect identified,
b381cd3a5caeb741e9ea072d85c8533912b9741f6b8fc1c254ed344c0aa62056,2014-05,Cheshire Constabulary,Cheshire Constabulary,-2.133137,53.337099,On or near Adlington Park,E01018668,Cheshire East 011C,Vehicle crime,Under investigation,
c10f7015992dd5b2273c99bf308a41ad68a4cca9778c08ac37361f051b4515c0,2014-05,Cheshire Constabulary,Cheshire Constabulary,-2.134474,53.294482,On or near Lincombe Hey,E01018668,Cheshire East 011C,Violence and sexual offences,Awaiting court outcome,
,2014-05,Cheshire Constabulary,Cheshire Constabulary,-2.241106,53.298547,On or near Meddings Close,E01018572,Cheshire East 012A,Anti-social behaviour,,
,2014-05,Cheshire Constabulary,Cheshire Constabulary,-2.236734,53.305585,On or near Lynton Lane,E01018572,Cheshire East 012A,Anti-social behaviour,,
,2014-05,Cheshire Constabulary,Cheshire Constabulary,-2.242490,53.301834,On or near Windermere Drive,E01018572,Cheshire East 012A,Anti-social behaviour,,
dd40e2d79ca71ab5ffeaf57c6cd6ea1ae3e7f11e580304e74c940089a168337f,2014-05,Cheshire Constabulary,Cheshire Constabulary,-2.254452,53.309899,On or near Russet Way,E01018572,Cheshire East 012A,Burglary,Investigation complete; no suspect identified,
9fa018eb479701094a23332384fe8af44f4c255fe9bb054816e57ca89a817078,2014-05,Cheshire Constabulary,Cheshire Constabulary,-2.255114,53.310159,On or near Knutsford Road,E01018572,Cheshire East 012A,Burglary,Awaiting court outcome,
52403afc2caf00f26d3c64e08c6e56a2910945a43f3680996aeaa33b191e16f7,2014-05,Cheshire Constabulary,Cheshire Constabulary,-2.240580,53.303636,On or near Meadow Brow,E01018572,Cheshire East 012A,Burglary,Investigation complete; no suspect identified,
fbced6a0ca5959510a24d4ca024a3f9caa635debccf45d3e39a5cd2a8977ebb1,2014-05,Cheshire Constabulary,Cheshire Constabulary,-2.240580,53.303636,On or near Meadow Brow,E01018572,Cheshire East 012A,Burglary,Under investigation,
d6c706d1ed2dbc567b2f907e26cd820f9848e46d720fc8e958ac831242c8ce0d,2014-05,Cheshire Constabulary,Cheshire Constabulary,-2.240580,53.303636,On or near Meadow Brow,E01018572,Cheshire East 012A,Criminal damage and arson,Local resolution,
748cc5044806aef4d6c027f0c76058a0acee5cd6e0c94da786884473e659e258,2014-05,Cheshire Constabulary,Cheshire Constabulary,-2.255114,53.310159,On or near Knutsford Road,E01018572,Cheshire East 012A,Criminal damage and arson,Investigation complete; no suspect identified,
,2014-05,Cheshire Constabulary,Cheshire Constabulary,-2.234260,53.297671,On or near West Bank,E01018573,Cheshire East 012B,Anti-social behaviour,,
ce6cfec772dd21b6848138e035601009580fd127a02298f939c98e0eb62fe5a4,2014-05,Cheshire Constabulary,Cheshire Constabulary,-2.227270,53.300876,On or near Swiss Hill,E01018573,Cheshire East 012B,Burglary,Awaiting court outcome,
,2014-05,Cheshire Constabulary,Cheshire Constabulary,-2.236527,53.300660,On or near Chapel Street,E01018574,Cheshire East 012C,Anti-social behaviour,,
,2014-05,Cheshire Constabulary,Cheshire Constabulary,-2.236527,53.300660,On or near Chapel Street,E01018574,Cheshire East 012C,Anti-social behaviour,,
,2014-05,Cheshire Constabulary,Cheshire Constabulary,-2.236994,53.311886,On or near Alderley Road,E01018574,Cheshire East 012C,Anti-social behaviour,,
,2014-05,Cheshire Constabulary,Cheshire Constabulary,-2.230711,53.307395,On or near Heywood Road,E01018574,Cheshire East 012C,Anti-social behaviour,,
,2014-05,Cheshire Constabulary,Cheshire Constabulary,-2.236755,53.301226,On or near Brown Street,E01018574,Cheshire East 012C,Anti-social behaviour,,
,2014-05,Cheshire Constabulary,Cheshire Constabulary,-2.236994,53.311886,On or near Alderley Road,E01018574,Cheshire East 012C,Anti-social behaviour,,
be4490f36eb22d6a02a50ef34cc4472cf4227965fca941046bcaebe805a8a599,2014-05,Cheshire Constabulary,Cheshire Constabulary,-2.236755,53.301226,On or near Brown Street,E01018574,Cheshire East 012C,Drugs,Offender given a drugs possession warning,
4629f027fe2ee30d783f4b7d4bffc9106f6d1f5de13ba9051d53e6c52b83f744,2014-05,Cheshire Constabulary,Cheshire Constabulary,-2.236994,53.311886,On or near Alderley Road,E01018574,Cheshire East 012C,Drugs,Offender given a drugs possession warning,
8410e05b172a604220bf59ed668824730dabdfa7a14007d4cbc7791a5248a5d2,2014-05,Cheshire Constabulary,Cheshire Constabulary,-2.232256,53.307221,On or near Elmfield Close,E01018574,Cheshire East 012C,Other theft,Investigation complete; no suspect identified,
4d26b14d4f529bb80ddf6c6d5f316e57420879f6f0bbd3f9bfbbcc5e3d7f8ea1,2014-05,Cheshire Constabulary,Cheshire Constabulary,-2.236537,53.302476,On or near Parking Area,E01018574,Cheshire East 012C,Other theft,Investigation complete; no suspect identified,
0d2266a76f607a839e446332a757dd3ff2bbc4a7021743af3fe52b9f0fa7bce1,2014-05,Cheshire Constabulary,Cheshire Constabulary,-2.236158,53.301784,On or near London Road,E01018574,Cheshire East 012C,Other theft,Investigation complete; no suspect identified,
13fa3b8198494b8b3445c35bfcb984550c9306b8b176c8d6de3c2a29e1ad1c14,2014-05,Cheshire Constabulary,Cheshire Constabulary,-2.236358,53.300058,On or near Chorley Hall Lane,E01018574,Cheshire East 012C,Other theft,Investigation complete; no suspect identified,
ec1c20126127fc9ecb8f683730b4a282aaea04ca3e3bf1cc03afa950908f0f66,2014-05,Cheshire Constabulary,Cheshire Constabulary,-2.236755,53.301226,On or near Brown Street,E01018574,Cheshire East 012C,Public order,Under investigation,
d2eb9cd6b12a8527d024e712b0d12500c3a986d72928ee539d895a24b52d61ef,2014-05,Cheshire Constabulary,Cheshire Constabulary,-2.236527,53.300660,On or near Chapel Street,E01018574,Cheshire East 012C,Public order,Under investigation,
6f713dfb78af7d34b820a2121c2f6f25a3309cddc39663c0f87700376476c3af,2014-05,Cheshire Constabulary,Cheshire Constabulary,-2.236755,53.301226,On or near Brown Street,E01018574,Cheshire East 012C,Violence and sexual offences,Investigation complete; no suspect identified,
,2014-05,Cheshire Constabulary,Cheshire Constabulary,-2.273409,53.263134,On or near Holmes Chapel Road,E01018580,Cheshire East 012D,Anti-social behaviour,,
0fcc9b2804a0933036bf02af74fa590d1ec7b8811d6664c3d6e168e80669fda8,2014-05,Cheshire Constabulary,Cheshire Constabulary,-2.297828,53.303660,On or near Faulkner'S Lane,E01018580,Cheshire East 012D,Burglary,Investigation complete; no suspect identified,
75ddf130a448c5be0e05623271932128cc53d7f2a12dd8323f13f430014904d2,2014-05,Cheshire Constabulary,Cheshire Constabulary,-2.226064,53.282829,On or near Hocker Lane,E01018580,Cheshire East 012D,Burglary,Under investigation,
afc2c4d0cf3603a46fea54d78c1450137b19ba7916ed5e16414ded6adf3a8ebb,2014-05,Cheshire Constabulary,Cheshire Constabulary,-2.235861,53.264329,On or near Petrol Station,E01018580,Cheshire East 012D,Other theft,Investigation complete; no suspect identified,
a9e55dc6381365d5807ee2c5c599fd9c81ad529e49063be0a10ac871dc4c25d8,2014-05,Cheshire Constabulary,Cheshire Constabulary,-2.297828,53.303660,On or near Faulkner'S Lane,E01018580,Cheshire East 012D,Other theft,Under investigation,
,2014-05,Cheshire Constabulary,Cheshire Constabulary,-2.287995,53.260798,On or near Peover Lane,E01018581,Cheshire East 012E,Anti-social behaviour,,
40b71baf463dbea059fcd4309d4c8439b23d5c723aeafe592661165c8340475b,2014-05,Cheshire Constabulary,Cheshire Constabulary,-2.282510,53.272371,On or near Elmstead Road,E01018581,Cheshire East 012E,Criminal damage and arson,Unable to prosecute suspect,
,2014-05,Cheshire Constabulary,Cheshire Constabulary,-2.103623,53.298477,On or near Round Gardens,E01018575,Cheshire East 013A,Anti-social behaviour,,
,2014-05,Cheshire Constabulary,Cheshire Constabulary,-2.103623,53.298477,On or near Round Gardens,E01018575,Cheshire East 013A,Anti-social behaviour,,
,2014-05,Cheshire Constabulary,Cheshire Constabulary,-2.103623,53.298477,On or near Round Gardens,E01018575,Cheshire East 013A,Anti-social behaviour,,
,2014-05,Cheshire Constabulary,Cheshire Constabulary,-2.108228,53.291983,On or near Clough Bank,E01018575,Cheshire East 013A,Anti-social behaviour,,
,2014-05,Cheshire Constabulary,Cheshire Constabulary,-2.103623,53.298477,On or near Round Gardens,E01018575,Cheshire East 013A,Anti-social behaviour,,
,2014-05,Cheshire Constabulary,Cheshire Constabulary,-2.110246,53.294857,On or near Supermarket,E01018575,Cheshire East 013A,Anti-social behaviour,,
,2014-05,Cheshire Constabulary,Cheshire Constabulary,-2.108228,53.291983,On or near Clough Bank,E01018575,Cheshire East 013A,Anti-social behaviour,,
,2014-05,Cheshire Constabulary,Cheshire Constabulary,-2.110246,53.294857,On or near Supermarket,E01018575,Cheshire East 013A,Anti-social behaviour,,
e650b35d4b7303dc0d8b1507bec2aa3966b0d46707560fa8381db100b2e977a1,2014-05,Cheshire Constabulary,Cheshire Constabulary,-2.110246,53.294857,On or near Supermarket,E01018575,Cheshire East 013A,Criminal damage and arson,Awaiting court outcome,
2662167868b18f9c8fdf36ad44902fa2fcf6ee7a89c710404e7f3044e4aecd58,2014-05,Cheshire Constabulary,Cheshire Constabulary,-2.108228,53.291983,On or near Clough Bank,E01018575,Cheshire East 013A,Criminal damage and arson,Investigation complete; no suspect identified,
9093f32b20fc7a92e925f7bf8ac924a3abf6559b192fba13d369e0f03d9c46b7,2014-05,Cheshire Constabulary,Cheshire Constabulary,-2.110246,53.294857,On or near Supermarket,E01018575,Cheshire East 013A,Shoplifting,Investigation complete; no suspect identified,
,2014-05,Cheshire Constabulary,Cheshire Constabulary,-2.099531,53.300053,On or near Clarence Road,E01018576,Cheshire East 013B,Anti-social behaviour,,
,2014-05,Cheshire Constabulary,Cheshire Constabulary,-2.096239,53.297503,On or near Store Street,E01018576,Cheshire East 013B,Anti-social behaviour,,
,2014-05,Cheshire Constabulary,Cheshire Constabulary,-2.099531,53.300053,On or near Clarence Road,E01018576,Cheshire East 013B,Anti-social behaviour,,
,2014-05,Cheshire Constabulary,Cheshire Constabulary,-2.101792,53.291701,On or near Dean Close,E01018577,Cheshire East 013C,Anti-social behaviour,,
,2014-05,Cheshire Constabulary,Cheshire Constabulary,-2.098569,53.292773,On or near Jacksons Close,E01018577,Cheshire East 013C,Anti-social behaviour,,
,2014-05,Cheshire Constabulary,Cheshire Constabulary,-2.101244,53.294955,On or near Ward Avenue,E01018577,Cheshire East 013C,Anti-social behaviour,,
cdfd8721ed0622b4361403497f6005a3430bbb85dd90eb8d20bcda5b6e87ef6a,2014-05,Cheshire Constabulary,Cheshire Constabulary,-2.094582,53.294376,On or near Adshead Court,E01018577,Cheshire East 013C,Criminal damage and arson,Under investigation,
aa840aa9a48a2ab2b7031f9a1a5e81ed486437681bd20eb02f0bb4d0c056a8d4,2014-05,Cheshire Constabulary,Cheshire Constabulary,-2.091406,53.296581,On or near Lowther Street,E01018577,Cheshire East 013C,Other theft,Investigation complete; no suspect identified,
abc49344ac611aa41f77157eb8a5406eda518808d91c9543d4679f2d0137c83a,2014-05,Cheshire Constabulary,Cheshire Constabulary,-2.105334,53.292273,On or near Endon Avenue,E01018577,Cheshire East 013C,Other theft,Unable to prosecute suspect,
700b9b70f9cf177a3f89c06e0df1cb17c2e3ded02c9c7a89ca0ffdd3c174ef4b,2014-05,Cheshire Constabulary,Cheshire Constabulary,-2.098569,53.292773,On or near Jacksons Close,E01018577,Cheshire East 013C,Public order,Under investigation,
318466c7dcce7aee944de55205af08aed017cd5b2b2843c2798a68a1cc1d8c6a,2014-05,Cheshire Constabulary,Cheshire Constabulary,-2.101792,53.291701,On or near Dean Close,E01018577,Cheshire East 013C,Violence and sexual offences,Unable to prosecute suspect,
a304e7ab8dac7f6293ec92028e9cdb9a95127889e9f1afce50a5593d94ca32d0,2014-05,Cheshire Constabulary,Cheshire Constabulary,-2.091108,53.297732,On or near Harrop Road,E01018577,Cheshire East 013C,Violence and sexual offences,Unable to prosecute suspect,
,2014-05,Cheshire Constabulary,Cheshire Constabulary,-2.119294,53.295217,On or near Ridley Road,E01018578,Cheshire East 013D,Anti-social behaviour,,
,2014-05,Cheshire Constabulary,Cheshire Constabulary,-2.119294,53.295217,On or near Ridley Road,E01018578,Cheshire East 013D,Anti-social behaviour,,
,2014-05,Cheshire Constabulary,Cheshire Constabulary,-2.120716,53.288825,On or near Bollington Road,E01018579,Cheshire East 013E,Anti-social behaviour,,
b07d33cc7e5b4eac370b7c5cc8b11608a3a8beb120309daefc6a1b2ee6eb2dcd,2014-05,Cheshire Constabulary,Cheshire Constabulary,-2.118978,53.289689,On or near Windsor Close,E01018579,Cheshire East 013E,Drugs,Offender given a caution,
686903e86d63fd75a87797f261cc93c3a3234a4a61ddce2876b816df7bb415bc,2014-05,Cheshire Constabulary,Cheshire Constabulary,-2.119866,53.290542,On or near Kingsway,E01018579,Cheshire East 013E,Other theft,Under investigation,
,2014-05,Cheshire Constabulary,Cheshire Constabulary,-2.130794,53.273228,On or near Ryebank Way,E01018642,Cheshire East 014B,Anti-social behaviour,,
,2014-05,Cheshire Constabulary,Cheshire Constabulary,-2.130794,53.273228,On or near Ryebank Way,E01018642,Cheshire East 014B,Anti-social behaviour,,
2785c17e09150145e6e64dc53756bae6fb4f1c51d8696389a9ff4cd56edcbf4c,2014-05,Cheshire Constabulary,Cheshire Constabulary,-2.135383,53.273645,On or near Farmfield Drive,E01018642,Cheshire East 014B,Bicycle theft,Investigation complete; no suspect identified,
,2014-05,Cheshire Constabulary,Cheshire Constabulary,-2.125332,53.282348,On or near Tytherington Lane,E01018643,Cheshire East 014C,Anti-social behaviour,,
,2014-05,Cheshire Constabulary,Cheshire Constabulary,-2.133728,53.276397,On or near Sandwich Drive,E01018643,Cheshire East 014C,Anti-social behaviour,,
543807e602ff2c29a91ad3d2231259d2bab16afbbf6fd2bbc806b4752d578e36,2014-05,Cheshire Constabulary,Cheshire Constabulary,-2.131598,53.276454,On or near Hexham Way,E01018643,Cheshire East 014C,Burglary,Investigation complete; no suspect identified,
853c34a745ab0daaa7cdae2f0c6366179e091aa1ebbf6ead4c3a57d08a21aa2f,2014-05,Cheshire Constabulary,Cheshire Constabulary,-2.138521,53.279250,On or near Chorleywood Close,E01018643,Cheshire East 014C,Burglary,Under investigation,
c544c71aeefe90c0055e83e2c91c5cbcde1e4271388bbebdae26f488df1fa212,2014-05,Cheshire Constabulary,Cheshire Constabulary,-2.128718,53.281194,On or near Carnoustie Drive,E01018643,Cheshire East 014C,Criminal damage and arson,Investigation complete; no suspect identified,
,2014-05,Cheshire Constabulary,Cheshire Constabulary,-2.128200,53.273437,On or near Bluebell Mews,E01018644,Cheshire East 014D,Anti-social behaviour,,
,2014-05,Cheshire Constabulary,Cheshire Constabulary,-2.130803,53.271502,On or near Lavenham Close,E01018644,Cheshire East 014D,Anti-social behaviour,,
561e40f007fcd918be1c374ac70c1c0c8682c388303f48556bdcc84346af5638,2014-05,Cheshire Constabulary,Cheshire Constabulary,-2.127395,53.275074,On or near Shopping Area,E01018644,Cheshire East 014D,Burglary,Under investigation,
3e72d1352516ff91c8d4e1b7072e9bdae6b2aaaa6183139f821f942ad54a2f96,2014-05,Cheshire Constabulary,Cheshire Constabulary,-2.127395,53.275074,On or near Shopping Area,E01018644,Cheshire East 014D,Shoplifting,Under investigation,
628a843eadc0dba5575ddfd47ef21ed82e82f94f689e76c0274b518143aa1254,2014-05,Cheshire Constabulary,Cheshire Constabulary,-2.127099,53.276207,On or near Oldhams Rise,E01018644,Cheshire East 014D,Vehicle crime,Investigation complete; no suspect identified,
,2014-05,Cheshire Constabulary,Cheshire Constabulary,-2.156799,53.262032,On or near Shelbourne Mews,E01018614,Cheshire East 015A,Anti-social behaviour,,
,2014-05,Cheshire Constabulary,Cheshire Constabulary,-2.155026,53.260884,On or near Kennet Way,E01018614,Cheshire East 015A,Anti-social behaviour,,
,2014-05,Cheshire Constabulary,Cheshire Constabulary,-2.155026,53.260884,On or near Kennet Way,E01018614,Cheshire East 015A,Anti-social behaviour,,
,2014-05,Cheshire Constabulary,Cheshire Constabulary,-2.159404,53.269112,On or near Friars Way,E01018618,Cheshire East 015B,Anti-social behaviour,,
,2014-05,Cheshire Constabulary,Cheshire Constabulary,-2.160057,53.267367,On or near Priory Lane,E01018618,Cheshire East 015B,Anti-social behaviour,,
,2014-05,Cheshire Constabulary,Cheshire Constabulary,-2.158079,53.267550,On or near Durham Close,E01018618,Cheshire East 015B,Anti-social behaviour,,
,2014-05,Cheshire Constabulary,Cheshire Constabulary,-2.158656,53.265427,On or near Keats Drive,E01018618,Cheshire East 015B,Anti-social behaviour,,
,2014-05,Cheshire Constabulary,Cheshire Constabulary,-2.158325,53.265095,On or near Priory Court,E01018618,Cheshire East 015B,Anti-social behaviour,,
,2014-05,Cheshire Constabulary,Cheshire Constabulary,-2.156735,53.269160,On or near Donagh Close,E01018618,Cheshire East 015B,Anti-social behaviour,,
40137cc65ea28ae526aa934e802feba9beba89161df54b39aea6bf43b43f88a9,2014-05,Cheshire Constabulary,Cheshire Constabulary,-2.160057,53.267367,On or near Priory Lane,E01018618,Cheshire East 015B,Other theft,Investigation complete; no suspect identified,
183bb3699812eef08c9d404becce287e999941ff6e4e19940baad32701cd40f1,2014-05,Cheshire Constabulary,Cheshire Constabulary,-2.159140,53.266748,On or near Cornwall Close,E01018618,Cheshire East 015B,Other theft,Under investigation,
f8a375bffcd7589fd09a2f188cf8f4fedbb80608137a4afc10085c92b025aa03,2014-05,Cheshire Constabulary,Cheshire Constabulary,-2.160057,53.267367,On or near Priory Lane,E01018618,Cheshire East 015B,Other theft,Investigation complete; no suspect identified,
74880504e0a9ec0a5dfdc38b3a269631d6089b091df0cbe4ad34dd4d18497c02,2014-05,Cheshire Constabulary,Cheshire Constabulary,-2.160322,53.266036,On or near Birchgate Close,E01018618,Cheshire East 015B,Violence and sexual offences,Unable to prosecute suspect,
1c15d855fe1d6cbddd198a6fecbee3b31d8dbb49733ee617d384b58e1d007796,2014-05,Cheshire Constabulary,Cheshire Constabulary,-2.164542,53.259891,On or near Broken Cross,E01018619,Cheshire East 015C,Violence and sexual offences,Unable to prosecute suspect,
bed1a7937aa029e56720e2694cd2dd4cb3407e75fb34d0469225457bbdb9affc,2014-05,Cheshire Constabulary,Cheshire Constabulary,-2.164542,53.259891,On or near Broken Cross,E01018619,Cheshire East 015C,Violence and sexual offences,Awaiting court outcome,
,2014-05,Cheshire Constabulary,Cheshire Constabulary,-2.153832,53.270647,On or near Stirling Close,E01018620,Cheshire East 015D,Anti-social behaviour,,
f657ab2cdc15aecff77e0aeeb882b24846e66f52fcab52b1ec8e315cea79226e,2014-05,Cheshire Constabulary,Cheshire Constabulary,-2.153699,53.267007,On or near Brookhouse Close,E01018620,Cheshire East 015D,Criminal damage and arson,Investigation complete; no suspect identified,
ba6c9f149b5bef80b57ed149502eb1cb9c9e972a2276fff793bd645e05bcd44e,2014-05,Cheshire Constabulary,Cheshire Constabulary,-2.154347,53.267851,On or near Parking Area,E01018620,Cheshire East 015D,Other theft,Under investigation,
2b882449ef3ec7cb0df48062dc0195799e49cfab4190f96e16b83a2f865327ca,2014-05,Cheshire Constabulary,Cheshire Constabulary,-2.154588,53.268147,On or near Supermarket,E01018620,Cheshire East 015D,Shoplifting,Under investigation,
58fcc03fa0c378eb67674eaef4d2f522f4a08ea4750396057845d12c76bfc553,2014-05,Cheshire Constabulary,Cheshire Constabulary,-2.153561,53.266126,On or near Portford Close,E01018620,Cheshire East 015D,Violence and sexual offences,Under investigation,
61cbc40477e59c5da0a18541114e29e890767d831072a984f8eadc81641818e9,2014-05,Cheshire Constabulary,Cheshire Constabulary,-2.153561,53.266126,On or near Portford Close,E01018620,Cheshire East 015D,Violence and sexual offences,Unable to prosecute suspect,
94713f6982edd7b400d3d859d4ce6f8c179ad6b90054cdb57e03ab21c70b9461,2014-05,Cheshire Constabulary,Cheshire Constabulary,-2.154810,53.267446,On or near Kennedy Avenue,E01018620,Cheshire East 015D,Violence and sexual offences,Under investigation,
,2014-05,Cheshire Constabulary,Cheshire Constabulary,-2.106321,53.260991,On or near Park/Open Space,E01018626,Cheshire East 016A,Anti-social behaviour,,
,2014-05,Cheshire Constabulary,Cheshire Constabulary,-2.116746,53.257764,On or near Hallefield Crescent,E01018626,Cheshire East 016A,Anti-social behaviour,,
,2014-05,Cheshire Constabulary,Cheshire Constabulary,-2.118732,53.255218,On or near Knight'S Close,E01018626,Cheshire East 016A,Anti-social behaviour,,
,2014-05,Cheshire Constabulary,Cheshire Constabulary,-2.113675,53.258701,On or near William Street,E01018626,Cheshire East 016A,Anti-social behaviour,,
,2014-05,Cheshire Constabulary,Cheshire Constabulary,-2.120121,53.258497,On or near Canal Street,E01018626,Cheshire East 016A,Anti-social behaviour,,
,2014-05,Cheshire Constabulary,Cheshire Constabulary,-2.119880,53.258372,On or near Green Street,E01018626,Cheshire East 016A,Anti-social behaviour,,
,2014-05,Cheshire Constabulary,Cheshire Constabulary,-2.119880,53.258372,On or near Green Street,E01018626,Cheshire East 016A,Anti-social behaviour,,
,2014-05,Cheshire Constabulary,Cheshire Constabulary,-2.118732,53.255218,On or near Knight'S Close,E01018626,Cheshire East 016A,Anti-social behaviour,,
5032c4151a1cb83ec3295012bf8b713d053da69734e936b11b97caef17a3102f,2014-05,Cheshire Constabulary,Cheshire Constabulary,-2.112948,53.255673,On or near Canal Side,E01018626,Cheshire East 016A,Bicycle theft,Investigation complete; no suspect identified,
3ed6c33f4f655eb1d53168f2268407048d6393dc8a84067e4160e22757fa3833,2014-05,Cheshire Constabulary,Cheshire Constabulary,-2.119030,53.254265,On or near Knight Street,E01018626,Cheshire East 016A,Burglary,Under investigation,
9e7bb09646c829fbd6c1caf33749c625f914f3a6dae5669b6aff884df91b8e72,2014-05,Cheshire Constabulary,Cheshire Constabulary,-2.110101,53.256251,On or near Capesthorne Way,E01018626,Cheshire East 016A,Criminal damage and arson,Unable to prosecute suspect,
cac9f5f375a9519f2d300d574aa3345070e9c3472ddd7dab2e27e8d2e2b23d70,2014-05,Cheshire Constabulary,Cheshire Constabulary,-2.118397,53.258634,On or near Fountain Street,E01018626,Cheshire East 016A,Criminal damage and arson,Investigation complete; no suspect identified,
dc87cbc6bc38958aa53e193351edff5ba79bf7ec38a72c606bb6114385b2e9be,2014-05,Cheshire Constabulary,Cheshire Constabulary,-2.115403,53.259940,On or near Lime Grove,E01018626,Cheshire East 016A,Criminal damage and arson,Investigation complete; no suspect identified,
fc012c626342f721b5dd164afe6d5d567903f5bc1a7ac73c017ade7c1105ce26,2014-05,Cheshire Constabulary,Cheshire Constabulary,-2.119880,53.258372,On or near Green Street,E01018626,Cheshire East 016A,Other theft,Under investigation,
932d40ceb2a1046d5cf0ccf98c5cb65a45510d5b8c8a52b235de119bc0b128d2,2014-05,Cheshire Constabulary,Cheshire Constabulary,-2.118679,53.257663,On or near St Paul'S Road,E01018626,Cheshire East 016A,Other theft,Under investigation,
6bb45822e011d2721fc3b22682af676a63b6950398ca26b7b5038826cc47f4a4,2014-05,Cheshire Constabulary,Cheshire Constabulary,-2.118679,53.257663,On or near St Paul'S Road,E01018626,Cheshire East 016A,Vehicle crime,Investigation complete; no suspect identified,
622c89445bfa9f8ef6884c42f7be3c8c35c001a323522d3066b1cdeb867da8f0,2014-05,Cheshire Constabulary,Cheshire Constabulary,-2.113675,53.258701,On or near William Street,E01018626,Cheshire East 016A,Violence and sexual offences,Awaiting court outcome,
5e04d8aa7bbda88a28d8d897be674a67380996a22971ea1d2b70ae1a8847969f,2014-05,Cheshire Constabulary,Cheshire Constabulary,-2.119030,53.254265,On or near Knight Street,E01018626,Cheshire East 016A,Violence and sexual offences,Awaiting court outcome,
,2014-05,Cheshire Constabulary,Cheshire Constabulary,-2.111211,53.256438,On or near Brynmore Drive,E01018628,Cheshire East 016B,Anti-social behaviour,,
,2014-05,Cheshire Constabulary,Cheshire Constabulary,-2.105469,53.255779,On or near South Acre Drive,E01018628,Cheshire East 016B,Anti-social behaviour,,
1a111d5bcd8287834e5a384171a8559e0de7db07a4895e3b4b5c24e68498089f,2014-05,Cheshire Constabulary,Cheshire Constabulary,-2.102659,53.253012,On or near Stoneyfold Lane,E01018628,Cheshire East 016B,Criminal damage and arson,Investigation complete; no suspect identified,
0f0df3a62d72fa7379bc336029d51150a41926c07de4fab223b906555ac7b87a,2014-05,Cheshire Constabulary,Cheshire Constabulary,-2.105469,53.255779,On or near South Acre Drive,E01018628,Cheshire East 016B,Vehicle crime,Investigation complete; no suspect identified,
,2014-05,Cheshire Constabulary,Cheshire Constabulary,-2.122550,53.264077,On or near Supermarket,E01018629,Cheshire East 016C,Anti-social behaviour,,
,2014-05,Cheshire Constabulary,Cheshire Constabulary,-2.118460,53.270616,On or near Mottram Way,E01018629,Cheshire East 016C,Anti-social behaviour,,
,2014-05,Cheshire Constabulary,Cheshire Constabulary,-2.118591,53.263829,On or near Adelaide Street,E01018629,Cheshire East 016C,Anti-social behaviour,,
,2014-05,Cheshire Constabulary,Cheshire Constabulary,-2.121162,53.260923,On or near King Street,E01018629,Cheshire East 016C,Anti-social behaviour,,
,2014-05,Cheshire Constabulary,Cheshire Constabulary,-2.121162,53.260923,On or near King Street,E01018629,Cheshire East 016C,Anti-social behaviour,,
,2014-05,Cheshire Constabulary,Cheshire Constabulary,-2.120226,53.264151,On or near Garden Street,E01018629,Cheshire East 016C,Anti-social behaviour,,
,2014-05,Cheshire Constabulary,Cheshire Constabulary,-2.122498,53.261650,On or near Gas Road,E01018629,Cheshire East 016C,Anti-social behaviour,,
,2014-05,Cheshire Constabulary,Cheshire Constabulary,-2.120638,53.266443,On or near Withyfold Drive,E01018629,Cheshire East 016C,Anti-social behaviour,,
,2014-05,Cheshire Constabulary,Cheshire Constabulary,-2.122550,53.264077,On or near Supermarket,E01018629,Cheshire East 016C,Anti-social behaviour,,
,2014-05,Cheshire Constabulary,Cheshire Constabulary,-2.119913,53.264763,On or near Garden Close,E01018629,Cheshire East 016C,Anti-social behaviour,,
,2014-05,Cheshire Constabulary,Cheshire Constabulary,-2.118591,53.263829,On or near Adelaide Street,E01018629,Cheshire East 016C,Anti-social behaviour,,
,2014-05,Cheshire Constabulary,Cheshire Constabulary,-2.121162,53.260923,On or near King Street,E01018629,Cheshire East 016C,Anti-social behaviour,,
,2014-05,Cheshire Constabulary,Cheshire Constabulary,-2.119008,53.262849,On or near Percyvale Street,E01018629,Cheshire East 016C,Anti-social behaviour,,
,2014-05,Cheshire Constabulary,Cheshire Constabulary,-2.119626,53.263801,On or near Steeple Street,E01018629,Cheshire East 016C,Anti-social behaviour,,
,2014-05,Cheshire Constabulary,Cheshire Constabulary,-2.119913,53.264763,On or near Garden Close,E01018629,Cheshire East 016C,Anti-social behaviour,,
,2014-05,Cheshire Constabulary,Cheshire Constabulary,-2.121162,53.260923,On or near King Street,E01018629,Cheshire East 016C,Anti-social behaviour,,
,2014-05,Cheshire Constabulary,Cheshire Constabulary,-2.118663,53.268000,On or near Queen'S Avenue,E01018629,Cheshire East 016C,Anti-social behaviour,,
,2014-05,Cheshire Constabulary,Cheshire Constabulary,-2.122550,53.264077,On or near Supermarket,E01018629,Cheshire East 016C,Anti-social behaviour,,
,2014-05,Cheshire Constabulary,Cheshire Constabulary,-2.115685,53.264425,On or near The Crescent,E01018629,Cheshire East 016C,Anti-social behaviour,,
e2731d0611a8ffc3ed23e3894571a30072ee2c97cb1258b858fd222a2759831c,2014-05,Cheshire Constabulary,Cheshire Constabulary,-2.115685,53.264425,On or near The Crescent,E01018629,Cheshire East 016C,Burglary,Investigation complete; no suspect identified,
5f4a63dcdb801ee97311f572c3972eb30aad8138468cc3f6b3980b1be4b2687a,2014-05,Cheshire Constabulary,Cheshire Constabulary,-2.118591,53.263829,On or near Adelaide Street,E01018629,Cheshire East 016C,Burglary,Unable to prosecute suspect,
8327df2941a57dcda8115feaa587644d9cf6db5b8cceacd2c9dc4536689b0f13,2014-05,Cheshire Constabulary,Cheshire Constabulary,-2.119626,53.263801,On or near Steeple Street,E01018629,Cheshire East 016C,Other theft,Unable to prosecute suspect,
5b679d837068f7666e58fdefcde9dc25832494457074e506dc35d4bffe41630c,2014-05,Cheshire Constabulary,Cheshire Constabulary,-2.120856,53.264052,On or near Black Lane,E01018629,Cheshire East 016C,Other theft,Unable to prosecute suspect,
c2a199ad6fe1433206bf99790f99fc5cc99fe8a7e18317f805c2715d43953bea,2014-05,Cheshire Constabulary,Cheshire Constabulary,-2.120226,53.264151,On or near Garden Street,E01018629,Cheshire East 016C,Other theft,Under investigation,
ff4e8784b864fdcab0e97d310ce9d7d2dd5795a4a444b1c0592519bab80f6704,2014-05,Cheshire Constabulary,Cheshire Constabulary,-2.122550,53.264077,On or near Supermarket,E01018629,Cheshire East 016C,Other theft,Under investigation,
bb1a7b7d6d54af9bb12b47493570147e967b73cdc702dd9abdbe3ed41aa3fc19,2014-05,Cheshire Constabulary,Cheshire Constabulary,-2.120856,53.264052,On or near Black Lane,E01018629,Cheshire East 016C,Public order,Awaiting court outcome,
70903601a83f6e7ea434ad77d03b319a540590fd7da921aa1950dd5d72b30bfa,2014-05,Cheshire Constabulary,Cheshire Constabulary,-2.118591,53.263829,On or near Adelaide Street,E01018629,Cheshire East 016C,Shoplifting,Investigation complete; no suspect identified,
51a59d039b73250d9f868432d25620dfc5445072c4c473cd6891354ba5ec4ff1,2014-05,Cheshire Constabulary,Cheshire Constabulary,-2.120226,53.264151,On or near Garden Street,E01018629,Cheshire East 016C,Vehicle crime,Investigation complete; no suspect identified,
c0757d1334dd211d2c6495a452a6cd9fa1cdd5d82581fe30a4ed63e74869925c,2014-05,Cheshire Constabulary,Cheshire Constabulary,-2.121162,53.260923,On or near King Street,E01018629,Cheshire East 016C,Violence and sexual offences,Awaiting court outcome,
239d7fda0392601fdc83ad043c0d6cb4d2fb8795a8762bfc0f7c064d16668340,2014-05,Cheshire Constabulary,Cheshire Constabulary,-2.119008,53.262849,On or near Percyvale Street,E01018629,Cheshire East 016C,Violence and sexual offences,Awaiting court outcome,
186b0552ae87e08d8cd968a855adb39e319088de4feeac3d27b0660437715f6e,2014-05,Cheshire Constabulary,Cheshire Constabulary,-2.113514,53.265749,On or near Masons Lane,E01018630,Cheshire East 016D,Burglary,Offender sent to prison,
a39d6baf889745e579dd9aa8f51805cc07c839c184773892ad725e771ceec76e,2014-05,Cheshire Constabulary,Cheshire Constabulary,-2.114563,53.265406,On or near Brocklehurst Avenue,E01018630,Cheshire East 016D,Criminal damage and arson,Awaiting court outcome,
67e4dacfe29ce08bba8d10f199ef9321116a76836f12885677b3bc397b099be0,2014-05,Cheshire Constabulary,Cheshire Constabulary,-2.107622,53.265844,On or near Hurdsfield Road,E01018630,Cheshire East 016D,Violence and sexual offences,Unable to prosecute suspect,
ba7a113e2f6499ca649f65359b611140fe16d24a3f7253e4e2c5bc905a09a3bc,2014-05,Cheshire Constabulary,Cheshire Constabulary,-2.113514,53.265749,On or near Masons Lane,E01018630,Cheshire East 016D,Violence and sexual offences,Awaiting court outcome,
,2014-05,Cheshire Constabulary,Cheshire Constabulary,-2.112577,53.268617,On or near Greystoke Road,E01018631,Cheshire East 016E,Anti-social behaviour,,
,2014-05,Cheshire Constabulary,Cheshire Constabulary,-2.111121,53.267809,On or near Century Way,E01018631,Cheshire East 016E,Anti-social behaviour,,
,2014-05,Cheshire Constabulary,Cheshire Constabulary,-2.113645,53.269767,On or near Balmoral Crescent,E01018631,Cheshire East 016E,Anti-social behaviour,,
,2014-05,Cheshire Constabulary,Cheshire Constabulary,-2.114544,53.269541,On or near Banbury Close,E01018631,Cheshire East 016E,Anti-social behaviour,,
,2014-05,Cheshire Constabulary,Cheshire Constabulary,-2.108558,53.268225,On or near Delamere Drive,E01018631,Cheshire East 016E,Anti-social behaviour,,
,2014-05,Cheshire Constabulary,Cheshire Constabulary,-2.109461,53.269375,On or near Sandgate Road,E01018631,Cheshire East 016E,Anti-social behaviour,,
,2014-05,Cheshire Constabulary,Cheshire Constabulary,-2.112577,53.268617,On or near Greystoke Road,E01018631,Cheshire East 016E,Anti-social behaviour,,
3df0aae1d4ba66a1c7486b7418eb6045d22aeaf9ce2ac40661e1ef13775a5db6,2014-05,Cheshire Constabulary,Cheshire Constabulary,-2.115921,53.268785,On or near Ludlow Close,E01018631,Cheshire East 016E,Burglary,Awaiting court outcome,
c37adb24ee2dcd9783b45551dd5f1b96078a4bb9bde52ad722520ebc848616ab,2014-05,Cheshire Constabulary,Cheshire Constabulary,-2.108558,53.268225,On or near Delamere Drive,E01018631,Cheshire East 016E,Criminal damage and arson,Investigation complete; no suspect identified,
e42504978da2f1dfe5e6066e4c6b41f53fbb03dad42705a51ec2ede2466f1a67,2014-05,Cheshire Constabulary,Cheshire Constabulary,-2.113645,53.269767,On or near Balmoral Crescent,E01018631,Cheshire East 016E,Drugs,Offender given a drugs possession warning,
9c3dc83f94358cf66147eff9def9d1cd0bd6039d93eae9c306035e96efa0ebc0,2014-05,Cheshire Constabulary,Cheshire Constabulary,-2.113645,53.269767,On or near Balmoral Crescent,E01018631,Cheshire East 016E,Other theft,Under investigation,
16df531f47c9020f1d6657b83ee9dbc7df117a14e2692f7bdff292fba1c4ce71,2014-05,Cheshire Constabulary,Cheshire Constabulary,-2.112577,53.268617,On or near Greystoke Road,E01018631,Cheshire East 016E,Violence and sexual offences,Under investigation,
fc0ac4a68447112a1c9a773998f43eec822660a20c852ab483254ca394c4c8b2,2014-05,Cheshire Constabulary,Cheshire Constabulary,-2.112577,53.268617,On or near Greystoke Road,E01018631,Cheshire East 016E,Violence and sexual offences,Under investigation,
69f8886902751c231d18a984e52f95820eb6ebc6a93914014fba317af672afbb,2014-05,Cheshire Constabulary,Cheshire Constabulary,-2.115921,53.268785,On or near Ludlow Close,E01018631,Cheshire East 016E,Violence and sexual offences,Unable to prosecute suspect,
,2014-05,Cheshire Constabulary,Cheshire Constabulary,-2.127497,53.263946,On or near Brock Street,E01018615,Cheshire East 017A,Anti-social behaviour,,
,2014-05,Cheshire Constabulary,Cheshire Constabulary,-2.127427,53.265591,On or near Beech Lane,E01018615,Cheshire East 017A,Anti-social behaviour,,
157ad15be6762ed5e426a6d4c4916092eda18fe05c56c76b4b98de3f6fb063cf,2014-05,Cheshire Constabulary,Cheshire Constabulary,-2.132621,53.262862,On or near Supermarket,E01018615,Cheshire East 017A,Bicycle theft,Investigation complete; no suspect identified,
93640a38cc738a354ba1559d1047b72d7391aba62aaf4b0d06f5f3e2077407c6,2014-05,Cheshire Constabulary,Cheshire Constabulary,-2.126447,53.263776,On or near Pearle Street,E01018615,Cheshire East 017A,Burglary,Under investigation,
69eb7c33cad8187140fa20d09ea94fe3c385fcff963992a59c8c71470a5c9649,2014-05,Cheshire Constabulary,Cheshire Constabulary,-2.126135,53.264729,On or near Fowler Street,E01018615,Cheshire East 017A,Criminal damage and arson,Under investigation,
ad1b9f0d21924f86df7da4c3a222e94f603704bd4fbd4323f13f444f1aebf2da,2014-05,Cheshire Constabulary,Cheshire Constabulary,-2.126556,53.265124,On or near Justice Street,E01018615,Cheshire East 017A,Other theft,Awaiting court outcome,
d30eac0497c3bbbc9d23a22d444c6eb2140a521daf66f09c2e5e79ecf2a699d2,2014-05,Cheshire Constabulary,Cheshire Constabulary,-2.132621,53.262862,On or near Supermarket,E01018615,Cheshire East 017A,Other theft,Under investigation,
fddcbec1ff745f0897e51f735b0dd4276a469b92cffd7c2a438531e9ad007d2e,2014-05,Cheshire Constabulary,Cheshire Constabulary,-2.132621,53.262862,On or near Supermarket,E01018615,Cheshire East 017A,Shoplifting,Under investigation,
08da9f0ed198ac2e1d5ba3c4d1d78bd121010eb7e74716bd7028a6c9fcf0e054,2014-05,Cheshire Constabulary,Cheshire Constabulary,-2.132621,53.262862,On or near Supermarket,E01018615,Cheshire East 017A,Shoplifting,Offender given a caution,
782596845bb80608549900f20ac1e83ddea77f317845d470d98099ad46cfc212,2014-05,Cheshire Constabulary,Cheshire Constabulary,-2.132621,53.262862,On or near Supermarket,E01018615,Cheshire East 017A,Shoplifting,Offender given a caution,
3b76fa1f3ab8eb754f3eea6e987080d623d3a3e82313edc88697be7ba040171f,2014-05,Cheshire Constabulary,Cheshire Constabulary,-2.132621,53.262862,On or near Supermarket,E01018615,Cheshire East 017A,Shoplifting,Offender given penalty notice,
76653c1d893b3b7426c90d92de7eb85c331e275194243963eba1741b1748f6a6,2014-05,Cheshire Constabulary,Cheshire Constabulary,-2.126556,53.265124,On or near Justice Street,E01018615,Cheshire East 017A,Vehicle crime,Investigation complete; no suspect identified,
76f8d42df44c0b15f015396090d870114db4c1a0f8616fe4786df9116d442c7b,2014-05,Cheshire Constabulary,Cheshire Constabulary,-2.126556,53.265124,On or near Justice Street,E01018615,Cheshire East 017A,Violence and sexual offences,Under investigation,
ee822efef5ef5d47e7003929a7293885f3d5cccd63e4edaa2ee7a26d5cce7e51,2014-05,Cheshire Constabulary,Cheshire Constabulary,-2.127838,53.262786,On or near Tunnicliffe Street,E01018615,Cheshire East 017A,Violence and sexual offences,Investigation complete; no suspect identified,
,2014-05,Cheshire Constabulary,Cheshire Constabulary,-2.141584,53.262249,On or near Hospital,E01018616,Cheshire East 017B,Anti-social behaviour,,
,2014-05,Cheshire Constabulary,Cheshire Constabulary,-2.141584,53.262249,On or near Hospital,E01018616,Cheshire East 017B,Anti-social behaviour,,
,2014-05,Cheshire Constabulary,Cheshire Constabulary,-2.141584,53.262249,On or near Hospital,E01018616,Cheshire East 017B,Anti-social behaviour,,
,2014-05,Cheshire Constabulary,Cheshire Constabulary,-2.141584,53.262249,On or near Hospital,E01018616,Cheshire East 017B,Anti-social behaviour,,
54de1331fba402884be5fcac7fe42c9ac9320323ed8ebf792f997905af5a85e4,2014-05,Cheshire Constabulary,Cheshire Constabulary,-2.148116,53.265360,On or near Mereside Close,E01018616,Cheshire East 017B,Criminal damage and arson,Investigation complete; no suspect identified,
acd29275283943a9b6c7c812610e95ae6169193db2223d077491bf910a7fb5a2,2014-05,Cheshire Constabulary,Cheshire Constabulary,-2.141584,53.262249,On or near Hospital,E01018616,Cheshire East 017B,Other theft,Investigation complete; no suspect identified,
,2014-05,Cheshire Constabulary,Cheshire Constabulary,-2.137855,53.268258,On or near Wenlock Close,E01018617,Cheshire East 017C,Anti-social behaviour,,
,2014-05,Cheshire Constabulary,Cheshire Constabulary,-2.141897,53.270797,On or near Bramble Close,E01018617,Cheshire East 017C,Anti-social behaviour,,
,2014-05,Cheshire Constabulary,Cheshire Constabulary,-2.137855,53.268258,On or near Wenlock Close,E01018617,Cheshire East 017C,Anti-social behaviour,,
,2014-05,Cheshire Constabulary,Cheshire Constabulary,-2.141148,53.252973,On or near Oxford Road,E01018632,Cheshire East 017D,Anti-social behaviour,,
,2014-05,Cheshire Constabulary,Cheshire Constabulary,-2.147711,53.256615,On or near Arlington Drive,E01018632,Cheshire East 017D,Anti-social behaviour,,
d1a9f00651a040cb5c3a203fcc9357c8bd81bc715bc9f49e30d1aedce0875274,2014-05,Cheshire Constabulary,Cheshire Constabulary,-2.148450,53.257899,On or near Palmerston Road,E01018632,Cheshire East 017D,Criminal damage and arson,Investigation complete; no suspect identified,
7876c68f1f1211c8045e3fdfcb418b7af709553cc6447958bc977b1f1b5bb201,2014-05,Cheshire Constabulary,Cheshire Constabulary,-2.138184,53.258559,On or near Frances Street,E01018632,Cheshire East 017D,Other theft,Unable to prosecute suspect,
af99f6492439ab6deb05a9e8a917a1327dfb8ada5ce578615700e61097ae06a5,2014-05,Cheshire Constabulary,Cheshire Constabulary,-2.146569,53.251582,On or near Ivy Lane,E01018633,Cheshire East 017E,Criminal damage and arson,Investigation complete; no suspect identified,
,2014-05,Cheshire Constabulary,Cheshire Constabulary,-2.131906,53.259518,On or near Great King Street,E01018622,Cheshire East 018A,Anti-social behaviour,,
,2014-05,Cheshire Constabulary,Cheshire Constabulary,-2.136908,53.258111,On or near Horseshoe Drive,E01018622,Cheshire East 018A,Anti-social behaviour,,
,2014-05,Cheshire Constabulary,Cheshire Constabulary,-2.133109,53.260587,On or near Anderson Street,E01018622,Cheshire East 018A,Anti-social behaviour,,
,2014-05,Cheshire Constabulary,Cheshire Constabulary,-2.136286,53.260439,On or near Adlington Street,E01018622,Cheshire East 018A,Anti-social behaviour,,
,2014-05,Cheshire Constabulary,Cheshire Constabulary,-2.136778,53.259666,On or near Hand Street,E01018622,Cheshire East 018A,Anti-social behaviour,,
,2014-05,Cheshire Constabulary,Cheshire Constabulary,-2.137289,53.259890,On or near Oxford Road,E01018622,Cheshire East 018A,Anti-social behaviour,,
cf2752b30d53c4557e61b23fba0d633e035715ca3ef073d0ba3cd31e45d81b38,2014-05,Cheshire Constabulary,Cheshire Constabulary,-2.131479,53.262036,On or near Whalley Hayes,E01018622,Cheshire East 018A,Burglary,Under investigation,
8ac8c252596bcd0ca2d733dbdcebf68522a0f3d90db3007f19c8291e9f3c8db6,2014-05,Cheshire Constabulary,Cheshire Constabulary,-2.133109,53.260587,On or near Anderson Street,E01018622,Cheshire East 018A,Burglary,Under investigation,
0ee12d091622a705805ab55257be669ce88111b02cde1ad6b5c4c8621f28b914,2014-05,Cheshire Constabulary,Cheshire Constabulary,-2.134598,53.262230,On or near Willerby Close,E01018622,Cheshire East 018A,Criminal damage and arson,Investigation complete; no suspect identified,
0a18de381c78a8431111a05efaf95f26a75f7d03b27f282017b4c0069c682b9b,2014-05,Cheshire Constabulary,Cheshire Constabulary,-2.129044,53.260079,On or near Church Street West,E01018622,Cheshire East 018A,Criminal damage and arson,Investigation complete; no suspect identified,
80c0cee087123ae2b1ddf5bfdb1c964d90cb807d500c0bb2749cad4738e5905a,2014-05,Cheshire Constabulary,Cheshire Constabulary,-2.134598,53.262230,On or near Willerby Close,E01018622,Cheshire East 018A,Criminal damage and arson,Investigation complete; no suspect identified,
e8c3cc56b14488dfa60120fe129645d2eba26d905b237318c137c899c86d5a0a,2014-05,Cheshire Constabulary,Cheshire Constabulary,-2.134411,53.259902,On or near Langford Street,E01018622,Cheshire East 018A,Other theft,Under investigation,
c58461516407285accf4aee4fe7898e09769f4f4190d1318d07a953be0bb32d7,2014-05,Cheshire Constabulary,Cheshire Constabulary,-2.129044,53.260079,On or near Church Street West,E01018622,Cheshire East 018A,Other theft,Unable to prosecute suspect,
0a09e60937149337355da95f3965b7fc2dad73c0c8f72d245bbf70a3054d6da4,2014-05,Cheshire Constabulary,Cheshire Constabulary,-2.131906,53.259518,On or near Great King Street,E01018622,Cheshire East 018A,Vehicle crime,Investigation complete; no suspect identified,
,2014-05,Cheshire Constabulary,Cheshire Constabulary,-2.136997,53.253131,On or near Preston Street West,E01018623,Cheshire East 018B,Anti-social behaviour,,
d4e8bdc0a457a88b6e859023434f1aaf414f0f9d1b16c910746ad3ea1bc325f3,2014-05,Cheshire Constabulary,Cheshire Constabulary,-2.134131,53.256685,On or near Weaver Court,E01018623,Cheshire East 018B,Criminal damage and arson,Under investigation,
,2014-05,Cheshire Constabulary,Cheshire Constabulary,-2.125867,53.255022,On or near Rodney Street,E01018624,Cheshire East 018C,Anti-social behaviour,,
,2014-05,Cheshire Constabulary,Cheshire Constabulary,-2.122641,53.259385,On or near Parking Area,E01018624,Cheshire East 018C,Anti-social behaviour,,
,2014-05,Cheshire Constabulary,Cheshire Constabulary,-2.126218,53.257215,On or near Duke Street,E01018624,Cheshire East 018C,Anti-social behaviour,,
,2014-05,Cheshire Constabulary,Cheshire Constabulary,-2.132470,53.257810,On or near Lyon Street,E01018624,Cheshire East 018C,Anti-social behaviour,,
,2014-05,Cheshire Constabulary,Cheshire Constabulary,-2.122641,53.259385,On or near Parking Area,E01018624,Cheshire East 018C,Anti-social behaviour,,
,2014-05,Cheshire Constabulary,Cheshire Constabulary,-2.129834,53.258343,On or near Bridge Street,E01018624,Cheshire East 018C,Anti-social behaviour,,
,2014-05,Cheshire Constabulary,Cheshire Constabulary,-2.124701,53.261252,On or near Unicorn Gateway,E01018624,Cheshire East 018C,Anti-social behaviour,,
,2014-05,Cheshire Constabulary,Cheshire Constabulary,-2.124701,53.261252,On or near Unicorn Gateway,E01018624,Cheshire East 018C,Anti-social behaviour,,
,2014-05,Cheshire Constabulary,Cheshire Constabulary,-2.129678,53.256267,On or near Holland Street,E01018624,Cheshire East 018C,Anti-social behaviour,,
,2014-05,Cheshire Constabulary,Cheshire Constabulary,-2.126218,53.257215,On or near Duke Street,E01018624,Cheshire East 018C,Anti-social behaviour,,
,2014-05,Cheshire Constabulary,Cheshire Constabulary,-2.124629,53.257333,On or near Wood Street,E01018624,Cheshire East 018C,Anti-social behaviour,,
,2014-05,Cheshire Constabulary,Cheshire Constabulary,-2.122641,53.259385,On or near Parking Area,E01018624,Cheshire East 018C,Anti-social behaviour,,
,2014-05,Cheshire Constabulary,Cheshire Constabulary,-2.126218,53.257215,On or near Duke Street,E01018624,Cheshire East 018C,Anti-social behaviour,,
,2014-05,Cheshire Constabulary,Cheshire Constabulary,-2.124004,53.258790,On or near Boden Street,E01018624,Cheshire East 018C,Anti-social behaviour,,
,2014-05,Cheshire Constabulary,Cheshire Constabulary,-2.125510,53.261170,On or near Market Place,E01018624,Cheshire East 018C,Anti-social behaviour,,
,2014-05,Cheshire Constabulary,Cheshire Constabulary,-2.127393,53.254364,On or near Hobson Street,E01018624,Cheshire East 018C,Anti-social behaviour,,
,2014-05,Cheshire Constabulary,Cheshire Constabulary,-2.126218,53.257215,On or near Duke Street,E01018624,Cheshire East 018C,Anti-social behaviour,,
,2014-05,Cheshire Constabulary,Cheshire Constabulary,-2.126218,53.257215,On or near Duke Street,E01018624,Cheshire East 018C,Anti-social behaviour,,
,2014-05,Cheshire Constabulary,Cheshire Constabulary,-2.125250,53.259346,On or near Back Wallgate,E01018624,Cheshire East 018C,Anti-social behaviour,,
,2014-05,Cheshire Constabulary,Cheshire Constabulary,-2.128778,53.261203,On or near Little Street,E01018624,Cheshire East 018C,Anti-social behaviour,,
,2014-05,Cheshire Constabulary,Cheshire Constabulary,-2.125695,53.257844,On or near Mill Street,E01018624,Cheshire East 018C,Anti-social behaviour,,
,2014-05,Cheshire Constabulary,Cheshire Constabulary,-2.122641,53.259385,On or near Parking Area,E01018624,Cheshire East 018C,Anti-social behaviour,,
,2014-05,Cheshire Constabulary,Cheshire Constabulary,-2.124816,53.259553,On or near Church Street,E01018624,Cheshire East 018C,Anti-social behaviour,,
,2014-05,Cheshire Constabulary,Cheshire Constabulary,-2.122991,53.255986,On or near Park Green,E01018624,Cheshire East 018C,Anti-social behaviour,,
,2014-05,Cheshire Constabulary,Cheshire Constabulary,-2.126071,53.258302,On or near Newgate,E01018624,Cheshire East 018C,Anti-social behaviour,,
,2014-05,Cheshire Constabulary,Cheshire Constabulary,-2.126071,53.258302,On or near Newgate,E01018624,Cheshire East 018C,Anti-social behaviour,,
,2014-05,Cheshire Constabulary,Cheshire Constabulary,-2.122991,53.255986,On or near Park Green,E01018624,Cheshire East 018C,Anti-social behaviour,,
,2014-05,Cheshire Constabulary,Cheshire Constabulary,-2.126218,53.257215,On or near Duke Street,E01018624,Cheshire East 018C,Anti-social behaviour,,
,2014-05,Cheshire Constabulary,Cheshire Constabulary,-2.127666,53.260206,On or near Parking Area,E01018624,Cheshire East 018C,Anti-social behaviour,,
,2014-05,Cheshire Constabulary,Cheshire Constabulary,-2.122623,53.258297,On or near Bus/Coach Station,E01018624,Cheshire East 018C,Anti-social behaviour,,
,2014-05,Cheshire Constabulary,Cheshire Constabulary,-2.124629,53.257333,On or near Wood Street,E01018624,Cheshire East 018C,Anti-social behaviour,,
,2014-05,Cheshire Constabulary,Cheshire Constabulary,-2.125695,53.257844,On or near Mill Street,E01018624,Cheshire East 018C,Anti-social behaviour,,
,2014-05,Cheshire Constabulary,Cheshire Constabulary,-2.123206,53.257577,On or near Pickford Street,E01018624,Cheshire East 018C,Anti-social behaviour,,
,2014-05,Cheshire Constabulary,Cheshire Constabulary,-2.127185,53.254688,On or near Vincent Street,E01018624,Cheshire East 018C,Anti-social behaviour,,
,2014-05,Cheshire Constabulary,Cheshire Constabulary,-2.128654,53.259738,On or near Chatham Street,E01018624,Cheshire East 018C,Anti-social behaviour,,
142814c983c974dd6a261d339ab1806ee213eefbd43aef6efc055dd80d44dcb8,2014-05,Cheshire Constabulary,Cheshire Constabulary,-2.129692,53.261202,On or near Westminster Street,E01018624,Cheshire East 018C,Burglary,Investigation complete; no suspect identified,
9c33e74a0532cb0cff1e42b7f43409fa9aa8ddb78227db79ba53af74d54617c9,2014-05,Cheshire Constabulary,Cheshire Constabulary,-2.123071,53.257434,On or near Charlotte Street,E01018624,Cheshire East 018C,Burglary,Under investigation,
8f1b25dcfa3c919a7c260c6fcd55cb3fc6cb678b461a8a733cfb78b8deb2b17f,2014-05,Cheshire Constabulary,Cheshire Constabulary,-2.125867,53.255022,On or near Rodney Street,E01018624,Cheshire East 018C,Criminal damage and arson,Investigation complete; no suspect identified,
5be35bbfa7ac264e27fe5d4ebf4d2dbdea23bf273aa8072ab8505848abba21e6,2014-05,Cheshire Constabulary,Cheshire Constabulary,-2.125510,53.261170,On or near Market Place,E01018624,Cheshire East 018C,Criminal damage and arson,Investigation complete; no suspect identified,
22d785817ee4404cf99e3aa75664b75f0db1eccdf88fb16ac4908e6e20ccd9ff,2014-05,Cheshire Constabulary,Cheshire Constabulary,-2.125753,53.262294,On or near Jordangate,E01018624,Cheshire East 018C,Criminal damage and arson,Investigation complete; no suspect identified,
d46896d7d4ae02222052f10bbf8de876ed95af27d4a9626e71db5c6d3ad19a07,2014-05,Cheshire Constabulary,Cheshire Constabulary,-2.125305,53.257773,On or near Nightclub,E01018624,Cheshire East 018C,Criminal damage and arson,Offender given a caution,
d1240b332f88ebe1e27352767c06ce93619741e1a39e1beb77c7d044eec7be1b,2014-05,Cheshire Constabulary,Cheshire Constabulary,-2.122502,53.257713,On or near Sunderland Street,E01018624,Cheshire East 018C,Criminal damage and arson,Investigation complete; no suspect identified,
d8a9b5bf2b96e4198c42d46f3df5ee7c1231f2c98d6cb84b9093a8f80bc6a4c2,2014-05,Cheshire Constabulary,Cheshire Constabulary,-2.127185,53.254688,On or near Vincent Street,E01018624,Cheshire East 018C,Criminal damage and arson,Investigation complete; no suspect identified,
92e7fee75936ddec883001366336d9d87bad419a87147a592cdf033a9ff1703e,2014-05,Cheshire Constabulary,Cheshire Constabulary,-2.127808,53.257815,On or near Roe Street,E01018624,Cheshire East 018C,Drugs,Awaiting court outcome,
af482e78f8d9aa1b89aee5671053bafd714a7ddd2b5b310b16d5bea4b5bb6a22,2014-05,Cheshire Constabulary,Cheshire Constabulary,-2.124993,53.258861,On or near Queen Victoria Street,E01018624,Cheshire East 018C,Drugs,Under investigation,
71c705ac032b3d20cdfe06d45be9ad6d5e535fdf61d168c0f269713929fbb350,2014-05,Cheshire Constabulary,Cheshire Constabulary,-2.125510,53.261170,On or near Market Place,E01018624,Cheshire East 018C,Drugs,Awaiting court outcome,
3725eb35d8546bcda1683a6b43231653e87b21d0e80287c9f3d4773151f5a147,2014-05,Cheshire Constabulary,Cheshire Constabulary,-2.125305,53.257773,On or near Nightclub,E01018624,Cheshire East 018C,Other theft,Investigation complete; no suspect identified,
fc3c8ba66a65b67b82c421063b40e7527491b19ce1e49bf4888726f18a904e9c,2014-05,Cheshire Constabulary,Cheshire Constabulary,-2.126218,53.257215,On or near Duke Street,E01018624,Cheshire East 018C,Other theft,Investigation complete; no suspect identified,
b470456bb4a227607c7fc94ff52c58e49c019e9f98e8623eef5817bc46577056,2014-05,Cheshire Constabulary,Cheshire Constabulary,-2.125510,53.261170,On or near Market Place,E01018624,Cheshire East 018C,Other theft,Under investigation,
069a2af753dbc7499bfb2d81dfd95c17412fb501c431efdbf0b48d3f6c59962e,2014-05,Cheshire Constabulary,Cheshire Constabulary,-2.125972,53.260271,On or near Shopping Area,E01018624,Cheshire East 018C,Other theft,Investigation complete; no suspect identified,
fe34c5ec9d1da282eb2f1460e088aafedd53e10d732a6538450400dac1838508,2014-05,Cheshire Constabulary,Cheshire Constabulary,-2.126071,53.258302,On or near Newgate,E01018624,Cheshire East 018C,Possession of weapons,Awaiting court outcome,
5c42630250853cf93aeb9297918a845ca289d927eb9875b8e4051072b7a74e61,2014-05,Cheshire Constabulary,Cheshire Constabulary,-2.123071,53.257434,On or near Charlotte Street,E01018624,Cheshire East 018C,Possession of weapons,Awaiting court outcome,
d2a9ceafa56e4fd6ae9eba6b83b70bc0ce801bb97dd721b3aedb0bc0f72d8ed0,2014-05,Cheshire Constabulary,Cheshire Constabulary,-2.126218,53.257215,On or near Duke Street,E01018624,Cheshire East 018C,Public order,Offender given a caution,
336f70c8a65cd430c477721f357eb9f8be11f41a0fd42afe68f96a2ef5cff7b7,2014-05,Cheshire Constabulary,Cheshire Constabulary,-2.127451,53.258571,On or near Exchange Street,E01018624,Cheshire East 018C,Shoplifting,Under investigation,
6aeee7b832a8c12da41f99a360478cdd8aae92832d9d6981263da40c050ea107,2014-05,Cheshire Constabulary,Cheshire Constabulary,-2.127666,53.260206,On or near Parking Area,E01018624,Cheshire East 018C,Shoplifting,Under investigation,
2771005ec0c2663f51125199e8dfe6dbd8eeecf8f17212ac117056fd3cd21b88,2014-05,Cheshire Constabulary,Cheshire Constabulary,-2.125972,53.260271,On or near Shopping Area,E01018624,Cheshire East 018C,Shoplifting,Awaiting court outcome,
3d027847f1de7a946229aff3b6d57a8834c84792302b2f9159b7fafb0d94a2d8,2014-05,Cheshire Constabulary,Cheshire Constabulary,-2.127666,53.260206,On or near Parking Area,E01018624,Cheshire East 018C,Shoplifting,Awaiting court outcome,
bbcdaae724558abd4ba6a596b567195fd105b67174b9865222e9852b696e1dba,2014-05,Cheshire Constabulary,Cheshire Constabulary,-2.125305,53.257773,On or near Nightclub,E01018624,Cheshire East 018C,Shoplifting,Under investigation,
d3f65954b345df3ae7ef4265cd320d9ad2968e2b6038e919482efa8e1f663b22,2014-05,Cheshire Constabulary,Cheshire Constabulary,-2.125867,53.255022,On or near Rodney Street,E01018624,Cheshire East 018C,Shoplifting,Offender given community sentence,
d383bfcf32262bc52e7bcf5b0e114505e99d7d8a0634bae20d9e5a0d233aa0e3,2014-05,Cheshire Constabulary,Cheshire Constabulary,-2.125972,53.260271,On or near Shopping Area,E01018624,Cheshire East 018C,Shoplifting,Under investigation,
8680dfcee6c8b256e4da8dce9c1bcc64364aebab63f285c9ea7632f027a581f8,2014-05,Cheshire Constabulary,Cheshire Constabulary,-2.126291,53.261736,On or near Parking Area,E01018624,Cheshire East 018C,Theft from the person,Under investigation,
2749fa76befb017351dc24e8aadbfc37ecb057472489d582461c8f6be210938e,2014-05,Cheshire Constabulary,Cheshire Constabulary,-2.125753,53.262294,On or near Jordangate,E01018624,Cheshire East 018C,Vehicle crime,Unable to prosecute suspect,
959f80950b7ffd655b521a74a02b9cf6c8c34abaf14cf248606893deef959db8,2014-05,Cheshire Constabulary,Cheshire Constabulary,-2.126218,53.257215,On or near Duke Street,E01018624,Cheshire East 018C,Vehicle crime,Investigation complete; no suspect identified,
5dfbaac934976e2e7889fba01d1234fb661bc50a07bf984b57de3a6d176699bd,2014-05,Cheshire Constabulary,Cheshire Constabulary,-2.122502,53.257713,On or near Sunderland Street,E01018624,Cheshire East 018C,Vehicle crime,Under investigation,
1f55c45a7db77b656c0a606c6ab12cd4555f096a8ffaf6d8624afa58cdc003d0,2014-05,Cheshire Constabulary,Cheshire Constabulary,-2.130243,53.259781,On or near George Street West,E01018624,Cheshire East 018C,Vehicle crime,Investigation complete; no suspect identified,
93fa2c7f13a0d4bbde7cb828813c92e41c2652920d0d2e5c35cf026ad0955940,2014-05,Cheshire Constabulary,Cheshire Constabulary,-2.126218,53.257215,On or near Duke Street,E01018624,Cheshire East 018C,Violence and sexual offences,Awaiting court outcome,
9f1202c73f534e4fd18c4b71282c4499db5db01f3692963930b03a18fc140e5d,2014-05,Cheshire Constabulary,Cheshire Constabulary,-2.124577,53.260057,On or near Churchside,E01018624,Cheshire East 018C,Violence and sexual offences,Under investigation,
bb1e111d1104f24a81cf7f0a6519bb8925e8d164c3002df804263b7112e71cfb,2014-05,Cheshire Constabulary,Cheshire Constabulary,-2.124629,53.257333,On or near Wood Street,E01018624,Cheshire East 018C,Violence and sexual offences,Offender given a caution,
bdef568999f78c6f08f300d6670ede9e987de8090ce77cd7e264eb15a0ade2f3,2014-05,Cheshire Constabulary,Cheshire Constabulary,-2.126218,53.257215,On or near Duke Street,E01018624,Cheshire East 018C,Violence and sexual offences,Under investigation,
0e858d91de4a9e35b8acaf142a401302519485129d8b5595c22d9801b9019161,2014-05,Cheshire Constabulary,Cheshire Constabulary,-2.127667,53.260485,On or near Stanley Street,E01018624,Cheshire East 018C,Violence and sexual offences,Unable to prosecute suspect,
4ca385b8ab83c2d771d178cb8e46cc8644f8cf5e82e07e868d9802b81fcce0fe,2014-05,Cheshire Constabulary,Cheshire Constabulary,-2.126218,53.257215,On or near Duke Street,E01018624,Cheshire East 018C,Violence and sexual offences,Awaiting court outcome,
96becf8759e145672ae7f88689cf48665bbb4e1a1481e82ffafa9d025d66f42e,2014-05,Cheshire Constabulary,Cheshire Constabulary,-2.123009,53.256993,On or near Townley Street,E01018624,Cheshire East 018C,Violence and sexual offences,Offender given community sentence,
81f7ae334924240ca9c35fcc709ac8a610efb80c3224fe15f723e8ca0d963400,2014-05,Cheshire Constabulary,Cheshire Constabulary,-2.129103,53.259710,On or near Charlotte Street West,E01018624,Cheshire East 018C,Violence and sexual offences,Unable to prosecute suspect,
f23035abfc0604cbc5ac0896060ed38efa14d1ba169fffb1a892241f94e2106b,2014-05,Cheshire Constabulary,Cheshire Constabulary,-2.123009,53.256993,On or near Townley Street,E01018624,Cheshire East 018C,Violence and sexual offences,Formal action is not in the public interest,
33d22a28bb1f207354a64366f28b85fe0ee0ae656a7e98a3f98aa43d3d23df3a,2014-05,Cheshire Constabulary,Cheshire Constabulary,-2.126218,53.257215,On or near Duke Street,E01018624,Cheshire East 018C,Violence and sexual offences,Unable to prosecute suspect,
f27a1ee601eecc9166f58828892ed3756745c5bd39d78688a5dcaf343670dc04,2014-05,Cheshire Constabulary,Cheshire Constabulary,-2.125695,53.257844,On or near Mill Street,E01018624,Cheshire East 018C,Violence and sexual offences,Under investigation,
f87dac3243ed861178fb7ad47efa76dd8a3c2c8f045754e825ecf49541bfe15f,2014-05,Cheshire Constabulary,Cheshire Constabulary,-2.129103,53.259710,On or near Charlotte Street West,E01018624,Cheshire East 018C,Violence and sexual offences,Unable to prosecute suspect,
dfdf1c98d859edb613c136413e89adab13fdab7d8022defc9be552ea7ef14db2,2014-05,Cheshire Constabulary,Cheshire Constabulary,-2.126218,53.257215,On or near Duke Street,E01018624,Cheshire East 018C,Violence and sexual offences,Unable to prosecute suspect,
e2836f6c391b06c4370ccfef39a0862c846720f26900c3abe757467bb354e88e,2014-05,Cheshire Constabulary,Cheshire Constabulary,-2.124577,53.260057,On or near Churchside,E01018624,Cheshire East 018C,Other crime,Awaiting court outcome,
2516aa6a9f6f0a9b868ef285940c0d372c44290285e48a0c93be0491d8f66121,2014-05,Cheshire Constabulary,Cheshire Constabulary,-2.125695,53.257844,On or near Mill Street,E01018624,Cheshire East 018C,Other crime,Under investigation,
,2014-05,Cheshire Constabulary,Cheshire Constabulary,-2.133671,53.253413,On or near Lynn Grove,E01018625,Cheshire East 018D,Anti-social behaviour,,
,2014-05,Cheshire Constabulary,Cheshire Constabulary,-2.133671,53.253413,On or near Lynn Grove,E01018625,Cheshire East 018D,Anti-social behaviour,,
,2014-05,Cheshire Constabulary,Cheshire Constabulary,-2.131094,53.253695,On or near Barton Street,E01018625,Cheshire East 018D,Anti-social behaviour,,
,2014-05,Cheshire Constabulary,Cheshire Constabulary,-2.130484,53.255151,On or near Blackshaw Street,E01018625,Cheshire East 018D,Anti-social behaviour,,
7fec4aff3be0e05ec62cb28739686d2897293a6082a9616b24e24a7555133255,2014-05,Cheshire Constabulary,Cheshire Constabulary,-2.133671,53.253413,On or near Lynn Grove,E01018625,Cheshire East 018D,Criminal damage and arson,Under investigation,
283d422592f2305ff7ca6dcff06b89e3ab2591b04ea1e243187fdd9392522571,2014-05,Cheshire Constabulary,Cheshire Constabulary,-2.131321,53.254620,On or near Hatton Street,E01018625,Cheshire East 018D,Vehicle crime,Investigation complete; no suspect identified,
ba1ab8727c0765907d0d8bad711e82a4f34859b9c96319581a3ef9437e295702,2014-05,Cheshire Constabulary,Cheshire Constabulary,-2.130081,53.255844,On or near Crossall Street,E01018625,Cheshire East 018D,Violence and sexual offences,Investigation complete; no suspect identified,
,2014-05,Cheshire Constabulary,Cheshire Constabulary,-2.115569,53.255095,On or near Greenhills Close,E01018627,Cheshire East 018E,Anti-social behaviour,,
,2014-05,Cheshire Constabulary,Cheshire Constabulary,-2.122434,53.255070,On or near Broken Banks,E01018627,Cheshire East 018E,Anti-social behaviour,,
5dac32cae320d4981f49cbc6272e0fea848b89f0209327538f28dcac25cc9d2a,2014-05,Cheshire Constabulary,Cheshire Constabulary,-2.113795,53.252778,On or near Braeside Close,E01018627,Cheshire East 018E,Burglary,Investigation complete; no suspect identified,
ea54b062224ba353f4b32aa8575fbadbc2c6d5a9ba2c4ccae29ae0bec0bab900,2014-05,Cheshire Constabulary,Cheshire Constabulary,-2.116384,53.251481,On or near Gunco Lane,E01018627,Cheshire East 018E,Public order,Unable to prosecute suspect,
671427bfdf598a1565fb24f80253052474c7309064b22a2c890faf4dad779501,2014-05,Cheshire Constabulary,Cheshire Constabulary,-2.122852,53.254512,On or near Theatre/Concert Hall,E01018627,Cheshire East 018E,Vehicle crime,Investigation complete; no suspect identified,
5e6fd6d4517cf2613fcea3c900550ff64eebde43562baecba3ae2d9735576cb7,2014-05,Cheshire Constabulary,Cheshire Constabulary,-2.116384,53.251481,On or near Gunco Lane,E01018627,Cheshire East 018E,Violence and sexual offences,Under investigation,
,2014-05,Cheshire Constabulary,Cheshire Constabulary,-2.133736,53.250465,On or near Ryle'S Park Road,E01018635,Cheshire East 018F,Anti-social behaviour,,
,2014-05,Cheshire Constabulary,Cheshire Constabulary,-2.133736,53.250465,On or near Ryle'S Park Road,E01018635,Cheshire East 018F,Anti-social behaviour,,
,2014-05,Cheshire Constabulary,Cheshire Constabulary,-2.124899,53.252074,On or near John Street,E01018635,Cheshire East 018F,Anti-social behaviour,,
,2014-05,Cheshire Constabulary,Cheshire Constabulary,-2.133736,53.250465,On or near Ryle'S Park Road,E01018635,Cheshire East 018F,Anti-social behaviour,,
72afd474c74b216e37ea32add2b159cdf7c4502a255e0c113aa6609be97eacba,2014-05,Cheshire Constabulary,Cheshire Constabulary,-2.124899,53.252074,On or near John Street,E01018635,Cheshire East 018F,Criminal damage and arson,Investigation complete; no suspect identified,
bcf47b7d4160bf41aab4891b400da9fc055ff92c25ebad1e4af166b58493b667,2014-05,Cheshire Constabulary,Cheshire Constabulary,-2.124899,53.252074,On or near John Street,E01018635,Cheshire East 018F,Criminal damage and arson,Unable to prosecute suspect,
eb064a6979d9503bb27aa7f9fdd284e331a7d2dffaf1db0463154f0530ad520b,2014-05,Cheshire Constabulary,Cheshire Constabulary,-2.130282,53.252869,On or near Park Grove,E01018635,Cheshire East 018F,Drugs,Offender given a drugs possession warning,
795c704dec2d0fb36df20d98c3837f3410adf101ecb9072926f63c1079b7a06c,2014-05,Cheshire Constabulary,Cheshire Constabulary,-2.124004,53.253531,On or near High Street,E01018635,Cheshire East 018F,Drugs,Awaiting court outcome,
19803a1747c0c2dd479569d7ad63fc3ebf392035b58b8fb815a01154a3d507c0,2014-05,Cheshire Constabulary,Cheshire Constabulary,-2.138099,53.250765,On or near Further/Higher Educational Building,E01018635,Cheshire East 018F,Other theft,Investigation complete; no suspect identified,
3e3d510bdc3d2bf5d79a89f41508dc5748409909a1982b77e6a197b40e8d99ec,2014-05,Cheshire Constabulary,Cheshire Constabulary,-2.130282,53.252869,On or near Park Grove,E01018635,Cheshire East 018F,Vehicle crime,Investigation complete; no suspect identified,
036da55c970a84cc07f6dbde4b29efa59a7163afd49e237e80fca0e3a5b36235,2014-05,Cheshire Constabulary,Cheshire Constabulary,-2.127017,53.253744,On or near Ryle Street,E01018635,Cheshire East 018F,Violence and sexual offences,Unable to prosecute suspect,
,2014-05,Cheshire Constabulary,Cheshire Constabulary,-2.131655,53.246323,On or near Marlowe Court,E01018636,Cheshire East 018G,Anti-social behaviour,,
312df53a563d0edfd01b4c130b9f818624443f25ee4eac28582588dbf97537b7,2014-05,Cheshire Constabulary,Cheshire Constabulary,-2.133069,53.247751,On or near Ridge View,E01018636,Cheshire East 018G,Criminal damage and arson,Investigation complete; no suspect identified,
,2014-05,Cheshire Constabulary,Cheshire Constabulary,-2.147723,53.247212,On or near Hazel Avenue,E01018634,Cheshire East 019A,Anti-social behaviour,,
,2014-05,Cheshire Constabulary,Cheshire Constabulary,-2.154004,53.247690,On or near Langdale Close,E01018634,Cheshire East 019A,Anti-social behaviour,,
,2014-05,Cheshire Constabulary,Cheshire Constabulary,-2.154505,53.249334,On or near Kenilworth Road,E01018634,Cheshire East 019A,Anti-social behaviour,,
9562c93d9b5d9dc12401617736e201ad87fa4995bec24edaf9df1420e60b9350,2014-05,Cheshire Constabulary,Cheshire Constabulary,-2.153744,53.250414,On or near Warwick Road,E01018634,Cheshire East 019A,Other theft,Awaiting court outcome,
230fe9e0a7f0e931bdda9d9705f3b75c7b641ffed67af411ea69a9877fa5b505,2014-05,Cheshire Constabulary,Cheshire Constabulary,-2.148400,53.247760,On or near Supermarket,E01018634,Cheshire East 019A,Theft from the person,Unable to prosecute suspect,
,2014-05,Cheshire Constabulary,Cheshire Constabulary,-2.151408,53.255010,On or near Wykeham Chase,E01018645,Cheshire East 019B,Anti-social behaviour,,
,2014-05,Cheshire Constabulary,Cheshire Constabulary,-2.153143,53.253965,On or near Ivy Meade Close,E01018645,Cheshire East 019B,Anti-social behaviour,,
,2014-05,Cheshire Constabulary,Cheshire Constabulary,-2.151408,53.255010,On or near Wykeham Chase,E01018645,Cheshire East 019B,Anti-social behaviour,,
,2014-05,Cheshire Constabulary,Cheshire Constabulary,-2.156993,53.253591,On or near Sports/Recreation Area,E01018645,Cheshire East 019B,Anti-social behaviour,,
,2014-05,Cheshire Constabulary,Cheshire Constabulary,-2.152765,53.257507,On or near Wilwick Lane,E01018645,Cheshire East 019B,Anti-social behaviour,,
d12c0375095d2b0ed0c1b663fc3e67428c0d69cf6f336a1cafae843d0fd7179e,2014-05,Cheshire Constabulary,Cheshire Constabulary,-2.154004,53.256085,On or near Lumley Road,E01018645,Cheshire East 019B,Burglary,Investigation complete; no suspect identified,
0f924e833bbd19905df8b98a3c96f6c1362bf25c2fb1b8907daa90bcea628a40,2014-05,Cheshire Constabulary,Cheshire Constabulary,-2.152206,53.256025,On or near Countess Close,E01018645,Cheshire East 019B,Criminal damage and arson,Offender given a caution,
9e4e03235ad066b1bacc6660421141870642ad7e9065293f5e9c0fd08a58a789,2014-05,Cheshire Constabulary,Cheshire Constabulary,-2.154488,53.257208,On or near Vicarage Way,E01018645,Cheshire East 019B,Criminal damage and arson,Under investigation,
a01bb35c9ad123e1705cccd26ed8cbe5f2955eaa6252db435c80482a9f51ea2c,2014-05,Cheshire Constabulary,Cheshire Constabulary,-2.156993,53.253591,On or near Sports/Recreation Area,E01018645,Cheshire East 019B,Drugs,Offender given a caution,
0d40c7ff6162920405af9f2e396ea5031b68d5f91c035cfb3a14835b827602d3,2014-05,Cheshire Constabulary,Cheshire Constabulary,-2.152083,53.255351,On or near Bransdale Way,E01018645,Cheshire East 019B,Vehicle crime,Investigation complete; no suspect identified,
882f61a360526fc7a728309d8c41b4e4920f0060fdd68364c2d7c4259a783e42,2014-05,Cheshire Constabulary,Cheshire Constabulary,-2.151190,53.257033,On or near Countess Road,E01018645,Cheshire East 019B,Violence and sexual offences,Under investigation,
dd488b599fed14a82f21867047405560d7243c6ea70d393272979601a370b52a,2014-05,Cheshire Constabulary,Cheshire Constabulary,-2.152206,53.256025,On or near Countess Close,E01018645,Cheshire East 019B,Violence and sexual offences,Offender given a caution,
,2014-05,Cheshire Constabulary,Cheshire Constabulary,-2.160223,53.255457,On or near Bostock Road,E01018646,Cheshire East 019C,Anti-social behaviour,,
,2014-05,Cheshire Constabulary,Cheshire Constabulary,-2.160163,53.251574,On or near Chatsworth Avenue,E01018646,Cheshire East 019C,Anti-social behaviour,,
,2014-05,Cheshire Constabulary,Cheshire Constabulary,-2.158661,53.254659,On or near Sandown Place,E01018646,Cheshire East 019C,Anti-social behaviour,,
,2014-05,Cheshire Constabulary,Cheshire Constabulary,-2.159596,53.252177,On or near Beeston Terrace,E01018646,Cheshire East 019C,Anti-social behaviour,,
,2014-05,Cheshire Constabulary,Cheshire Constabulary,-2.160223,53.255457,On or near Bostock Road,E01018646,Cheshire East 019C,Anti-social behaviour,,
,2014-05,Cheshire Constabulary,Cheshire Constabulary,-2.154935,53.252327,On or near Ambleside Close,E01018646,Cheshire East 019C,Anti-social behaviour,,
,2014-05,Cheshire Constabulary,Cheshire Constabulary,-2.161056,53.253802,On or near Tennyson Close,E01018646,Cheshire East 019C,Anti-social behaviour,,
,2014-05,Cheshire Constabulary,Cheshire Constabulary,-2.154935,53.252327,On or near Ambleside Close,E01018646,Cheshire East 019C,Anti-social behaviour,,
c5e66e4efa538b4a2e9758e547b377fd0b15d860e66876a0fdfcaa1c202aff2e,2014-05,Cheshire Constabulary,Cheshire Constabulary,-2.154935,53.252327,On or near Ambleside Close,E01018646,Cheshire East 019C,Criminal damage and arson,Awaiting court outcome,
b045334c377907ae54c6a1a51fb48cde93987a3b87e951c5ada10ff293aa8558,2014-05,Cheshire Constabulary,Cheshire Constabulary,-2.159596,53.252177,On or near Beeston Terrace,E01018646,Cheshire East 019C,Criminal damage and arson,Under investigation,
ce637099c88ea45dcb3b11240564f2e1b6bf9a8c4efdbef9964954aae7101056,2014-05,Cheshire Constabulary,Cheshire Constabulary,-2.159596,53.252177,On or near Beeston Terrace,E01018646,Cheshire East 019C,Criminal damage and arson,Under investigation,
2ab795afcbcfcbdbc66c5ce8777539505d37b81c24e0ace2f06e49a66e08d78b,2014-05,Cheshire Constabulary,Cheshire Constabulary,-2.159127,53.251036,On or near Wilton Crescent,E01018646,Cheshire East 019C,Criminal damage and arson,Under investigation,
8b0bd2d3c69e6fa82fc581790b921a543f45a192396e74dbd219b447b58e22e4,2014-05,Cheshire Constabulary,Cheshire Constabulary,-2.158661,53.254659,On or near Sandown Place,E01018646,Cheshire East 019C,Vehicle crime,Investigation complete; no suspect identified,
92f3c65c081b02fb8d967103b9a78fae0874c5753bcd92ae6a091b9bdf135f0c,2014-05,Cheshire Constabulary,Cheshire Constabulary,-2.161056,53.253802,On or near Tennyson Close,E01018646,Cheshire East 019C,Violence and sexual offences,Offender given a caution,
8c3bb68fce6ef83ad0f32e6efbe17389d6cb85ea33aa129036028351b5e5553d,2014-05,Cheshire Constabulary,Cheshire Constabulary,-2.159596,53.252177,On or near Beeston Terrace,E01018646,Cheshire East 019C,Violence and sexual offences,Under investigation,
b487842e25b8a0c396ccf28c19f2d46539ac0414927db68f8630675b87d92a26,2014-05,Cheshire Constabulary,Cheshire Constabulary,-2.157836,53.250399,On or near Warwick Road,E01018646,Cheshire East 019C,Violence and sexual offences,Under investigation,
3dccd6b30807026850cd64ba36fb052c1b232b8b2394d538001fce2a733a73cf,2014-05,Cheshire Constabulary,Cheshire Constabulary,-2.159814,53.254280,On or near Hewetson Crescent,E01018646,Cheshire East 019C,Violence and sexual offences,Awaiting court outcome,
5d41724e078f8b91301a470782a28602acc4f68bfe58c1ebab36fd7e14b771a6,2014-05,Cheshire Constabulary,Cheshire Constabulary,-2.159814,53.254280,On or near Hewetson Crescent,E01018646,Cheshire East 019C,Other crime,Awaiting court outcome,
8bf17e049ca188e6463c89f9f1e278d050730bf05512b1e3bf049058947909f9,2014-05,Cheshire Constabulary,Cheshire Constabulary,-2.159814,53.254280,On or near Hewetson Crescent,E01018646,Cheshire East 019C,Other crime,Awaiting court outcome,
,2014-05,Cheshire Constabulary,Cheshire Constabulary,-2.158149,53.258183,On or near Cherryfields Road,E01018647,Cheshire East 019D,Anti-social behaviour,,
,2014-05,Cheshire Constabulary,Cheshire Constabulary,-2.152965,53.258945,On or near Merebrook Road,E01018647,Cheshire East 019D,Anti-social behaviour,,
,2014-05,Cheshire Constabulary,Cheshire Constabulary,-2.154347,53.259563,On or near Springfield Road,E01018647,Cheshire East 019D,Anti-social behaviour,,
31e5240c10e3438d2794725e96d37807397c68cff4accce229391eacbeac44c8,2014-05,Cheshire Constabulary,Cheshire Constabulary,-2.158333,53.255217,On or near Earlsway,E01018647,Cheshire East 019D,Burglary,Under investigation,
49022229359de855a94368432668574cfafa19e93f9844c26901882e7d6a0bfb,2014-05,Cheshire Constabulary,Cheshire Constabulary,-2.161376,53.259302,On or near A537,E01018647,Cheshire East 019D,Shoplifting,Under investigation,
,2014-05,Cheshire Constabulary,Cheshire Constabulary,-2.148495,53.244991,On or near Rising Sun Close,E01018591,Cheshire East 020A,Anti-social behaviour,,
,2014-05,Cheshire Constabulary,Cheshire Constabulary,-2.148495,53.244991,On or near Rising Sun Close,E01018591,Cheshire East 020A,Anti-social behaviour,,
646e889fd1ec2919021ee5e189b0332a98085641c9984f72cc011a672c52949d,2014-05,Cheshire Constabulary,Cheshire Constabulary,-2.174878,53.210429,On or near Shellow Lane,E01018591,Cheshire East 020A,Criminal damage and arson,Investigation complete; no suspect identified,
fd1058febbddd373e8d9ab8babd21c04eec0bd4bbc3934515287895f59e74db0,2014-05,Cheshire Constabulary,Cheshire Constabulary,-2.158265,53.232835,On or near Lowes Lane,E01018591,Cheshire East 020A,Other theft,Under investigation,
,2014-05,Cheshire Constabulary,Cheshire Constabulary,-2.258774,53.232874,On or near Chapel Lane,E01018597,Cheshire East 020B,Anti-social behaviour,,
,2014-05,Cheshire Constabulary,Cheshire Constabulary,-2.258774,53.232874,On or near Chapel Lane,E01018597,Cheshire East 020B,Anti-social behaviour,,
ee6d5c1c9a31a61386d6c0c0d4a1a9e0ada5af1b48129f2b4ff5169e1c15d3d4,2014-05,Cheshire Constabulary,Cheshire Constabulary,-2.225393,53.212313,On or near School Lane,E01018597,Cheshire East 020B,Drugs,Offender given a drugs possession warning,
f4a5fa8b6d8ea976644aef24caf8a76bb83babd373b087599d9fb0441ef91ed6,2014-05,Cheshire Constabulary,Cheshire Constabulary,-2.241644,53.250295,On or near Park/Open Space,E01018597,Cheshire East 020B,Other theft,Investigation complete; no suspect identified,
a1140aec191add764c1b3339fff89283f2bb34fc9e7804e471727bdcccc967b4,2014-05,Cheshire Constabulary,Cheshire Constabulary,-2.241644,53.250295,On or near Park/Open Space,E01018597,Cheshire East 020B,Vehicle crime,Investigation complete; no suspect identified,
5236aad008a6233750ef520ef3ac834388a6dda59cb25ce899da14e37554768e,2014-05,Cheshire Constabulary,Cheshire Constabulary,-2.197496,53.286924,On or near Festival Drive,E01018597,Cheshire East 020B,Violence and sexual offences,Unable to prosecute suspect,
,2014-05,Cheshire Constabulary,Cheshire Constabulary,-2.063034,53.285957,On or near B5470,E01018669,Cheshire East 020C,Anti-social behaviour,,
,2014-05,Cheshire Constabulary,Cheshire Constabulary,-2.019864,53.314898,On or near Paddock Close,E01018669,Cheshire East 020C,Anti-social behaviour,,
cef88d08137f370ccf860d83f33c6b879334eed314b4198561367079042511d4,2014-05,Cheshire Constabulary,Cheshire Constabulary,-2.100569,53.269428,On or near Rainow Road,E01018669,Cheshire East 020C,Burglary,Investigation complete; no suspect identified,
540867262e34106d9bc95f69e34e0d21afabebbd2b5208148163e7abcb2e1807,2014-05,Cheshire Constabulary,Cheshire Constabulary,-2.104070,53.266117,On or near Springhill,E01018669,Cheshire East 020C,Burglary,Investigation complete; no suspect identified,
4a2375a96068d6313c97fb3886db20a2e1c61fc71f02dfc4e88a6218857e818e,2014-05,Cheshire Constabulary,Cheshire Constabulary,-2.104070,53.266117,On or near Springhill,E01018669,Cheshire East 020C,Burglary,Under investigation,
69dc34c3d841026953a61cbfb17fa97fcdcc10ef94f4ca7d6820ae2c737a324b,2014-05,Cheshire Constabulary,Cheshire Constabulary,-2.081806,53.274431,On or near Penny Lane,E01018669,Cheshire East 020C,Criminal damage and arson,Investigation complete; no suspect identified,
8267dce6b8db6a3503c212ad32b33edcc3287918f83a5e788c6898815643da49,2014-05,Cheshire Constabulary,Cheshire Constabulary,-2.058287,53.182184,On or near Park/Open Space,E01018670,Cheshire East 020D,Burglary,Under investigation,
b169f572dc0d6fedf1051c9fb7e768bd0046e79180bf1e11701b2d7e3b9caa70,2014-05,Cheshire Constabulary,Cheshire Constabulary,-2.119101,53.220646,On or near Parking Area,E01018670,Cheshire East 020D,Burglary,Investigation complete; no suspect identified,
8fd30b1c88acdcc9a676884b612573d11312c2c7716bb887fedd096bade44061,2014-05,Cheshire Constabulary,Cheshire Constabulary,-2.114482,53.235132,On or near Walker Lane,E01018670,Cheshire East 020D,Burglary,Investigation complete; no suspect identified,
7122f1863b5de28da7df95466baa01b8b38298debf5811ce6ab0fd1120708e99,2014-05,Cheshire Constabulary,Cheshire Constabulary,-2.112449,53.242613,On or near Byron'S Lane,E01018670,Cheshire East 020D,Burglary,Investigation complete; no suspect identified,
e6f1e00ea3c61855921134df5afeabad21ec85125eed5c0ed2af4b107eb408da,2014-05,Cheshire Constabulary,Cheshire Constabulary,-2.110222,53.239163,On or near Selwyn Drive,E01018670,Cheshire East 020D,Vehicle crime,Investigation complete; no suspect identified,
,2014-05,Cheshire Constabulary,Cheshire Constabulary,-2.131320,53.244391,On or near Ash Grove,E01018637,Cheshire East 021A,Anti-social behaviour,,
,2014-05,Cheshire Constabulary,Cheshire Constabulary,-2.131320,53.244391,On or near Ash Grove,E01018637,Cheshire East 021A,Anti-social behaviour,,
,2014-05,Cheshire Constabulary,Cheshire Constabulary,-2.134287,53.244514,On or near Stamford Road,E01018637,Cheshire East 021A,Anti-social behaviour,,
57f6f5704b1a3374cf5202d6a605e909c6fec3abfc0e6c7bbc720cefe0048656,2014-05,Cheshire Constabulary,Cheshire Constabulary,-2.130219,53.242253,On or near Moorhill Road,E01018637,Cheshire East 021A,Criminal damage and arson,Investigation complete; no suspect identified,
b1dbc2c483f39617da27cacab727c7a1002cefb1e37d29e8c7cfa55e23f3ba48,2014-05,Cheshire Constabulary,Cheshire Constabulary,-2.130219,53.242253,On or near Moorhill Road,E01018637,Cheshire East 021A,Violence and sexual offences,Unable to prosecute suspect,
253ae2d2dbfbdc1d979191adfc4eb3d833c033b447406ce0adb2e2d917c7823b,2014-05,Cheshire Constabulary,Cheshire Constabulary,-2.133452,53.245782,On or near Mayfield Terrace,E01018637,Cheshire East 021A,Violence and sexual offences,Under investigation,
,2014-05,Cheshire Constabulary,Cheshire Constabulary,-2.123232,53.235384,On or near Robin Crescent,E01018638,Cheshire East 021B,Anti-social behaviour,,
,2014-05,Cheshire Constabulary,Cheshire Constabulary,-2.127684,53.241312,On or near Star Lane,E01018638,Cheshire East 021B,Anti-social behaviour,,
,2014-05,Cheshire Constabulary,Cheshire Constabulary,-2.123769,53.245091,On or near Sherwood Road,E01018638,Cheshire East 021B,Anti-social behaviour,,
,2014-05,Cheshire Constabulary,Cheshire Constabulary,-2.123232,53.235384,On or near Robin Crescent,E01018638,Cheshire East 021B,Anti-social behaviour,,
,2014-05,Cheshire Constabulary,Cheshire Constabulary,-2.127684,53.241312,On or near Star Lane,E01018638,Cheshire East 021B,Anti-social behaviour,,
,2014-05,Cheshire Constabulary,Cheshire Constabulary,-2.123232,53.235384,On or near Robin Crescent,E01018638,Cheshire East 021B,Anti-social behaviour,,
,2014-05,Cheshire Constabulary,Cheshire Constabulary,-2.123232,53.235384,On or near Robin Crescent,E01018638,Cheshire East 021B,Anti-social behaviour,,
,2014-05,Cheshire Constabulary,Cheshire Constabulary,-2.127663,53.244368,On or near Frith Terrace,E01018638,Cheshire East 021B,Anti-social behaviour,,
,2014-05,Cheshire Constabulary,Cheshire Constabulary,-2.123232,53.235384,On or near Robin Crescent,E01018638,Cheshire East 021B,Anti-social behaviour,,
3d1ab4c31eb4bab52cbc192925308c2dcedf5b6e1ecbb43a78f31d33af11d2d1,2014-05,Cheshire Constabulary,Cheshire Constabulary,-2.124565,53.235391,On or near Robin Lane,E01018638,Cheshire East 021B,Burglary,Investigation complete; no suspect identified,
554fe0de63927d873652095df812a44b14acf797d481a51fc51f9e22bf0eea62,2014-05,Cheshire Constabulary,Cheshire Constabulary,-2.125474,53.233692,On or near Pendlebury Gardens,E01018638,Cheshire East 021B,Burglary,Investigation complete; no suspect identified,
181de3faa69504b04a7eea74f80a6af71be50cc75f495a03874e3f957bd372a4,2014-05,Cheshire Constabulary,Cheshire Constabulary,-2.118145,53.238023,On or near Bullocks Lane,E01018638,Cheshire East 021B,Burglary,Investigation complete; no suspect identified,
6689f0030121be9bb9046093a44c4880dbece9baa7a32be3da88047386cf0845,2014-05,Cheshire Constabulary,Cheshire Constabulary,-2.118145,53.238023,On or near Bullocks Lane,E01018638,Cheshire East 021B,Burglary,Investigation complete; no suspect identified,
74e36f968e298d912b367b8ac96f15716dae512a2d7c86c23212d522e39dc587,2014-05,Cheshire Constabulary,Cheshire Constabulary,-2.128593,53.244637,On or near Windsor Square,E01018638,Cheshire East 021B,Public order,Unable to prosecute suspect,
,2014-05,Cheshire Constabulary,Cheshire Constabulary,-2.122330,53.249911,On or near St Barnabas Court,E01018639,Cheshire East 021C,Anti-social behaviour,,
,2014-05,Cheshire Constabulary,Cheshire Constabulary,-2.122330,53.249911,On or near St Barnabas Court,E01018639,Cheshire East 021C,Anti-social behaviour,,
,2014-05,Cheshire Constabulary,Cheshire Constabulary,-2.122022,53.252284,On or near Mill Road,E01018639,Cheshire East 021C,Anti-social behaviour,,
,2014-05,Cheshire Constabulary,Cheshire Constabulary,-2.122022,53.252284,On or near Mill Road,E01018639,Cheshire East 021C,Anti-social behaviour,,
,2014-05,Cheshire Constabulary,Cheshire Constabulary,-2.123348,53.249505,On or near Cow Lane,E01018639,Cheshire East 021C,Anti-social behaviour,,
,2014-05,Cheshire Constabulary,Cheshire Constabulary,-2.122964,53.246404,On or near London Road Terrace,E01018639,Cheshire East 021C,Anti-social behaviour,,
,2014-05,Cheshire Constabulary,Cheshire Constabulary,-2.124953,53.250142,On or near Clarke Terrace,E01018639,Cheshire East 021C,Anti-social behaviour,,
,2014-05,Cheshire Constabulary,Cheshire Constabulary,-2.122330,53.249911,On or near St Barnabas Court,E01018639,Cheshire East 021C,Anti-social behaviour,,
,2014-05,Cheshire Constabulary,Cheshire Constabulary,-2.122330,53.249911,On or near St Barnabas Court,E01018639,Cheshire East 021C,Anti-social behaviour,,
,2014-05,Cheshire Constabulary,Cheshire Constabulary,-2.122330,53.249911,On or near St Barnabas Court,E01018639,Cheshire East 021C,Anti-social behaviour,,
,2014-05,Cheshire Constabulary,Cheshire Constabulary,-2.122022,53.252284,On or near Mill Road,E01018639,Cheshire East 021C,Anti-social behaviour,,
,2014-05,Cheshire Constabulary,Cheshire Constabulary,-2.122140,53.251763,On or near Half Street,E01018639,Cheshire East 021C,Anti-social behaviour,,
1ef2c66128666303b09bfa1a2d13da176ff164ab5e3239cf783d694318d5c19f,2014-05,Cheshire Constabulary,Cheshire Constabulary,-2.118422,53.246032,On or near Byron'S Lane,E01018639,Cheshire East 021C,Burglary,Investigation complete; no suspect identified,
d2bac6043ff4fd9bc0972f5d660413aaf8226f82e0f97c2d3a1644fea94b502e,2014-05,Cheshire Constabulary,Cheshire Constabulary,-2.117561,53.248774,On or near Beech Grove,E01018639,Cheshire East 021C,Burglary,Under investigation,
e00dcf1f6314f84c75f3e02c1c476219e42995d8798db9ae2d88c9639be3dd08,2014-05,Cheshire Constabulary,Cheshire Constabulary,-2.122022,53.252284,On or near Mill Road,E01018639,Cheshire East 021C,Burglary,Under investigation,
30a56bb5242b9cbe9e877f6b21adde082c50192031da53a7bece963d3c957cd6,2014-05,Cheshire Constabulary,Cheshire Constabulary,-2.122022,53.252284,On or near Mill Road,E01018639,Cheshire East 021C,Criminal damage and arson,Investigation complete; no suspect identified,
6bae2659ef1321c850bbc53dd7fc2a515fc359a39094ac19ada7f20e4c89210e,2014-05,Cheshire Constabulary,Cheshire Constabulary,-2.124953,53.250142,On or near Clarke Terrace,E01018639,Cheshire East 021C,Criminal damage and arson,Under investigation,
904b48e5eb64874512532aa0db85e8d2e259ad0db2941c69f79c0105db5fbcfe,2014-05,Cheshire Constabulary,Cheshire Constabulary,-2.123348,53.249505,On or near Cow Lane,E01018639,Cheshire East 021C,Criminal damage and arson,Investigation complete; no suspect identified,
539079a876692d276d3349dce44b47ce2b4e446cdb8fcdad228143bb0e1716ca,2014-05,Cheshire Constabulary,Cheshire Constabulary,-2.123348,53.249505,On or near Cow Lane,E01018639,Cheshire East 021C,Other theft,Under investigation,
121bdd58bbd2d422c9f699628e4259c9eecb10d12cc6a57958522d5642538ca3,2014-05,Cheshire Constabulary,Cheshire Constabulary,-2.123080,53.250305,On or near Smith Street,E01018639,Cheshire East 021C,Other theft,Under investigation,
6e84fb7c401b4d07047cf6d39fa996f84a7dbe8f5006ccfa5b717e9cd66e8851,2014-05,Cheshire Constabulary,Cheshire Constabulary,-2.122871,53.250656,On or near High Street,E01018639,Cheshire East 021C,Violence and sexual offences,Under investigation,
21cf718fef4d2ec690df5a271eba912702c26188fffba747bc043b3176fe96a6,2014-05,Cheshire Constabulary,Cheshire Constabulary,-2.123080,53.250305,On or near Smith Street,E01018639,Cheshire East 021C,Violence and sexual offences,Awaiting court outcome,
367504ed18bd3d590eab2bcc13b03b72702e2f0f6a1dcf1d5cb8392d66f0a206,2014-05,Cheshire Constabulary,Cheshire Constabulary,-2.122022,53.252284,On or near Mill Road,E01018639,Cheshire East 021C,Violence and sexual offences,Investigation complete; no suspect identified,
412430a68144a5560b4815bd5fa74460e2447e4690d3dd5cb1c9a2b088457891,2014-05,Cheshire Constabulary,Cheshire Constabulary,-2.124953,53.250142,On or near Clarke Terrace,E01018639,Cheshire East 021C,Violence and sexual offences,Unable to prosecute suspect,
0723580edc706a7a2a0e93e20281d5041d82823db43dab3759dd2c1db53cf7d7,2014-05,Cheshire Constabulary,Cheshire Constabulary,-2.122871,53.250656,On or near High Street,E01018639,Cheshire East 021C,Violence and sexual offences,Unable to prosecute suspect,
,2014-05,Cheshire Constabulary,Cheshire Constabulary,-2.125412,53.248245,On or near Briarwood Avenue,E01018640,Cheshire East 021D,Anti-social behaviour,,
,2014-05,Cheshire Constabulary,Cheshire Constabulary,-2.128079,53.248152,On or near Hulme Square,E01018640,Cheshire East 021D,Anti-social behaviour,,
,2014-05,Cheshire Constabulary,Cheshire Constabulary,-2.128737,53.247603,On or near Fir Grove,E01018640,Cheshire East 021D,Anti-social behaviour,,
,2014-05,Cheshire Constabulary,Cheshire Constabulary,-2.125412,53.248245,On or near Briarwood Avenue,E01018640,Cheshire East 021D,Anti-social behaviour,,
,2014-05,Cheshire Constabulary,Cheshire Constabulary,-2.125412,53.248245,On or near Briarwood Avenue,E01018640,Cheshire East 021D,Anti-social behaviour,,
a27d86bf0733374af5c81a8cb768a271fbaf153ede853ac3a592f999dc0df684,2014-05,Cheshire Constabulary,Cheshire Constabulary,-2.124227,53.247895,On or near Sunny Bank Close,E01018640,Cheshire East 021D,Criminal damage and arson,Investigation complete; no suspect identified,
5bfb1e1e2c308c9014400f98e01459a68309f9e57671db9fbb27998d7f6e9658,2014-05,Cheshire Constabulary,Cheshire Constabulary,-2.124227,53.247895,On or near Sunny Bank Close,E01018640,Cheshire East 021D,Criminal damage and arson,Unable to prosecute suspect,
68bdfe053b9f948c38c23b4c306a7adfc582a56d98e183eaf332ad7a273a7ec2,2014-05,Cheshire Constabulary,Cheshire Constabulary,-2.127357,53.247128,On or near Sanders Square,E01018640,Cheshire East 021D,Public order,Under investigation,
e31b883ccd36fd40ecc6ba0835bc6df318c2b779eb0cfb04ce48c2fce98561e1,2014-05,Cheshire Constabulary,Cheshire Constabulary,-2.127249,53.245977,On or near Western Avenue,E01018640,Cheshire East 021D,Violence and sexual offences,Under investigation,
0b15cabbb69ad8ae1f24fbec8ad1b886fd25f0506afa1060455ed65513ff3f91,2014-05,Cheshire Constabulary,Cheshire Constabulary,-2.127357,53.247128,On or near Sanders Square,E01018640,Cheshire East 021D,Violence and sexual offences,Investigation complete; no suspect identified,
0643bd1c90b751a3eaa21ae1029072073c05e21eb0460663a6b26c51bb8866b2,2014-05,Cheshire Constabulary,Cheshire Constabulary,-2.123360,53.248480,On or near Roseway,E01018640,Cheshire East 021D,Violence and sexual offences,Under investigation,
,2014-05,Cheshire Constabulary,Cheshire Constabulary,-2.221216,53.171754,On or near John Bradshaw Court,E01018393,Cheshire East 022A,Anti-social behaviour,,
,2014-05,Cheshire Constabulary,Cheshire Constabulary,-2.214823,53.140825,On or near Gorse Lane,E01018393,Cheshire East 022A,Anti-social behaviour,,
,2014-05,Cheshire Constabulary,Cheshire Constabulary,-2.243613,53.190596,On or near Giantswood Lane,E01018393,Cheshire East 022A,Anti-social behaviour,,
,2014-05,Cheshire Constabulary,Cheshire Constabulary,-2.271197,53.181376,On or near Hawthorn Lane,E01018393,Cheshire East 022A,Anti-social behaviour,,
a0a86c5e30c566ceb27ecfa1e554d83f68e365a88e40dfeef40f3a91cc5a2973,2014-05,Cheshire Constabulary,Cheshire Constabulary,-2.226230,53.140975,On or near Watery Lane,E01018393,Cheshire East 022A,Burglary,Investigation complete; no suspect identified,
85065e6f7757382c5fe4d3e758c23151c8badcd2a5a490f1f878b340646b7e80,2014-05,Cheshire Constabulary,Cheshire Constabulary,-2.212413,53.134205,On or near Fence Lane,E01018393,Cheshire East 022A,Drugs,Under investigation,
b195df3ef899384e96b4e861813ad1935818b6442b6025d45f7ce96ab289cadf,2014-05,Cheshire Constabulary,Cheshire Constabulary,-2.300312,53.133674,On or near Love Lane,E01018393,Cheshire East 022A,Other theft,Under investigation,
c24f9fa9db174f52b0bc515eb9eda1954fa59248e5f1f7a13fe01cebff95a435,2014-05,Cheshire Constabulary,Cheshire Constabulary,-2.217934,53.170618,On or near Shopping Area,E01018393,Cheshire East 022A,Shoplifting,Offender given community sentence,
4ff271fba7bc7ffc03b5a5564891267c41be687c230280d7486e9ead4292f8aa,2014-05,Cheshire Constabulary,Cheshire Constabulary,-2.217934,53.170618,On or near Shopping Area,E01018393,Cheshire East 022A,Shoplifting,Investigation complete; no suspect identified,
,2014-05,Cheshire Constabulary,Cheshire Constabulary,-2.354471,53.225248,On or near Nether Lea,E01018411,Cheshire East 022B,Anti-social behaviour,,
,2014-05,Cheshire Constabulary,Cheshire Constabulary,-2.374682,53.215532,On or near Carver Avenue,E01018411,Cheshire East 022B,Anti-social behaviour,,
,2014-05,Cheshire Constabulary,Cheshire Constabulary,-2.354471,53.225248,On or near Nether Lea,E01018411,Cheshire East 022B,Anti-social behaviour,,
18560573bb6f739369faf18cb7494e8408a604299eb46f45acbc17ceb411fcad,2014-05,Cheshire Constabulary,Cheshire Constabulary,-2.375857,53.211214,On or near Conference/Exhibition Centre,E01018411,Cheshire East 022B,Violence and sexual offences,Under investigation,
,2014-05,Cheshire Constabulary,Cheshire Constabulary,-2.333822,53.226153,On or near The Old Paddock,E01018412,Cheshire East 022C,Anti-social behaviour,,
,2014-05,Cheshire Constabulary,Cheshire Constabulary,-2.333822,53.226153,On or near The Old Paddock,E01018412,Cheshire East 022C,Anti-social behaviour,,
,2014-05,Cheshire Constabulary,Cheshire Constabulary,-2.354482,53.228466,On or near Swanwick Close,E01018412,Cheshire East 022C,Anti-social behaviour,,
0b866f70776173e32b081d9b872808428866fba46df27f6b9fe4e01f2f8cfc6b,2014-05,Cheshire Constabulary,Cheshire Constabulary,-2.357755,53.229310,On or near Wood Lane,E01018412,Cheshire East 022C,Burglary,Investigation complete; no suspect identified,
d7c549d4358d6390154908454d7ae1dea57b2d44618c46637cf3583b3ea048b2,2014-05,Cheshire Constabulary,Cheshire Constabulary,-2.356318,53.229431,On or near Eaton Lane,E01018412,Cheshire East 022C,Burglary,Investigation complete; no suspect identified,
603bef7f718d4360109e3642d3d88421155dd51920b15e4e41c9c488cf0c61dc,2014-05,Cheshire Constabulary,Cheshire Constabulary,-2.356822,53.227030,On or near Meadow Avenue,E01018412,Cheshire East 022C,Other theft,Investigation complete; no suspect identified,
c7123a4114a3ee91b7e5f57eaaf4ddeea6794aff383db3881a18d1dc0a1b90cd,2014-05,Cheshire Constabulary,Cheshire Constabulary,-2.357702,53.228295,On or near Forest Avenue,E01018412,Cheshire East 022C,Other theft,Investigation complete; no suspect identified,
c150c261fa221e1e9250017843db08101a2803ba459ef50676176232628e5e17,2014-05,Cheshire Constabulary,Cheshire Constabulary,-2.356822,53.227030,On or near Meadow Avenue,E01018412,Cheshire East 022C,Other theft,Investigation complete; no suspect identified,
fcdeb906be42e106195b2563169ff8c242a3ef9141c63067e2f579396082c68b,2014-05,Cheshire Constabulary,Cheshire Constabulary,-2.359024,53.226969,On or near Birch Tree Lane,E01018412,Cheshire East 022C,Other theft,Investigation complete; no suspect identified,
e42c7799ed8872273a8597b6c01a309bc95fbeebee6e89b59fc6f40fc5400a3a,2014-05,Cheshire Constabulary,Cheshire Constabulary,-2.353396,53.227471,On or near Sandy Lane,E01018412,Cheshire East 022C,Other theft,Investigation complete; no suspect identified,
e616c77390fea54f8271ecda4714f16b50c7af754813b5096a126bdda3b7d490,2014-05,Cheshire Constabulary,Cheshire Constabulary,-2.333822,53.226153,On or near The Old Paddock,E01018412,Cheshire East 022C,Vehicle crime,Investigation complete; no suspect identified,
50fda447a9374beaf11fa047a2f04e206f5e1360df3c6b60f2e659be505bc428,2014-05,Cheshire Constabulary,Cheshire Constabulary,-2.305154,53.226301,On or near Sports/Recreation Area,E01018412,Cheshire East 022C,Violence and sexual offences,Under investigation,
,2014-05,Cheshire Constabulary,Cheshire Constabulary,-2.357105,53.203424,On or near Hawthorn Villas,E01018413,Cheshire East 023A,Anti-social behaviour,,
,2014-05,Cheshire Constabulary,Cheshire Constabulary,-2.352198,53.203870,On or near Hermitage Drive,E01018413,Cheshire East 023A,Anti-social behaviour,,
,2014-05,Cheshire Constabulary,Cheshire Constabulary,-2.346538,53.200040,On or near Manor Lane,E01018413,Cheshire East 023A,Anti-social behaviour,,
73b7a2c1ced12519e201c9899fcea0be5eaa5121fe095defa83dbb099632efee,2014-05,Cheshire Constabulary,Cheshire Constabulary,-2.344138,53.204990,On or near A535,E01018413,Cheshire East 023A,Other theft,Under investigation,
33cdd144f59069e8ca4aee0193b139bc7d0bfe4ffdde3d3d95d1ce77c28fc49f,2014-05,Cheshire Constabulary,Cheshire Constabulary,-2.348140,53.203756,On or near Chestnut Drive,E01018413,Cheshire East 023A,Vehicle crime,Investigation complete; no suspect identified,
,2014-05,Cheshire Constabulary,Cheshire Constabulary,-2.367444,53.201002,On or near Hillcrest Avenue,E01018414,Cheshire East 023B,Anti-social behaviour,,
,2014-05,Cheshire Constabulary,Cheshire Constabulary,-2.369315,53.199261,On or near Mardale Court,E01018414,Cheshire East 023B,Anti-social behaviour,,
,2014-05,Cheshire Constabulary,Cheshire Constabulary,-2.367073,53.196068,On or near Dunoon Close,E01018414,Cheshire East 023B,Anti-social behaviour,,
,2014-05,Cheshire Constabulary,Cheshire Constabulary,-2.373927,53.202842,On or near Ravenscroft,E01018414,Cheshire East 023B,Anti-social behaviour,,
bd7673ad5a23228f380be2dba9e10065d8de12b5620b9c38eba46647fb7d65ef,2014-05,Cheshire Constabulary,Cheshire Constabulary,-2.380517,53.201401,On or near Middlewich Road,E01018414,Cheshire East 023B,Vehicle crime,Investigation complete; no suspect identified,
,2014-05,Cheshire Constabulary,Cheshire Constabulary,-2.356590,53.200900,On or near Parking Area,E01018415,Cheshire East 023C,Anti-social behaviour,,
080c0e62b36e65884dd127b87d29b8ec228c480d77698de46892505e1a6b1e40,2014-05,Cheshire Constabulary,Cheshire Constabulary,-2.358468,53.201703,On or near Parking Area,E01018415,Cheshire East 023C,Burglary,Under investigation,
d9198df4ff9552a33eaf83374dc4444b0afccea9a9b25402d5a74fa05ab4ff36,2014-05,Cheshire Constabulary,Cheshire Constabulary,-2.356590,53.200900,On or near Parking Area,E01018415,Cheshire East 023C,Shoplifting,Local resolution,
30bb45e708b37215297f021040f9a994fbd65e33b813738c6a67295b6fb3341c,2014-05,Cheshire Constabulary,Cheshire Constabulary,-2.356590,53.200900,On or near Parking Area,E01018415,Cheshire East 023C,Shoplifting,Under investigation,
372d7534da8991e7e268a7076e1ed7955c03f0d6c8227c717eb51af2f09e4c1e,2014-05,Cheshire Constabulary,Cheshire Constabulary,-2.358079,53.201740,On or near Supermarket,E01018415,Cheshire East 023C,Shoplifting,Investigation complete; no suspect identified,
09a34bdd38b879b65d4c307737358420a1b3c9dbeb4158228bd408a6b28883ed,2014-05,Cheshire Constabulary,Cheshire Constabulary,-2.356590,53.200900,On or near Parking Area,E01018415,Cheshire East 023C,Shoplifting,Local resolution,
0ce90e237850d37ae6490e43a6404a653e3f7bd5a984c0cfe20eaca7e468bad0,2014-05,Cheshire Constabulary,Cheshire Constabulary,-2.350587,53.199003,On or near Parking Area,E01018415,Cheshire East 023C,Vehicle crime,Under investigation,
,2014-05,Cheshire Constabulary,Cheshire Constabulary,-2.363405,53.199531,On or near Chester Road,E01018416,Cheshire East 023D,Anti-social behaviour,,
,2014-05,Cheshire Constabulary,Cheshire Constabulary,-2.449045,53.198025,On or near Harbutts View,E01018424,Cheshire East 024A,Anti-social behaviour,,
,2014-05,Cheshire Constabulary,Cheshire Constabulary,-2.449045,53.198025,On or near Harbutts View,E01018424,Cheshire East 024A,Anti-social behaviour,,
,2014-05,Cheshire Constabulary,Cheshire Constabulary,-2.452485,53.193491,On or near Newton Bank,E01018424,Cheshire East 024A,Anti-social behaviour,,
,2014-05,Cheshire Constabulary,Cheshire Constabulary,-2.449585,53.196693,On or near Paddock View,E01018424,Cheshire East 024A,Anti-social behaviour,,
207f8fb4dfa6d2c064d83079c58fcdf31c3f32c16e1f6d4b293df9129ab59980,2014-05,Cheshire Constabulary,Cheshire Constabulary,-2.449331,53.195327,On or near Seddon Street,E01018424,Cheshire East 024A,Criminal damage and arson,Investigation complete; no suspect identified,
0d15e8d64d3764faba5f6137568c2dcd4595803810547a0a2a1c2ba99ac51cbb,2014-05,Cheshire Constabulary,Cheshire Constabulary,-2.453525,53.194152,On or near Chester Road,E01018424,Cheshire East 024A,Other theft,Investigation complete; no suspect identified,
70ea79bff7b4bdca762b94755a460d96dbed547981604770a2f4879fa9e3139c,2014-05,Cheshire Constabulary,Cheshire Constabulary,-2.454291,53.193025,On or near Buckfast Way,E01018424,Cheshire East 024A,Violence and sexual offences,Unable to prosecute suspect,
,2014-05,Cheshire Constabulary,Cheshire Constabulary,-2.450829,53.192544,On or near Newton Heath,E01018425,Cheshire East 024B,Anti-social behaviour,,
,2014-05,Cheshire Constabulary,Cheshire Constabulary,-2.447339,53.193708,On or near St Michael'S Way,E01018425,Cheshire East 024B,Anti-social behaviour,,
,2014-05,Cheshire Constabulary,Cheshire Constabulary,-2.449890,53.192907,On or near Darlington Street,E01018425,Cheshire East 024B,Anti-social behaviour,,
,2014-05,Cheshire Constabulary,Cheshire Constabulary,-2.448869,53.191221,On or near West Street,E01018425,Cheshire East 024B,Anti-social behaviour,,
,2014-05,Cheshire Constabulary,Cheshire Constabulary,-2.448869,53.191221,On or near West Street,E01018425,Cheshire East 024B,Anti-social behaviour,,
,2014-05,Cheshire Constabulary,Cheshire Constabulary,-2.449791,53.190598,On or near Park Road,E01018425,Cheshire East 024B,Anti-social behaviour,,
,2014-05,Cheshire Constabulary,Cheshire Constabulary,-2.448869,53.191221,On or near West Street,E01018425,Cheshire East 024B,Anti-social behaviour,,
b1f6fb14aab041e2dad0516af6b3d01997b2a1f48c3a476a3749016cf0ccaef7,2014-05,Cheshire Constabulary,Cheshire Constabulary,-2.447080,53.191884,On or near Wallcroft Gardens,E01018425,Cheshire East 024B,Criminal damage and arson,Investigation complete; no suspect identified,
3c9f78fb17577e88972206013549accc9f9f2fb59869b835528f5c46ffbc580f,2014-05,Cheshire Constabulary,Cheshire Constabulary,-2.447080,53.191884,On or near Wallcroft Gardens,E01018425,Cheshire East 024B,Shoplifting,Under investigation,
9c774116d1385276746d98b9be2ff821ec3449e7f06c8e8cc60f92c8256c318d,2014-05,Cheshire Constabulary,Cheshire Constabulary,-2.447080,53.191884,On or near Wallcroft Gardens,E01018425,Cheshire East 024B,Shoplifting,Local resolution,
1dbb85d92aea435f276836cc2988529b828be33a5147f4771f24fae3a0d5689a,2014-05,Cheshire Constabulary,Cheshire Constabulary,-2.447885,53.192969,On or near Wheelock Street,E01018425,Cheshire East 024B,Shoplifting,Under investigation,
dfb8f3805ad4608365d6ffb88b61a5b4001ba9b7b9b681f2f8399c621212962e,2014-05,Cheshire Constabulary,Cheshire Constabulary,-2.447080,53.191884,On or near Wallcroft Gardens,E01018425,Cheshire East 024B,Shoplifting,Under investigation,
b8d7aaff04c366fb3a107396b3c9f55b216f776dc1ab6448759f78045ddcd9eb,2014-05,Cheshire Constabulary,Cheshire Constabulary,-2.445903,53.192356,On or near Supermarket,E01018425,Cheshire East 024B,Violence and sexual offences,Under investigation,
696c215a4ab791e941411fc36550711d657ea5915c60b76293ccc6e67aaa7e33,2014-05,Cheshire Constabulary,Cheshire Constabulary,-2.446173,53.192427,On or near Dierdens Terrace,E01018425,Cheshire East 024B,Other crime,Under investigation,
,2014-05,Cheshire Constabulary,Cheshire Constabulary,-2.445072,53.188764,On or near Sandown Close,E01018426,Cheshire East 024C,Anti-social behaviour,,
,2014-05,Cheshire Constabulary,Cheshire Constabulary,-2.444063,53.191086,On or near Motorway Service Area,E01018426,Cheshire East 024C,Anti-social behaviour,,
,2014-05,Cheshire Constabulary,Cheshire Constabulary,-2.444509,53.192199,On or near Hightown,E01018426,Cheshire East 024C,Anti-social behaviour,,
,2014-05,Cheshire Constabulary,Cheshire Constabulary,-2.445424,53.185221,On or near Manor Fields,E01018426,Cheshire East 024C,Anti-social behaviour,,
,2014-05,Cheshire Constabulary,Cheshire Constabulary,-2.444707,53.188208,On or near Stallard Way,E01018426,Cheshire East 024C,Anti-social behaviour,,
,2014-05,Cheshire Constabulary,Cheshire Constabulary,-2.444509,53.192199,On or near Hightown,E01018426,Cheshire East 024C,Anti-social behaviour,,
,2014-05,Cheshire Constabulary,Cheshire Constabulary,-2.445424,53.185221,On or near Manor Fields,E01018426,Cheshire East 024C,Anti-social behaviour,,
,2014-05,Cheshire Constabulary,Cheshire Constabulary,-2.444387,53.189099,On or near Ventnor Close,E01018426,Cheshire East 024C,Anti-social behaviour,,
071ff99daa0f2bd679579b5e3f1d226875d70905bf2d03416e8a6987304ee4a1,2014-05,Cheshire Constabulary,Cheshire Constabulary,-2.445369,53.192825,On or near The Bull Ring,E01018426,Cheshire East 024C,Bicycle theft,Investigation complete; no suspect identified,
8272b1e1d055a7271be5baabc20f7fd14a5ae8019448885e6329cd5f56f961af,2014-05,Cheshire Constabulary,Cheshire Constabulary,-2.444387,53.189099,On or near Ventnor Close,E01018426,Cheshire East 024C,Bicycle theft,Investigation complete; no suspect identified,
9bb5c03c4ac79b102302b6da7a3972661beec8c6127cb3fbc4310ccc5259ba28,2014-05,Cheshire Constabulary,Cheshire Constabulary,-2.445072,53.188764,On or near Sandown Close,E01018426,Cheshire East 024C,Criminal damage and arson,Under investigation,
2aca84b0fa124ffee0f855a60e12b283d6e31ac3230aa5335f05a5f36b738f26,2014-05,Cheshire Constabulary,Cheshire Constabulary,-2.445369,53.192825,On or near The Bull Ring,E01018426,Cheshire East 024C,Criminal damage and arson,Unable to prosecute suspect,
727983d2fe2005c76830053c26ad3e4e666586480da01f8737f7469bd7593925,2014-05,Cheshire Constabulary,Cheshire Constabulary,-2.447318,53.183092,On or near Manor Crescent,E01018426,Cheshire East 024C,Other theft,Investigation complete; no suspect identified,
e1cc182b24c7c06bd9c669bdd79dc381306b173b8da7c3ba6c2f2cffb8155722,2014-05,Cheshire Constabulary,Cheshire Constabulary,-2.444509,53.192199,On or near Hightown,E01018426,Cheshire East 024C,Violence and sexual offences,Under investigation,
dbed6e71538324f7e3d33d15382f1337e6e02055c0c918e484cf4f7f32c98f0b,2014-05,Cheshire Constabulary,Cheshire Constabulary,-2.444707,53.188208,On or near Stallard Way,E01018426,Cheshire East 024C,Violence and sexual offences,Formal action is not in the public interest,
,2014-05,Cheshire Constabulary,Cheshire Constabulary,-2.450438,53.182379,On or near Mottram Close,E01018427,Cheshire East 024D,Anti-social behaviour,,
,2014-05,Cheshire Constabulary,Cheshire Constabulary,-2.442618,53.175712,On or near Bunbury Close,E01018419,Cheshire East 025A,Anti-social behaviour,,
,2014-05,Cheshire Constabulary,Cheshire Constabulary,-2.436079,53.175655,On or near Byron Close,E01018419,Cheshire East 025A,Anti-social behaviour,,
,2014-05,Cheshire Constabulary,Cheshire Constabulary,-2.436079,53.175655,On or near Byron Close,E01018419,Cheshire East 025A,Anti-social behaviour,,
,2014-05,Cheshire Constabulary,Cheshire Constabulary,-2.442178,53.198428,On or near Shopping Area,E01018420,Cheshire East 025B,Anti-social behaviour,,
,2014-05,Cheshire Constabulary,Cheshire Constabulary,-2.438629,53.179169,On or near Supermarket,E01018421,Cheshire East 025C,Anti-social behaviour,,
,2014-05,Cheshire Constabulary,Cheshire Constabulary,-2.436070,53.179170,On or near Cross Lane,E01018421,Cheshire East 025C,Anti-social behaviour,,
11f9cc72e81f01260acbbf81eaeeb386e240cab7a0a6fb00de5202f7212c9bf0,2014-05,Cheshire Constabulary,Cheshire Constabulary,-2.438629,53.179169,On or near Supermarket,E01018421,Cheshire East 025C,Criminal damage and arson,Investigation complete; no suspect identified,
,2014-05,Cheshire Constabulary,Cheshire Constabulary,-2.436602,53.193235,On or near Dalton Way,E01018422,Cheshire East 025D,Anti-social behaviour,,
,2014-05,Cheshire Constabulary,Cheshire Constabulary,-2.440809,53.187566,On or near Park/Open Space,E01018422,Cheshire East 025D,Anti-social behaviour,,
,2014-05,Cheshire Constabulary,Cheshire Constabulary,-2.442374,53.192729,On or near Sea Bank,E01018422,Cheshire East 025D,Anti-social behaviour,,
,2014-05,Cheshire Constabulary,Cheshire Constabulary,-2.442264,53.186419,On or near St Anne'S Avenue,E01018422,Cheshire East 025D,Anti-social behaviour,,
f6d37586b74cbef2a7b27c524dc4893310bf5fb29795588dff40d96844d92e6c,2014-05,Cheshire Constabulary,Cheshire Constabulary,-2.441706,53.183086,On or near Oak Drive,E01018422,Cheshire East 025D,Burglary,Awaiting court outcome,
9b578a0497a4473367bb5ab294139f7c9e1f49d6a1334eccc1586c58e972a275,2014-05,Cheshire Constabulary,Cheshire Constabulary,-2.424311,53.182403,On or near Cledford Lane,E01018422,Cheshire East 025D,Criminal damage and arson,Investigation complete; no suspect identified,
8836304a5a48f1dfbf12539cae121ab7d98affca384034c8b0926101ca75cd16,2014-05,Cheshire Constabulary,Cheshire Constabulary,-2.432506,53.190733,On or near Sanderson Way,E01018422,Cheshire East 025D,Drugs,Awaiting court outcome,
8cdc12d38057e7499c126719383048ccf21e61dcb61014a562a924229e54aa05,2014-05,Cheshire Constabulary,Cheshire Constabulary,-2.432506,53.190733,On or near Sanderson Way,E01018422,Cheshire East 025D,Drugs,Offender deprived of property,
cd0b0f3a060f8521b0724d6c8ed2d9529a6e56531b9a84aba8bd3196c02cac5b,2014-05,Cheshire Constabulary,Cheshire Constabulary,-2.433404,53.195243,On or near Petrol Station,E01018422,Cheshire East 025D,Other theft,Investigation complete; no suspect identified,
8fbe2a3d2aedd96c9dcfc669357528d21c8ca41d75c8fdd71fcde9096129e3f5,2014-05,Cheshire Constabulary,Cheshire Constabulary,-2.441167,53.190360,On or near Maidenhills,E01018422,Cheshire East 025D,Violence and sexual offences,Unable to prosecute suspect,
53b87045e0545fa25c2e4d85800386034b3518bbf5267c29b7673e3b5c9c8f25,2014-05,Cheshire Constabulary,Cheshire Constabulary,-2.432506,53.190733,On or near Sanderson Way,E01018422,Cheshire East 025D,Violence and sexual offences,Awaiting court outcome,
dba480aadfc1c4e2ff8770c808b1e916b997332d166bedcc0bdd6e89b5e25152,2014-05,Cheshire Constabulary,Cheshire Constabulary,-2.432506,53.190733,On or near Sanderson Way,E01018422,Cheshire East 025D,Violence and sexual offences,Under investigation,
,2014-05,Cheshire Constabulary,Cheshire Constabulary,-2.442297,53.180855,On or near George Vi Avenue,E01018423,Cheshire East 025E,Anti-social behaviour,,
,2014-05,Cheshire Constabulary,Cheshire Constabulary,-2.436744,53.180668,On or near Alexandra Road,E01018423,Cheshire East 025E,Anti-social behaviour,,
,2014-05,Cheshire Constabulary,Cheshire Constabulary,-2.436744,53.180668,On or near Alexandra Road,E01018423,Cheshire East 025E,Anti-social behaviour,,
,2014-05,Cheshire Constabulary,Cheshire Constabulary,-2.440367,53.180925,On or near Coronation Road,E01018423,Cheshire East 025E,Anti-social behaviour,,
,2014-05,Cheshire Constabulary,Cheshire Constabulary,-2.440367,53.180925,On or near Coronation Road,E01018423,Cheshire East 025E,Anti-social behaviour,,
,2014-05,Cheshire Constabulary,Cheshire Constabulary,-2.443535,53.179016,On or near Redshaw Close,E01018423,Cheshire East 025E,Anti-social behaviour,,
,2014-05,Cheshire Constabulary,Cheshire Constabulary,-2.441204,53.179340,On or near Moss Drive,E01018423,Cheshire East 025E,Anti-social behaviour,,
,2014-05,Cheshire Constabulary,Cheshire Constabulary,-2.441204,53.179340,On or near Moss Drive,E01018423,Cheshire East 025E,Anti-social behaviour,,
,2014-05,Cheshire Constabulary,Cheshire Constabulary,-2.441496,53.181595,On or near Dale Court,E01018423,Cheshire East 025E,Anti-social behaviour,,
25073e9b7c938c74c85de8bdfe30792871eb4224027c68207b1478d437ec15d9,2014-05,Cheshire Constabulary,Cheshire Constabulary,-2.440228,53.181932,On or near Windsor Close,E01018423,Cheshire East 025E,Other theft,Unable to prosecute suspect,
05e9706438df26ed05c4db9ac7dd500c7e5b75fed8ad5ee01959aac12f13a890,2014-05,Cheshire Constabulary,Cheshire Constabulary,-2.440367,53.180925,On or near Coronation Road,E01018423,Cheshire East 025E,Vehicle crime,Investigation complete; no suspect identified,
5d4f81e19f644146e5c22d650060c0ed117f6e422ee75a0707eeebb9c812293d,2014-05,Cheshire Constabulary,Cheshire Constabulary,-2.440904,53.177821,On or near The Green,E01018423,Cheshire East 025E,Violence and sexual offences,Investigation complete; no suspect identified,
3b32b9cfe2175ac07eeffb214ec8063275d0bb321b644f958ec8640997bfca13,2014-05,Cheshire Constabulary,Cheshire Constabulary,-2.442297,53.180855,On or near George Vi Avenue,E01018423,Cheshire East 025E,Violence and sexual offences,Under investigation,
86a43c7a44bebb0f877b83bd3c98b6ef96ef1dd6942f5ead82156f4403c1ab07,2014-05,Cheshire Constabulary,Cheshire Constabulary,-2.444209,53.184857,On or near Fallon Court,E01018423,Cheshire East 025E,Violence and sexual offences,Formal action is not in the public interest,
,2014-05,Cheshire Constabulary,Cheshire Constabulary,-2.197675,53.169782,On or near Sandringham Road,E01018395,Cheshire East 026A,Anti-social behaviour,,
,2014-05,Cheshire Constabulary,Cheshire Constabulary,-2.199895,53.171126,On or near Havannah Street,E01018395,Cheshire East 026A,Anti-social behaviour,,
,2014-05,Cheshire Constabulary,Cheshire Constabulary,-2.199895,53.171126,On or near Havannah Street,E01018395,Cheshire East 026A,Anti-social behaviour,,
,2014-05,Cheshire Constabulary,Cheshire Constabulary,-2.197675,53.169782,On or near Sandringham Road,E01018395,Cheshire East 026A,Anti-social behaviour,,
,2014-05,Cheshire Constabulary,Cheshire Constabulary,-2.201398,53.169479,On or near King Street,E01018395,Cheshire East 026A,Anti-social behaviour,,
,2014-05,Cheshire Constabulary,Cheshire Constabulary,-2.195100,53.169309,On or near William Street,E01018395,Cheshire East 026A,Anti-social behaviour,,
53ec67af9c98a63a66f3a904b7f10522ee17f7b064618dd9d1c695874d8651fc,2014-05,Cheshire Constabulary,Cheshire Constabulary,-2.197253,53.169108,On or near Balmoral Gardens,E01018395,Cheshire East 026A,Burglary,Investigation complete; no suspect identified,
5bbf5387d6df406b3f3907fff5f1aab496766989a4e748c6ad9f6e62956085c2,2014-05,Cheshire Constabulary,Cheshire Constabulary,-2.202266,53.169513,On or near Queen Street,E01018395,Cheshire East 026A,Burglary,Investigation complete; no suspect identified,
c317edd76f346c35f1c08821fa5ce67d4ac7319a1e65ef9712430acda54397ca,2014-05,Cheshire Constabulary,Cheshire Constabulary,-2.189387,53.173157,On or near Davidson Avenue,E01018395,Cheshire East 026A,Burglary,Investigation complete; no suspect identified,
f8296fc23c007addc0f755cb0c59d3b4462cef6a58df87255f7a520d1815c075,2014-05,Cheshire Constabulary,Cheshire Constabulary,-2.201398,53.169479,On or near King Street,E01018395,Cheshire East 026A,Burglary,Under investigation,
f1747b8dbe8a98de50d4b3963b3e7c69941441a80e758771710228a5a246e130,2014-05,Cheshire Constabulary,Cheshire Constabulary,-2.195100,53.169309,On or near William Street,E01018395,Cheshire East 026A,Burglary,Under investigation,
ffc5f22da5af02943349493f7cb96fefb03ea2c661af87d6407c2fd83bad2cd5,2014-05,Cheshire Constabulary,Cheshire Constabulary,-2.173027,53.171043,On or near Middle Lane,E01018395,Cheshire East 026A,Criminal damage and arson,Under investigation,
ab1fd430fa1d80dcc82ad37bbbc0b204ee970cf222cfb0fea6ada667d9e6a7f3,2014-05,Cheshire Constabulary,Cheshire Constabulary,-2.201398,53.169479,On or near King Street,E01018395,Cheshire East 026A,Drugs,Under investigation,
d94ee0d6b42677ee16ef74f72080763c543f008c986acda155114f02d111b55a,2014-05,Cheshire Constabulary,Cheshire Constabulary,-2.191173,53.174377,On or near St John'S Road,E01018395,Cheshire East 026A,Shoplifting,Under investigation,
,2014-05,Cheshire Constabulary,Cheshire Constabulary,-2.191865,53.175247,On or near Ribblesdale Avenue,E01018396,Cheshire East 026B,Anti-social behaviour,,
,2014-05,Cheshire Constabulary,Cheshire Constabulary,-2.189787,53.175673,On or near Harvey Road,E01018396,Cheshire East 026B,Anti-social behaviour,,
1329651628ce8760dbd4b318f16da1f478ef638e82e45ba8f036690b7212261d,2014-05,Cheshire Constabulary,Cheshire Constabulary,-2.196540,53.176867,On or near Sports/Recreation Area,E01018396,Cheshire East 026B,Burglary,Under investigation,
bb3c86c21d0e5680d9182b2537696392d5fd4047dae36f1ac1244b406bbd3e3d,2014-05,Cheshire Constabulary,Cheshire Constabulary,-2.197729,53.171885,On or near Redfern Avenue,E01018396,Cheshire East 026B,Criminal damage and arson,Under investigation,
c2b30b41126f6b406e3afcc1dab62bc2bcf15f69cdd771b7930346a5d12034ee,2014-05,Cheshire Constabulary,Cheshire Constabulary,-2.197729,53.171885,On or near Redfern Avenue,E01018396,Cheshire East 026B,Criminal damage and arson,Under investigation,
c698da90708a756d74278ef057e5f29f7e77ebf4c9be6e7155eefa21567a2f0a,2014-05,Cheshire Constabulary,Cheshire Constabulary,-2.196126,53.174584,On or near Clayton Avenue,E01018396,Cheshire East 026B,Criminal damage and arson,Investigation complete; no suspect identified,
bdbc3fe8fba118058ef011521411e5f27c5b278d3c11b47ddeef5e6bfd9e6822,2014-05,Cheshire Constabulary,Cheshire Constabulary,-2.195613,53.173722,On or near Haworth Avenue,E01018396,Cheshire East 026B,Criminal damage and arson,Awaiting court outcome,
ef4081b11b948b7a8f860a9e185f16d6a97c1eedc9edc04b187d2ca6c97389a9,2014-05,Cheshire Constabulary,Cheshire Constabulary,-2.196126,53.174584,On or near Clayton Avenue,E01018396,Cheshire East 026B,Criminal damage and arson,Investigation complete; no suspect identified,
a2968bb5c66dd50fd1b17944176d26cb8d4daa1ea4fa000f7209f3cff9c23f6d,2014-05,Cheshire Constabulary,Cheshire Constabulary,-2.197729,53.171885,On or near Redfern Avenue,E01018396,Cheshire East 026B,Drugs,Under investigation,
73759cd106f40e634ca9556918996bad6c4347f4bf46034945d2f09f4c64f0d0,2014-05,Cheshire Constabulary,Cheshire Constabulary,-2.197729,53.171885,On or near Redfern Avenue,E01018396,Cheshire East 026B,Other theft,Under investigation,
,2014-05,Cheshire Constabulary,Cheshire Constabulary,-2.203849,53.165780,On or near Fox Street,E01018400,Cheshire East 026C,Anti-social behaviour,,
,2014-05,Cheshire Constabulary,Cheshire Constabulary,-2.197322,53.164641,On or near Greenwood Avenue,E01018400,Cheshire East 026C,Anti-social behaviour,,
,2014-05,Cheshire Constabulary,Cheshire Constabulary,-2.200691,53.165471,On or near Supermarket,E01018400,Cheshire East 026C,Anti-social behaviour,,
,2014-05,Cheshire Constabulary,Cheshire Constabulary,-2.201548,53.166458,On or near Brunswick Street,E01018400,Cheshire East 026C,Anti-social behaviour,,
,2014-05,Cheshire Constabulary,Cheshire Constabulary,-2.203212,53.167174,On or near Brook Street,E01018400,Cheshire East 026C,Anti-social behaviour,,
,2014-05,Cheshire Constabulary,Cheshire Constabulary,-2.206908,53.164220,On or near Foundry Bank,E01018400,Cheshire East 026C,Anti-social behaviour,,
,2014-05,Cheshire Constabulary,Cheshire Constabulary,-2.197322,53.164641,On or near Greenwood Avenue,E01018400,Cheshire East 026C,Anti-social behaviour,,
,2014-05,Cheshire Constabulary,Cheshire Constabulary,-2.200691,53.165471,On or near Supermarket,E01018400,Cheshire East 026C,Anti-social behaviour,,
,2014-05,Cheshire Constabulary,Cheshire Constabulary,-2.204610,53.162372,On or near Lilac Court,E01018400,Cheshire East 026C,Anti-social behaviour,,
,2014-05,Cheshire Constabulary,Cheshire Constabulary,-2.195121,53.164105,On or near Fern Crescent,E01018400,Cheshire East 026C,Anti-social behaviour,,
,2014-05,Cheshire Constabulary,Cheshire Constabulary,-2.196626,53.166179,On or near Shakerley Avenue,E01018400,Cheshire East 026C,Anti-social behaviour,,
,2014-05,Cheshire Constabulary,Cheshire Constabulary,-2.198254,53.165727,On or near Wilbraham Road,E01018400,Cheshire East 026C,Anti-social behaviour,,
,2014-05,Cheshire Constabulary,Cheshire Constabulary,-2.201548,53.166458,On or near Brunswick Street,E01018400,Cheshire East 026C,Anti-social behaviour,,
,2014-05,Cheshire Constabulary,Cheshire Constabulary,-2.198254,53.165727,On or near Wilbraham Road,E01018400,Cheshire East 026C,Anti-social behaviour,,
,2014-05,Cheshire Constabulary,Cheshire Constabulary,-2.192873,53.163075,On or near Burns Road,E01018400,Cheshire East 026C,Anti-social behaviour,,
,2014-05,Cheshire Constabulary,Cheshire Constabulary,-2.198730,53.165043,On or near Borough Road,E01018400,Cheshire East 026C,Anti-social behaviour,,
,2014-05,Cheshire Constabulary,Cheshire Constabulary,-2.206153,53.162900,On or near Mountbatten Way,E01018400,Cheshire East 026C,Anti-social behaviour,,
468558a815c4f4e53b47233db3f175e98f2fa31ccf6f800e802d6eaf00ee51d6,2014-05,Cheshire Constabulary,Cheshire Constabulary,-2.200235,53.163908,On or near Bradwell Grove,E01018400,Cheshire East 026C,Burglary,Under investigation,
6560595614026017fb8bb3cca5621d795d93c995d55631521c952c67080c4494,2014-05,Cheshire Constabulary,Cheshire Constabulary,-2.202292,53.168650,On or near Bridge Row,E01018400,Cheshire East 026C,Burglary,Investigation complete; no suspect identified,
e4fe3cb712e2312be8a970172c8953f087a407e6221580a1032e797242cf6dcd,2014-05,Cheshire Constabulary,Cheshire Constabulary,-2.201548,53.166458,On or near Brunswick Street,E01018400,Cheshire East 026C,Criminal damage and arson,Investigation complete; no suspect identified,
1e92ae4ee7a09023caf0e7220263fddc6b83fcd124c28ce5a517f6560d112f7b,2014-05,Cheshire Constabulary,Cheshire Constabulary,-2.204081,53.164279,On or near Hatter Street,E01018400,Cheshire East 026C,Criminal damage and arson,Under investigation,
d38539b2bb5b7a1a13cd8c55eadaf3532b7d58c57b6279b970b876b9b25ae82b,2014-05,Cheshire Constabulary,Cheshire Constabulary,-2.200691,53.165471,On or near Supermarket,E01018400,Cheshire East 026C,Criminal damage and arson,Under investigation,
c39f3dd1e09aa3a8eecbfafeea332c310452271051c2990353bd579453517309,2014-05,Cheshire Constabulary,Cheshire Constabulary,-2.200691,53.165471,On or near Supermarket,E01018400,Cheshire East 026C,Criminal damage and arson,Under investigation,
c1b5f484552f7ccd7f48c4d9973d768708bd8447f087a35304923317eec13116,2014-05,Cheshire Constabulary,Cheshire Constabulary,-2.192873,53.163075,On or near Burns Road,E01018400,Cheshire East 026C,Criminal damage and arson,Under investigation,
3ac46c3c198d54f81a2f507e747ce2329a2a7139bcebf53301930407648daeb0,2014-05,Cheshire Constabulary,Cheshire Constabulary,-2.201548,53.166458,On or near Brunswick Street,E01018400,Cheshire East 026C,Drugs,Offender given a drugs possession warning,
ac58fcf348780dbc12b0b49509e185c7da8869d9837be9fc8297fa0af8981c72,2014-05,Cheshire Constabulary,Cheshire Constabulary,-2.201548,53.166458,On or near Brunswick Street,E01018400,Cheshire East 026C,Other theft,Awaiting court outcome,
becfb951267bb12f904896ec15b33e833960864b5eab4cfd054df38a54ae5b1b,2014-05,Cheshire Constabulary,Cheshire Constabulary,-2.200691,53.165471,On or near Supermarket,E01018400,Cheshire East 026C,Shoplifting,Investigation complete; no suspect identified,
0fe1380ef4be0dd093e4f5d4ebfa5af09823b9ee8be9db59fe6d3ac3ed6d5756,2014-05,Cheshire Constabulary,Cheshire Constabulary,-2.200691,53.165471,On or near Supermarket,E01018400,Cheshire East 026C,Shoplifting,Under investigation,
c9f438ee77b6246a3e12571ac4c9ea6376cebaa4dc7afbc50fbccd3775ee3aaf,2014-05,Cheshire Constabulary,Cheshire Constabulary,-2.206348,53.163007,On or near Mountbatten Way,E01018400,Cheshire East 026C,Vehicle crime,Awaiting court outcome,
936cbe70f8e304463f08ea37ef6b059c4aa4965d7ace1ba64130a7612f3a338c,2014-05,Cheshire Constabulary,Cheshire Constabulary,-2.203691,53.167111,On or near Petrol Station,E01018400,Cheshire East 026C,Vehicle crime,Under investigation,
8b5c09f5410a473e644423c43d9dd7629dbe074109d1378dc430848ccf83f783,2014-05,Cheshire Constabulary,Cheshire Constabulary,-2.197918,53.164199,On or near Coronation Road,E01018400,Cheshire East 026C,Violence and sexual offences,Under investigation,
,2014-05,Cheshire Constabulary,Cheshire Constabulary,-2.193109,53.159137,On or near Ayrshire Way,E01018401,Cheshire East 026D,Anti-social behaviour,,
,2014-05,Cheshire Constabulary,Cheshire Constabulary,-2.198162,53.161871,On or near Edinburgh Road,E01018401,Cheshire East 026D,Anti-social behaviour,,
,2014-05,Cheshire Constabulary,Cheshire Constabulary,-2.193882,53.161320,On or near Matthews Place,E01018401,Cheshire East 026D,Anti-social behaviour,,
,2014-05,Cheshire Constabulary,Cheshire Constabulary,-2.193882,53.161320,On or near Matthews Place,E01018401,Cheshire East 026D,Anti-social behaviour,,
,2014-05,Cheshire Constabulary,Cheshire Constabulary,-2.194922,53.163089,On or near Woolston Avenue,E01018401,Cheshire East 026D,Anti-social behaviour,,
,2014-05,Cheshire Constabulary,Cheshire Constabulary,-2.198162,53.161871,On or near Edinburgh Road,E01018401,Cheshire East 026D,Anti-social behaviour,,
,2014-05,Cheshire Constabulary,Cheshire Constabulary,-2.192676,53.162536,On or near Hillary Avenue,E01018401,Cheshire East 026D,Anti-social behaviour,,
,2014-05,Cheshire Constabulary,Cheshire Constabulary,-2.193882,53.161320,On or near Matthews Place,E01018401,Cheshire East 026D,Anti-social behaviour,,
,2014-05,Cheshire Constabulary,Cheshire Constabulary,-2.196397,53.161900,On or near Dale Crescent,E01018401,Cheshire East 026D,Anti-social behaviour,,
,2014-05,Cheshire Constabulary,Cheshire Constabulary,-2.192676,53.162536,On or near Hillary Avenue,E01018401,Cheshire East 026D,Anti-social behaviour,,
f4fd574824b60a7df2df425b21635f61755e159bb4711b9cfb03a4021bfc547f,2014-05,Cheshire Constabulary,Cheshire Constabulary,-2.190869,53.159923,On or near Jersey Close,E01018401,Cheshire East 026D,Violence and sexual offences,Unable to prosecute suspect,
,2014-05,Cheshire Constabulary,Cheshire Constabulary,-2.221940,53.164292,On or near Henrietta Street,E01018398,Cheshire East 027A,Anti-social behaviour,,
,2014-05,Cheshire Constabulary,Cheshire Constabulary,-2.219073,53.162346,On or near Crescent Road,E01018398,Cheshire East 027A,Anti-social behaviour,,
,2014-05,Cheshire Constabulary,Cheshire Constabulary,-2.222088,53.163995,On or near Davenport Street,E01018398,Cheshire East 027A,Anti-social behaviour,,
,2014-05,Cheshire Constabulary,Cheshire Constabulary,-2.220880,53.161786,On or near Sports/Recreation Area,E01018398,Cheshire East 027A,Anti-social behaviour,,
,2014-05,Cheshire Constabulary,Cheshire Constabulary,-2.220880,53.161786,On or near Sports/Recreation Area,E01018398,Cheshire East 027A,Anti-social behaviour,,
0cae6f3ffc3686f3c107b41b63936a38a9b56ea31e00425a8f2b8b2b6b7d3d9a,2014-05,Cheshire Constabulary,Cheshire Constabulary,-2.215521,53.160906,On or near Swan Street,E01018398,Cheshire East 027A,Criminal damage and arson,Investigation complete; no suspect identified,
959c6db23e47808fa6d8a6c779f828430f3a7a6da44f500f18e87430257a8085,2014-05,Cheshire Constabulary,Cheshire Constabulary,-2.225401,53.162631,On or near Ruskin Road,E01018398,Cheshire East 027A,Criminal damage and arson,Unable to prosecute suspect,
d68cc4191559c0c4186b376213138472f04e008279145ff288eb22213fa5d31b,2014-05,Cheshire Constabulary,Cheshire Constabulary,-2.215365,53.162524,On or near Fountain Street,E01018398,Cheshire East 027A,Possession of weapons,Awaiting court outcome,
0c373ba5e0d0e4f57e3e130271c17066983c8a1d9254e73108b9cb1850bd63df,2014-05,Cheshire Constabulary,Cheshire Constabulary,-2.224256,53.163892,On or near West End Cottages,E01018398,Cheshire East 027A,Vehicle crime,Investigation complete; no suspect identified,
1ca790fcab944d859b1f6432ecbdfc13b61779d5d30ebad0f03bd5a53bd5629c,2014-05,Cheshire Constabulary,Cheshire Constabulary,-2.221753,53.162755,On or near Astbury Street,E01018398,Cheshire East 027A,Violence and sexual offences,Offender given suspended prison sentence,
797721931de41ae3868e2a22bc703d182a3ce54256435e7b18512ca956e4d664,2014-05,Cheshire Constabulary,Cheshire Constabulary,-2.225401,53.162631,On or near Ruskin Road,E01018398,Cheshire East 027A,Violence and sexual offences,Under investigation,
,2014-05,Cheshire Constabulary,Cheshire Constabulary,-2.214025,53.160809,On or near Priesty Fields,E01018399,Cheshire East 027B,Anti-social behaviour,,
,2014-05,Cheshire Constabulary,Cheshire Constabulary,-2.207130,53.160633,On or near Sherratt Close,E01018399,Cheshire East 027B,Anti-social behaviour,,
,2014-05,Cheshire Constabulary,Cheshire Constabulary,-2.205266,53.161778,On or near Townsend Road,E01018399,Cheshire East 027B,Anti-social behaviour,,
,2014-05,Cheshire Constabulary,Cheshire Constabulary,-2.207130,53.160633,On or near Sherratt Close,E01018399,Cheshire East 027B,Anti-social behaviour,,
,2014-05,Cheshire Constabulary,Cheshire Constabulary,-2.210654,53.162649,On or near Albert Place,E01018399,Cheshire East 027B,Anti-social behaviour,,
,2014-05,Cheshire Constabulary,Cheshire Constabulary,-2.207130,53.160633,On or near Sherratt Close,E01018399,Cheshire East 027B,Anti-social behaviour,,
,2014-05,Cheshire Constabulary,Cheshire Constabulary,-2.206791,53.161712,On or near Lowe Avenue,E01018399,Cheshire East 027B,Anti-social behaviour,,
,2014-05,Cheshire Constabulary,Cheshire Constabulary,-2.207130,53.160633,On or near Sherratt Close,E01018399,Cheshire East 027B,Anti-social behaviour,,
,2014-05,Cheshire Constabulary,Cheshire Constabulary,-2.211911,53.162692,On or near Nightclub,E01018399,Cheshire East 027B,Anti-social behaviour,,
c1e570d9618e2f3e466b1a1e6cdea29dddd79e7f9e88f03b0bc0e9dac2561d63,2014-05,Cheshire Constabulary,Cheshire Constabulary,-2.209786,53.162498,On or near Colehill Bank,E01018399,Cheshire East 027B,Criminal damage and arson,Investigation complete; no suspect identified,
717102aff034e28e8a264d5eff02d968f3151928ba5469f6c0be1e8597daf5e7,2014-05,Cheshire Constabulary,Cheshire Constabulary,-2.214841,53.162372,On or near Wagg Street,E01018399,Cheshire East 027B,Criminal damage and arson,Investigation complete; no suspect identified,
e126aceb0ae7fbd33bfd1cbe0ac681f023c984673e4f87a214f4edfd766c0ca0,2014-05,Cheshire Constabulary,Cheshire Constabulary,-2.209786,53.162498,On or near Colehill Bank,E01018399,Cheshire East 027B,Criminal damage and arson,Under investigation,
b149ceb01de2f5f342e799ca49f0cb8029c2e38f65beb1429b77227b42b54481,2014-05,Cheshire Constabulary,Cheshire Constabulary,-2.211911,53.162692,On or near Nightclub,E01018399,Cheshire East 027B,Violence and sexual offences,Under investigation,
f0f47b35b26a995d1b94a2618b53e794074e979455a4c310293ca04ac84bce3e,2014-05,Cheshire Constabulary,Cheshire Constabulary,-2.212701,53.162187,On or near Moody Street,E01018399,Cheshire East 027B,Other crime,Under investigation,
,2014-05,Cheshire Constabulary,Cheshire Constabulary,-2.213262,53.163741,On or near Shopping Area,E01018402,Cheshire East 027C,Anti-social behaviour,,
,2014-05,Cheshire Constabulary,Cheshire Constabulary,-2.211507,53.165650,On or near Supermarket,E01018402,Cheshire East 027C,Anti-social behaviour,,
,2014-05,Cheshire Constabulary,Cheshire Constabulary,-2.214697,53.163541,On or near Swan Bank,E01018402,Cheshire East 027C,Anti-social behaviour,,
,2014-05,Cheshire Constabulary,Cheshire Constabulary,-2.213262,53.163741,On or near Shopping Area,E01018402,Cheshire East 027C,Anti-social behaviour,,
,2014-05,Cheshire Constabulary,Cheshire Constabulary,-2.210067,53.164960,On or near The Meadows,E01018402,Cheshire East 027C,Anti-social behaviour,,
,2014-05,Cheshire Constabulary,Cheshire Constabulary,-2.210744,53.165678,On or near Theatre/Concert Hall,E01018402,Cheshire East 027C,Anti-social behaviour,,
,2014-05,Cheshire Constabulary,Cheshire Constabulary,-2.213262,53.163741,On or near Shopping Area,E01018402,Cheshire East 027C,Anti-social behaviour,,
,2014-05,Cheshire Constabulary,Cheshire Constabulary,-2.211507,53.165650,On or near Supermarket,E01018402,Cheshire East 027C,Anti-social behaviour,,
,2014-05,Cheshire Constabulary,Cheshire Constabulary,-2.218233,53.164775,On or near Overton Close,E01018402,Cheshire East 027C,Anti-social behaviour,,
,2014-05,Cheshire Constabulary,Cheshire Constabulary,-2.215436,53.164753,On or near South Street,E01018402,Cheshire East 027C,Anti-social behaviour,,
,2014-05,Cheshire Constabulary,Cheshire Constabulary,-2.211811,53.163717,On or near Market Street,E01018402,Cheshire East 027C,Anti-social behaviour,,
,2014-05,Cheshire Constabulary,Cheshire Constabulary,-2.214658,53.164646,On or near Cross Street,E01018402,Cheshire East 027C,Anti-social behaviour,,
,2014-05,Cheshire Constabulary,Cheshire Constabulary,-2.214697,53.163541,On or near Swan Bank,E01018402,Cheshire East 027C,Anti-social behaviour,,
,2014-05,Cheshire Constabulary,Cheshire Constabulary,-2.210067,53.164960,On or near The Meadows,E01018402,Cheshire East 027C,Anti-social behaviour,,
,2014-05,Cheshire Constabulary,Cheshire Constabulary,-2.213262,53.163741,On or near Shopping Area,E01018402,Cheshire East 027C,Anti-social behaviour,,
,2014-05,Cheshire Constabulary,Cheshire Constabulary,-2.213262,53.163741,On or near Shopping Area,E01018402,Cheshire East 027C,Anti-social behaviour,,
,2014-05,Cheshire Constabulary,Cheshire Constabulary,-2.211811,53.163717,On or near Market Street,E01018402,Cheshire East 027C,Anti-social behaviour,,
,2014-05,Cheshire Constabulary,Cheshire Constabulary,-2.210074,53.163216,On or near Kinsey Street,E01018402,Cheshire East 027C,Anti-social behaviour,,
,2014-05,Cheshire Constabulary,Cheshire Constabulary,-2.215172,53.168879,On or near Woodlands Avenue,E01018402,Cheshire East 027C,Anti-social behaviour,,
,2014-05,Cheshire Constabulary,Cheshire Constabulary,-2.211538,53.162863,On or near High Street,E01018402,Cheshire East 027C,Anti-social behaviour,,
,2014-05,Cheshire Constabulary,Cheshire Constabulary,-2.214697,53.163541,On or near Swan Bank,E01018402,Cheshire East 027C,Anti-social behaviour,,
,2014-05,Cheshire Constabulary,Cheshire Constabulary,-2.211811,53.163717,On or near Market Street,E01018402,Cheshire East 027C,Anti-social behaviour,,
,2014-05,Cheshire Constabulary,Cheshire Constabulary,-2.213262,53.163741,On or near Shopping Area,E01018402,Cheshire East 027C,Anti-social behaviour,,
,2014-05,Cheshire Constabulary,Cheshire Constabulary,-2.210744,53.165678,On or near Theatre/Concert Hall,E01018402,Cheshire East 027C,Anti-social behaviour,,
473e6622c8890e2a5bcce928e55e589a1dfac1ab5a700a0c2e5f396a483b581a,2014-05,Cheshire Constabulary,Cheshire Constabulary,-2.213262,53.163741,On or near Shopping Area,E01018402,Cheshire East 027C,Burglary,Under investigation,
3340ccce3a804ee2e3610b59a4ecc457fb40537d6bcf46a82bc194f68c1fd7c0,2014-05,Cheshire Constabulary,Cheshire Constabulary,-2.218233,53.164775,On or near Overton Close,E01018402,Cheshire East 027C,Burglary,Investigation complete; no suspect identified,
3bc1d636dbf453b7ed986fcc9a91d8b8d55ff0bdd827a93a1bb4c2f2c7591beb,2014-05,Cheshire Constabulary,Cheshire Constabulary,-2.214747,53.167487,On or near Union Street,E01018402,Cheshire East 027C,Burglary,Investigation complete; no suspect identified,
caddf3344df7e58fdde130b1df651694ea7c69fbfd9296fdac1d1352be28d6e4,2014-05,Cheshire Constabulary,Cheshire Constabulary,-2.213262,53.163741,On or near Shopping Area,E01018402,Cheshire East 027C,Burglary,Under investigation,
d0934293ccf20c7e7891e14d567bdd52c61506ca048064a48090ce5b99d4758a,2014-05,Cheshire Constabulary,Cheshire Constabulary,-2.210647,53.164240,On or near Mountbatten Way,E01018402,Cheshire East 027C,Criminal damage and arson,Under investigation,
731db7239ce421eb94452277f45af18bbe7939ad14fc9fe15eb0bdc3cb89924e,2014-05,Cheshire Constabulary,Cheshire Constabulary,-2.211811,53.163717,On or near Market Street,E01018402,Cheshire East 027C,Criminal damage and arson,Under investigation,
7f018eb5601e66dfaa0c8c01266ad2e47281e8c5888845a67d8d14e8244e29f8,2014-05,Cheshire Constabulary,Cheshire Constabulary,-2.214658,53.164646,On or near Cross Street,E01018402,Cheshire East 027C,Criminal damage and arson,Investigation complete; no suspect identified,
eb6cf99f7376ad801145d752a87e43539ebee15c9b8edd40b6046a7b7e519d94,2014-05,Cheshire Constabulary,Cheshire Constabulary,-2.210647,53.164240,On or near Mountbatten Way,E01018402,Cheshire East 027C,Criminal damage and arson,Investigation complete; no suspect identified,
5879e55ca8e819ce25abcb5733c12bbb022490586eedab02b3a9d6cf2f6e83c5,2014-05,Cheshire Constabulary,Cheshire Constabulary,-2.210647,53.164240,On or near Mountbatten Way,E01018402,Cheshire East 027C,Criminal damage and arson,Under investigation,
277b14cf224fc01aca4554f4b9fd50bcd115bd2aec0277b898d0d998138e8d82,2014-05,Cheshire Constabulary,Cheshire Constabulary,-2.220076,53.165338,On or near Dane Street,E01018402,Cheshire East 027C,Criminal damage and arson,Under investigation,
a732628942b7f8cdf906e4dc7bee7f10bc77a76d5e929b6188196922505f2ae8,2014-05,Cheshire Constabulary,Cheshire Constabulary,-2.214609,53.166858,On or near Parking Area,E01018402,Cheshire East 027C,Drugs,Offender given a drugs possession warning,
fcb8340d5124e3ba59014203fa4e5be3573766db39cab3ac07c4ed47ad1e941f,2014-05,Cheshire Constabulary,Cheshire Constabulary,-2.220612,53.164905,On or near Banks Close,E01018402,Cheshire East 027C,Drugs,Under investigation,
cc211380ec6dc377185a48ff94fafd2ed3af1554ad323c63815bab91bc6a36af,2014-05,Cheshire Constabulary,Cheshire Constabulary,-2.210744,53.165678,On or near Theatre/Concert Hall,E01018402,Cheshire East 027C,Drugs,Offender given a drugs possession warning,
e7e19b37e02860803e742c02d53757dd2921d3df77799f5b2f4379c808d2c0f8,2014-05,Cheshire Constabulary,Cheshire Constabulary,-2.210744,53.165678,On or near Theatre/Concert Hall,E01018402,Cheshire East 027C,Drugs,Awaiting court outcome,
a4e5403b49ab2dc3f0954d648255c7ede8e0c17b64618ba944ed23dcf42875cc,2014-05,Cheshire Constabulary,Cheshire Constabulary,-2.212399,53.167581,On or near Wood Street,E01018402,Cheshire East 027C,Drugs,Under investigation,
e02eb860b1046cb909f907f916ece442b781581f4e8365cedf8159572b8e51b4,2014-05,Cheshire Constabulary,Cheshire Constabulary,-2.211538,53.162863,On or near High Street,E01018402,Cheshire East 027C,Other theft,Investigation complete; no suspect identified,
d1f07072b417c04ad44b04e663cff4cba5acb0e0d3f509d663c94b222ac1a8b9,2014-05,Cheshire Constabulary,Cheshire Constabulary,-2.212743,53.164578,On or near Parking Area,E01018402,Cheshire East 027C,Other theft,Offender given a caution,
bf1edf91b5fef86ac3987e1467bb51130ae4ae65e8fc0910df8c82fa1f54fe9d,2014-05,Cheshire Constabulary,Cheshire Constabulary,-2.208485,53.162608,On or near Lawton Street,E01018402,Cheshire East 027C,Other theft,Investigation complete; no suspect identified,
0b06dbf80a0a2109b70f1aceda311a092641dfa255ea5372acfe6c4a01559d26,2014-05,Cheshire Constabulary,Cheshire Constabulary,-2.211811,53.163717,On or near Market Street,E01018402,Cheshire East 027C,Public order,Under investigation,
b41ce4dda0fcc3855d6b6c892adeed4bf7fa716e6c201825d5870630392d8e11,2014-05,Cheshire Constabulary,Cheshire Constabulary,-2.211811,53.163717,On or near Market Street,E01018402,Cheshire East 027C,Shoplifting,Under investigation,
4c507eb2c2ee88d80c3acd5121b673babf16222f486072118e3cf6ce1fb50565,2014-05,Cheshire Constabulary,Cheshire Constabulary,-2.211811,53.163717,On or near Market Street,E01018402,Cheshire East 027C,Shoplifting,Under investigation,
175bcff4c2fe684605bd51f0f4a6228740af0e9e1a8ce46af58cf0a90dfd38b8,2014-05,Cheshire Constabulary,Cheshire Constabulary,-2.213262,53.163741,On or near Shopping Area,E01018402,Cheshire East 027C,Shoplifting,Awaiting court outcome,
57f99434f207ac5642f1939790190201f9e4aa61198363e33787f32d6081d9d9,2014-05,Cheshire Constabulary,Cheshire Constabulary,-2.211811,53.163717,On or near Market Street,E01018402,Cheshire East 027C,Shoplifting,Awaiting court outcome,
4bd200f21679b5f59770db9143c441a642bb2aa01c35e871b0fe3f994fb9dbf1,2014-05,Cheshire Constabulary,Cheshire Constabulary,-2.211507,53.165650,On or near Supermarket,E01018402,Cheshire East 027C,Shoplifting,Under investigation,
9871b4a72ab1b6d95c453ad5b67f0ab952458e20bdbc1857f8d0272fe392d783,2014-05,Cheshire Constabulary,Cheshire Constabulary,-2.211811,53.163717,On or near Market Street,E01018402,Cheshire East 027C,Shoplifting,Under investigation,
5ce8af47c20d6b9518d7eb7979fa15ac8b2e669ef91d08fe5853b2a6d36f871a,2014-05,Cheshire Constabulary,Cheshire Constabulary,-2.211917,53.167006,On or near Mill Green,E01018402,Cheshire East 027C,Violence and sexual offences,Under investigation,
559373319a75d655ece89d7e9b68638744272f65949cf05933613654bc8c7288,2014-05,Cheshire Constabulary,Cheshire Constabulary,-2.213767,53.166113,On or near Parking Area,E01018402,Cheshire East 027C,Violence and sexual offences,Under investigation,
3607843aff7a4b1af5840f22ebfa900149596adfdfd39256ba7655c58655b20a,2014-05,Cheshire Constabulary,Cheshire Constabulary,-2.214658,53.164646,On or near Cross Street,E01018402,Cheshire East 027C,Violence and sexual offences,Awaiting court outcome,
8d08541716d41e7ece3d8b9cfde59dc8c3c55366218f1365936174209c2b20fd,2014-05,Cheshire Constabulary,Cheshire Constabulary,-2.214658,53.164646,On or near Cross Street,E01018402,Cheshire East 027C,Violence and sexual offences,Awaiting court outcome,
84c6930cdc089e689f9c1231169cda7a775792e68f3275cd804a2a47b70c09f1,2014-05,Cheshire Constabulary,Cheshire Constabulary,-2.209596,53.163514,On or near Bark Street,E01018402,Cheshire East 027C,Violence and sexual offences,Under investigation,
584e1cc2bba054fa461d695dee77818fc716969b5681d6a0b4ee363b1dcfb37f,2014-05,Cheshire Constabulary,Cheshire Constabulary,-2.214697,53.163541,On or near Swan Bank,E01018402,Cheshire East 027C,Other crime,Awaiting court outcome,
,2014-05,Cheshire Constabulary,Cheshire Constabulary,-2.208023,53.172236,On or near Lower Heath,E01018403,Cheshire East 027D,Anti-social behaviour,,
,2014-05,Cheshire Constabulary,Cheshire Constabulary,-2.206108,53.175161,On or near Biggs Way,E01018403,Cheshire East 027D,Anti-social behaviour,,
,2014-05,Cheshire Constabulary,Cheshire Constabulary,-2.206108,53.175161,On or near Biggs Way,E01018403,Cheshire East 027D,Anti-social behaviour,,
,2014-05,Cheshire Constabulary,Cheshire Constabulary,-2.203599,53.169960,On or near Parking Area,E01018403,Cheshire East 027D,Anti-social behaviour,,
,2014-05,Cheshire Constabulary,Cheshire Constabulary,-2.208649,53.174833,On or near Manchester Road,E01018403,Cheshire East 027D,Anti-social behaviour,,
,2014-05,Cheshire Constabulary,Cheshire Constabulary,-2.207217,53.172444,On or near Dane Bank Avenue,E01018403,Cheshire East 027D,Anti-social behaviour,,
8149d326495033ac0e629f3b9d8490b07ee3ec52f5432283bd7927f71f5effa3,2014-05,Cheshire Constabulary,Cheshire Constabulary,-2.211017,53.175637,On or near Walfield Avenue,E01018403,Cheshire East 027D,Burglary,Investigation complete; no suspect identified,
7e57c6ab6f6c3209097d5f08dcfa86d17f2c59fb5fe9fcf9433fb03ac414bacd,2014-05,Cheshire Constabulary,Cheshire Constabulary,-2.205385,53.174299,On or near Jackson Road,E01018403,Cheshire East 027D,Criminal damage and arson,Under investigation,
0dfc2930b6f8e6d24617dbaaca5f4c224d4be7f333e7162d1c02fb84cfaf342b,2014-05,Cheshire Constabulary,Cheshire Constabulary,-2.201420,53.170881,On or near Riverdane Road,E01018403,Cheshire East 027D,Robbery,Under investigation,
384b6797a3500fda1df21393da209f9769842b9e10e9d3a9fd4266e952bb1dda,2014-05,Cheshire Constabulary,Cheshire Constabulary,-2.211705,53.169596,On or near Rood Lane,E01018403,Cheshire East 027D,Vehicle crime,Offender sent to prison,
003c296b115747491021de6637d7bdca798bd8cd5b61db89702272f599068f17,2014-05,Cheshire Constabulary,Cheshire Constabulary,-2.211647,53.172832,On or near Ascot Close,E01018403,Cheshire East 027D,Vehicle crime,Awaiting court outcome,
,2014-05,Cheshire Constabulary,Cheshire Constabulary,-2.231646,53.161307,On or near Parking Area,E01018397,Cheshire East 028A,Anti-social behaviour,,
,2014-05,Cheshire Constabulary,Cheshire Constabulary,-2.227236,53.161720,On or near Ennerdale Drive,E01018397,Cheshire East 028A,Anti-social behaviour,,
,2014-05,Cheshire Constabulary,Cheshire Constabulary,-2.231646,53.161307,On or near Parking Area,E01018397,Cheshire East 028A,Anti-social behaviour,,
,2014-05,Cheshire Constabulary,Cheshire Constabulary,-2.223490,53.166068,On or near Obelisk Way,E01018397,Cheshire East 028A,Anti-social behaviour,,
,2014-05,Cheshire Constabulary,Cheshire Constabulary,-2.222483,53.159293,On or near Banky Fields,E01018397,Cheshire East 028A,Anti-social behaviour,,
f8ef93a8f673e48f22750845e6e74c1cdf359ada30cacb3e8223b62847da3bb3,2014-05,Cheshire Constabulary,Cheshire Constabulary,-2.219842,53.166345,On or near Clayton-By-Pass,E01018397,Cheshire East 028A,Vehicle crime,Awaiting court outcome,
a0dd02b425d7f380ffa4916511de10c9d92789f0c84e0227f7fbb59cde1421a1,2014-05,Cheshire Constabulary,Cheshire Constabulary,-2.222869,53.158816,On or near Banky Fields Crescent,E01018397,Cheshire East 028A,Violence and sexual offences,Under investigation,
,2014-05,Cheshire Constabulary,Cheshire Constabulary,-2.233664,53.172071,On or near 3Rd Avenue,E01018408,Cheshire East 028B,Anti-social behaviour,,
,2014-05,Cheshire Constabulary,Cheshire Constabulary,-2.246661,53.168854,On or near Eastcott Close,E01018408,Cheshire East 028B,Anti-social behaviour,,
,2014-05,Cheshire Constabulary,Cheshire Constabulary,-2.233664,53.172071,On or near 3Rd Avenue,E01018408,Cheshire East 028B,Anti-social behaviour,,
,2014-05,Cheshire Constabulary,Cheshire Constabulary,-2.233664,53.172071,On or near 3Rd Avenue,E01018408,Cheshire East 028B,Anti-social behaviour,,
e72a4cb81cf9512eaab21321bb3e49296d10e95e4c869877e5fc2ff21813b3e3,2014-05,Cheshire Constabulary,Cheshire Constabulary,-2.246661,53.168854,On or near Eastcott Close,E01018408,Cheshire East 028B,Violence and sexual offences,Under investigation,
1ed3350308327693af1e8de9b19fbec7b07456c4d7e17292863862944922d6c0,2014-05,Cheshire Constabulary,Cheshire Constabulary,-2.246661,53.168854,On or near Eastcott Close,E01018408,Cheshire East 028B,Violence and sexual offences,Local resolution,
,2014-05,Cheshire Constabulary,Cheshire Constabulary,-2.229854,53.164600,On or near Holmes Chapel Road,E01018409,Cheshire East 028C,Anti-social behaviour,,
,2014-05,Cheshire Constabulary,Cheshire Constabulary,-2.236527,53.164938,On or near Supermarket,E01018409,Cheshire East 028C,Anti-social behaviour,,
,2014-05,Cheshire Constabulary,Cheshire Constabulary,-2.229854,53.164600,On or near Holmes Chapel Road,E01018409,Cheshire East 028C,Anti-social behaviour,,
,2014-05,Cheshire Constabulary,Cheshire Constabulary,-2.229854,53.164600,On or near Holmes Chapel Road,E01018409,Cheshire East 028C,Anti-social behaviour,,
4f39a1c8e87137378bbb2918bcbda7c944391e6bf5332a99871e060a76218194,2014-05,Cheshire Constabulary,Cheshire Constabulary,-2.237637,53.162823,On or near Blythe Avenue,E01018409,Cheshire East 028C,Burglary,Investigation complete; no suspect identified,
8a92fb6f6349416f130462b8b5de99f0f14db5cb596beb709af0fb2c784dc1f4,2014-05,Cheshire Constabulary,Cheshire Constabulary,-2.238200,53.161806,On or near Buttermere Court,E01018409,Cheshire East 028C,Criminal damage and arson,Under investigation,
d4faacc772223adca1897a2bf8bad0924d792aaaa899c9bda79ba2de6ed6f714,2014-05,Cheshire Constabulary,Cheshire Constabulary,-2.229854,53.164600,On or near Holmes Chapel Road,E01018409,Cheshire East 028C,Drugs,Offender given a drugs possession warning,
0038dc92ee1f50a9a7811095e6e762896d30436244ad31d2725ad5fed2d74b50,2014-05,Cheshire Constabulary,Cheshire Constabulary,-2.246792,53.165708,On or near Box Lane,E01018410,Cheshire East 028D,Burglary,Investigation complete; no suspect identified,
e9b7fc8118c46ebd959936c43ec1e3f3c1bfa10c35c646b178e1178a541085bf,2014-05,Cheshire Constabulary,Cheshire Constabulary,-2.240931,53.160821,On or near Ambleside Court,E01018410,Cheshire East 028D,Other theft,Under investigation,
,2014-05,Cheshire Constabulary,Cheshire Constabulary,-2.191187,53.154026,On or near Leek Road,E01018404,Cheshire East 029A,Anti-social behaviour,,
,2014-05,Cheshire Constabulary,Cheshire Constabulary,-2.198902,53.160296,On or near Park Lane,E01018405,Cheshire East 029B,Anti-social behaviour,,
eeee9f2d061c3180ca37ea352327489b0f6bfd0108fd4f51ea667fdce0d77d9b,2014-05,Cheshire Constabulary,Cheshire Constabulary,-2.198902,53.160296,On or near Park Lane,E01018405,Cheshire East 029B,Drugs,Offender given a drugs possession warning,
905b1c9b6074c2caa46cfb641522f1b1baf76308b77e69f03fecaabbd6ebc0ed,2014-05,Cheshire Constabulary,Cheshire Constabulary,-2.201101,53.160391,On or near Croft Close,E01018405,Cheshire East 029B,Other theft,Investigation complete; no suspect identified,
dcead1f3277bbd87430d45272dcb5fcc9d1ef620897fdf965a77b39736190daa,2014-05,Cheshire Constabulary,Cheshire Constabulary,-2.195169,53.158190,On or near Sefton Avenue,E01018405,Cheshire East 029B,Violence and sexual offences,Formal action is not in the public interest,
4305995941797911137d2d4a27d30e4316518d25c28746d016f996426d921022,2014-05,Cheshire Constabulary,Cheshire Constabulary,-2.202675,53.158025,On or near Hospital,E01018405,Cheshire East 029B,Violence and sexual offences,Unable to prosecute suspect,
,2014-05,Cheshire Constabulary,Cheshire Constabulary,-2.158108,53.161823,On or near Park/Open Space,E01018406,Cheshire East 029C,Anti-social behaviour,,
0819a20216afc07aad44db94784348c0bc46035c936e36c03a390fbf076df343,2014-05,Cheshire Constabulary,Cheshire Constabulary,-2.187623,53.156225,On or near Johnson Close,E01018406,Cheshire East 029C,Burglary,Investigation complete; no suspect identified,
66ae86a0a2805d6e614ebdc5f9cb05ba369fc51d90a6a0f08155c6a4253d0bc2,2014-05,Cheshire Constabulary,Cheshire Constabulary,-2.158108,53.161823,On or near Park/Open Space,E01018406,Cheshire East 029C,Drugs,Under investigation,
cb187e46ca9a833422ce68c7309b86067e7d664d0f8257d7af37cb2f968d0430,2014-05,Cheshire Constabulary,Cheshire Constabulary,-2.166812,53.169370,On or near Crouch Lane,E01018406,Cheshire East 029C,Violence and sexual offences,Unable to prosecute suspect,
,2014-05,Cheshire Constabulary,Cheshire Constabulary,-2.207059,53.152084,On or near Camborne Close,E01018407,Cheshire East 029D,Anti-social behaviour,,
,2014-05,Cheshire Constabulary,Cheshire Constabulary,-2.207059,53.152084,On or near Camborne Close,E01018407,Cheshire East 029D,Anti-social behaviour,,
,2014-05,Cheshire Constabulary,Cheshire Constabulary,-2.196896,53.153387,On or near Cedar Court,E01018407,Cheshire East 029D,Anti-social behaviour,,
,2014-05,Cheshire Constabulary,Cheshire Constabulary,-2.196896,53.153387,On or near Cedar Court,E01018407,Cheshire East 029D,Anti-social behaviour,,
997d8d33d487fa5ac678199d545547984cfd79e1fd7cf7c35dc7186aa0debbdf,2014-05,Cheshire Constabulary,Cheshire Constabulary,-2.203300,53.154015,On or near Fields Road,E01018407,Cheshire East 029D,Other theft,Investigation complete; no suspect identified,
,2014-05,Cheshire Constabulary,Cheshire Constabulary,-2.382441,53.146823,On or near Budworth Close,E01018436,Cheshire East 030A,Anti-social behaviour,,
,2014-05,Cheshire Constabulary,Cheshire Constabulary,-2.368525,53.145563,On or near Parking Area,E01018437,Cheshire East 030B,Anti-social behaviour,,
,2014-05,Cheshire Constabulary,Cheshire Constabulary,-2.364557,53.144857,On or near Bold Street,E01018437,Cheshire East 030B,Anti-social behaviour,,
,2014-05,Cheshire Constabulary,Cheshire Constabulary,-2.364557,53.144857,On or near Bold Street,E01018437,Cheshire East 030B,Anti-social behaviour,,
,2014-05,Cheshire Constabulary,Cheshire Constabulary,-2.375605,53.146503,On or near Sports/Recreation Area,E01018437,Cheshire East 030B,Anti-social behaviour,,
,2014-05,Cheshire Constabulary,Cheshire Constabulary,-2.364557,53.144857,On or near Bold Street,E01018437,Cheshire East 030B,Anti-social behaviour,,
,2014-05,Cheshire Constabulary,Cheshire Constabulary,-2.375605,53.146503,On or near Sports/Recreation Area,E01018437,Cheshire East 030B,Anti-social behaviour,,
,2014-05,Cheshire Constabulary,Cheshire Constabulary,-2.364557,53.144857,On or near Bold Street,E01018437,Cheshire East 030B,Anti-social behaviour,,
8532f6bd6c8c80bab6371a4ef7b761e3f7c847c0b1b9c13d90b8213838be3fdb,2014-05,Cheshire Constabulary,Cheshire Constabulary,-2.375605,53.146503,On or near Sports/Recreation Area,E01018437,Cheshire East 030B,Criminal damage and arson,Investigation complete; no suspect identified,
00d5bb01dc692c81592f7ce06e96b687a024e67260ca1fedfab8343de68ea810,2014-05,Cheshire Constabulary,Cheshire Constabulary,-2.375605,53.146503,On or near Sports/Recreation Area,E01018437,Cheshire East 030B,Criminal damage and arson,Investigation complete; no suspect identified,
6b6a0c6a4e3f88f6aea77b3e3e466428abb822f981f78ca0c6034b066a1bd4b4,2014-05,Cheshire Constabulary,Cheshire Constabulary,-2.364557,53.144857,On or near Bold Street,E01018437,Cheshire East 030B,Other theft,Investigation complete; no suspect identified,
11cf5c48c0052aeee1cd245e8329f99f90ab4fc4d0f44436f036800a09ede98c,2014-05,Cheshire Constabulary,Cheshire Constabulary,-2.375605,53.146503,On or near Sports/Recreation Area,E01018437,Cheshire East 030B,Other theft,Investigation complete; no suspect identified,
c865d50d5dc07f8ad38be2791b43931e18647d17531c1832ed539371b6452d51,2014-05,Cheshire Constabulary,Cheshire Constabulary,-2.364557,53.144857,On or near Bold Street,E01018437,Cheshire East 030B,Other theft,Awaiting court outcome,
fe3bd6d6d5990328d1158142b28a7525ac5c394fe7fd281f9baaa59dc878fc32,2014-05,Cheshire Constabulary,Cheshire Constabulary,-2.375605,53.146503,On or near Sports/Recreation Area,E01018437,Cheshire East 030B,Other theft,Under investigation,
9c477acae0a2f62b74b6f77ee68b893aa1679d99476a3053d94169a94a50814c,2014-05,Cheshire Constabulary,Cheshire Constabulary,-2.359667,53.148233,On or near Birtles Close,E01018437,Cheshire East 030B,Vehicle crime,Under investigation,
cd4d5cb8978c6ac7c8e720a1fb153bbe4dc47a961bfd6d637b11e8ef9ff5dd90,2014-05,Cheshire Constabulary,Cheshire Constabulary,-2.362198,53.146994,On or near Newfield Street,E01018437,Cheshire East 030B,Vehicle crime,Investigation complete; no suspect identified,
0b4cfd7cc3040f8af3c178aa6a895d16d89ebd1a4ab5c50a0e8c6cf30d6b6e88,2014-05,Cheshire Constabulary,Cheshire Constabulary,-2.370815,53.147579,On or near Greenacres,E01018437,Cheshire East 030B,Violence and sexual offences,Awaiting court outcome,
9edaf8d3f27b80f3466729e1ab6fe6b5736b3417ad191ed33a1f72927130b5ec,2014-05,Cheshire Constabulary,Cheshire Constabulary,-2.370815,53.147579,On or near Greenacres,E01018437,Cheshire East 030B,Violence and sexual offences,Awaiting court outcome,
0eed2cad3695af8e3f99cd4b8a032838742c0560e8ca2d78ed7008042e064128,2014-05,Cheshire Constabulary,Cheshire Constabulary,-2.366165,53.145724,On or near Coopers Opening,E01018437,Cheshire East 030B,Violence and sexual offences,Under investigation,
,2014-05,Cheshire Constabulary,Cheshire Constabulary,-2.372424,53.152104,On or near Dove Close,E01018438,Cheshire East 030C,Anti-social behaviour,,
,2014-05,Cheshire Constabulary,Cheshire Constabulary,-2.357306,53.146604,On or near Hartford Close,E01018439,Cheshire East 030D,Anti-social behaviour,,
,2014-05,Cheshire Constabulary,Cheshire Constabulary,-2.357306,53.146604,On or near Hartford Close,E01018439,Cheshire East 030D,Anti-social behaviour,,
,2014-05,Cheshire Constabulary,Cheshire Constabulary,-2.348901,53.151789,On or near Petrol Station,E01018439,Cheshire East 030D,Anti-social behaviour,,
752a1ad16fad4a64177d3d3ce15dab4776e793b2071e7f3cd2544096ef43530f,2014-05,Cheshire Constabulary,Cheshire Constabulary,-2.366721,53.151340,On or near Bradwall Road,E01018439,Cheshire East 030D,Burglary,Investigation complete; no suspect identified,
316ee636ac8e6bbe95de28456bba6f927e0e4bc98a3d460898c085821fde183d,2014-05,Cheshire Constabulary,Cheshire Constabulary,-2.348901,53.151789,On or near Petrol Station,E01018439,Cheshire East 030D,Other theft,Investigation complete; no suspect identified,
404c7bbc877dd7eb3024641afadc9230da28f551fb901643ae3c2298f2246a10,2014-05,Cheshire Constabulary,Cheshire Constabulary,-2.366721,53.151340,On or near Bradwall Road,E01018439,Cheshire East 030D,Violence and sexual offences,Under investigation,
,2014-05,Cheshire Constabulary,Cheshire Constabulary,-2.392126,53.149767,On or near New Street,E01018440,Cheshire East 031A,Anti-social behaviour,,
,2014-05,Cheshire Constabulary,Cheshire Constabulary,-2.390476,53.149161,On or near St Stephens Court,E01018440,Cheshire East 031A,Anti-social behaviour,,
,2014-05,Cheshire Constabulary,Cheshire Constabulary,-2.390597,53.147722,On or near Mornington Close,E01018440,Cheshire East 031A,Anti-social behaviour,,
,2014-05,Cheshire Constabulary,Cheshire Constabulary,-2.390476,53.149161,On or near St Stephens Court,E01018440,Cheshire East 031A,Anti-social behaviour,,
,2014-05,Cheshire Constabulary,Cheshire Constabulary,-2.390476,53.149161,On or near St Stephens Court,E01018440,Cheshire East 031A,Anti-social behaviour,,
,2014-05,Cheshire Constabulary,Cheshire Constabulary,-2.392471,53.144939,On or near Elton Crossings Road,E01018440,Cheshire East 031A,Anti-social behaviour,,
0f98c63779f00c7df3a9bfc0c0e3d6079c7e673c698b4c04c0f7529199f9b1a8,2014-05,Cheshire Constabulary,Cheshire Constabulary,-2.389301,53.151475,On or near George Street,E01018440,Cheshire East 031A,Criminal damage and arson,Investigation complete; no suspect identified,
36aaa978d40ab54f67742090bebd4c2ec8ce784e44922ad62c61b30b6620ae54,2014-05,Cheshire Constabulary,Cheshire Constabulary,-2.391715,53.147341,On or near Angelina Close,E01018440,Cheshire East 031A,Criminal damage and arson,Investigation complete; no suspect identified,
89c6e35e5c0e499c5f6f8cf7909cc764001da52651adaeaacf7792dbe15dd24c,2014-05,Cheshire Constabulary,Cheshire Constabulary,-2.392126,53.149767,On or near New Street,E01018440,Cheshire East 031A,Drugs,Under investigation,
43adf16e184d92e8720255a9901ccaf384ca0be94899a9a09035b16478437bea,2014-05,Cheshire Constabulary,Cheshire Constabulary,-2.393018,53.150825,On or near Parking Area,E01018440,Cheshire East 031A,Other theft,Investigation complete; no suspect identified,
7d167ff2008c2ea73e957edbc4dbfbaa2402821ecfe66d85b2105c9f1ac5d910,2014-05,Cheshire Constabulary,Cheshire Constabulary,-2.390476,53.149161,On or near St Stephens Court,E01018440,Cheshire East 031A,Public order,Awaiting court outcome,
f30bed1966abf8151105c531e5761c4028620c5a2967e835b582e5629495abef,2014-05,Cheshire Constabulary,Cheshire Constabulary,-2.388677,53.151944,On or near The Avenue,E01018440,Cheshire East 031A,Violence and sexual offences,Unable to prosecute suspect,
,2014-05,Cheshire Constabulary,Cheshire Constabulary,-2.400169,53.138351,On or near Old Applecroft,E01018441,Cheshire East 031B,Anti-social behaviour,,
,2014-05,Cheshire Constabulary,Cheshire Constabulary,-2.400169,53.138351,On or near Old Applecroft,E01018441,Cheshire East 031B,Anti-social behaviour,,
d46298872da6b15a940532b215a4e669ba80c05ee71b857a3ff1c8010371d3f9,2014-05,Cheshire Constabulary,Cheshire Constabulary,-2.396153,53.142194,On or near Moston Road,E01018441,Cheshire East 031B,Criminal damage and arson,Under investigation,
fae4465ae5d8d32fff9375cb3ea53fc20b403dc27a33425211290ad3abf6c92b,2014-05,Cheshire Constabulary,Cheshire Constabulary,-2.393583,53.142283,On or near Goldsmith Drive,E01018441,Cheshire East 031B,Criminal damage and arson,Under investigation,
0b0fc7361b9222a35a840231bb2fbac974125f30c80ef376d7ca183b0d4fac17,2014-05,Cheshire Constabulary,Cheshire Constabulary,-2.401110,53.138231,On or near Rutland Close,E01018441,Cheshire East 031B,Other theft,Under investigation,
718e32241e34ef40a893154b236064ae87d4eb3f41ec155bd0cca974905d1d19,2014-05,Cheshire Constabulary,Cheshire Constabulary,-2.396267,53.143146,On or near Millbuck Way,E01018441,Cheshire East 031B,Other theft,Investigation complete; no suspect identified,
62b690c2502e29b4b155b9edabdbe46099bc86ce67eb37c78380de4c00fb22f9,2014-05,Cheshire Constabulary,Cheshire Constabulary,-2.391774,53.140698,On or near Masefield Way,E01018441,Cheshire East 031B,Vehicle crime,Investigation complete; no suspect identified,
a82a8db1da076bf8a2ffdd5ca393f5e2afa28fd0b3f3a418702d7a852edf26cb,2014-05,Cheshire Constabulary,Cheshire Constabulary,-2.391774,53.140698,On or near Masefield Way,E01018441,Cheshire East 031B,Violence and sexual offences,Formal action is not in the public interest,
,2014-05,Cheshire Constabulary,Cheshire Constabulary,-2.368508,53.143550,On or near Sunnymill Drive,E01018442,Cheshire East 031C,Anti-social behaviour,,
,2014-05,Cheshire Constabulary,Cheshire Constabulary,-2.391632,53.143134,On or near Gibson Crescent,E01018442,Cheshire East 031C,Anti-social behaviour,,
,2014-05,Cheshire Constabulary,Cheshire Constabulary,-2.394074,53.143675,On or near Scott Close,E01018442,Cheshire East 031C,Anti-social behaviour,,
,2014-05,Cheshire Constabulary,Cheshire Constabulary,-2.385572,53.145878,On or near Supermarket,E01018442,Cheshire East 031C,Anti-social behaviour,,
,2014-05,Cheshire Constabulary,Cheshire Constabulary,-2.368508,53.143550,On or near Sunnymill Drive,E01018442,Cheshire East 031C,Anti-social behaviour,,
,2014-05,Cheshire Constabulary,Cheshire Constabulary,-2.368508,53.143550,On or near Sunnymill Drive,E01018442,Cheshire East 031C,Anti-social behaviour,,
bef74034522cbecf6aa0e8de322af9eb1e7729032dfc710016b1fa739f6becf1,2014-05,Cheshire Constabulary,Cheshire Constabulary,-2.387748,53.140154,On or near Lodge Road,E01018442,Cheshire East 031C,Burglary,Under investigation,
ddbba57c885212425ea21b7346fe1ffab5c4cfa312eaceeded9e62eba641e97e,2014-05,Cheshire Constabulary,Cheshire Constabulary,-2.387748,53.140154,On or near Lodge Road,E01018442,Cheshire East 031C,Burglary,Under investigation,
dba7b76e29ed9eaeeef185188d4ac2f054985a381bcf66710717168f6a856d43,2014-05,Cheshire Constabulary,Cheshire Constabulary,-2.387748,53.140154,On or near Lodge Road,E01018442,Cheshire East 031C,Burglary,Under investigation,
9830d76e392ee4facad1d4e88c6632f2fdb5bcf9b4b76f79da371c936d59bbf9,2014-05,Cheshire Constabulary,Cheshire Constabulary,-2.387748,53.140154,On or near Lodge Road,E01018442,Cheshire East 031C,Burglary,Under investigation,
fd2e037165c4841382e1f8c3f4ac3bdfa3e079c9eb17dc0e90251cf2b9ee981c,2014-05,Cheshire Constabulary,Cheshire Constabulary,-2.368024,53.144603,On or near Ashfield Way,E01018442,Cheshire East 031C,Burglary,Under investigation,
3bf69971269a282137508dbc74725e6318fdd28a50347fa353961edbe7bfc22c,2014-05,Cheshire Constabulary,Cheshire Constabulary,-2.388754,53.145607,On or near Crabmill Drive,E01018442,Cheshire East 031C,Burglary,Investigation complete; no suspect identified,
be70358f16c5c55512d0baf2ce5ae375937f37e69bad12e35eb2dee1af627492,2014-05,Cheshire Constabulary,Cheshire Constabulary,-2.389648,53.140291,On or near B5079,E01018442,Cheshire East 031C,Burglary,Under investigation,
45e3c7bca44a884cc5352fc58202f07fd607a712805e9b6a00ebe3f6ea31cfcf,2014-05,Cheshire Constabulary,Cheshire Constabulary,-2.365870,53.144502,On or near (Old) Middlewich Road,E01018442,Cheshire East 031C,Public order,Under investigation,
0b81a821c9c77d3843a4bf60e1113a5c3592760b9e2843132142dc3316a9eca5,2014-05,Cheshire Constabulary,Cheshire Constabulary,-2.392341,53.142134,On or near Shelley Court,E01018442,Cheshire East 031C,Public order,Formal action is not in the public interest,
1c676a5ba4f6dc1e4d870745eab2093c3133bc77c31632ea20ea38929f78e358,2014-05,Cheshire Constabulary,Cheshire Constabulary,-2.385572,53.145878,On or near Supermarket,E01018442,Cheshire East 031C,Shoplifting,Under investigation,
63efabdb3b4d60ae8e039c19a34b3f9387773e7726a1eab7be1c7eab51e6ae1e,2014-05,Cheshire Constabulary,Cheshire Constabulary,-2.373530,53.126194,On or near Sports/Recreation Area,E01018443,Cheshire East 031D,Criminal damage and arson,Investigation complete; no suspect identified,
3deafdb1483ad38f22053a14161f11abf76169c8380d5ef6d8953eabb2203765,2014-05,Cheshire Constabulary,Cheshire Constabulary,-2.373817,53.133403,On or near Lightley Close,E01018432,Cheshire East 032A,Burglary,Under investigation,
ee79457bceb7e9552a934e8efa61493923ae54906704edb508038d8a6a1d24e9,2014-05,Cheshire Constabulary,Cheshire Constabulary,-2.373817,53.133403,On or near Lightley Close,E01018432,Cheshire East 032A,Criminal damage and arson,Unable to prosecute suspect,
f667362bd71b3c57eaa18b31eb44cefd1fc501bfea1e6d0028cbe0f73a2f4483,2014-05,Cheshire Constabulary,Cheshire Constabulary,-2.371166,53.137951,On or near Hungerford Place,E01018432,Cheshire East 032A,Criminal damage and arson,Under investigation,
,2014-05,Cheshire Constabulary,Cheshire Constabulary,-2.348339,53.143431,On or near Wright'S Lane,E01018433,Cheshire East 032B,Anti-social behaviour,,
,2014-05,Cheshire Constabulary,Cheshire Constabulary,-2.351803,53.141039,On or near The Hill,E01018433,Cheshire East 032B,Anti-social behaviour,,
,2014-05,Cheshire Constabulary,Cheshire Constabulary,-2.342120,53.143440,On or near Peartree Close,E01018433,Cheshire East 032B,Anti-social behaviour,,
,2014-05,Cheshire Constabulary,Cheshire Constabulary,-2.346111,53.143330,On or near Bailey Crescent,E01018433,Cheshire East 032B,Anti-social behaviour,,
3a27d4c8779d0016a6923b3d1a185b4de5500ac1e44288a2a25ed753dfaaa6f5,2014-05,Cheshire Constabulary,Cheshire Constabulary,-2.342857,53.145793,On or near Willow Drive,E01018433,Cheshire East 032B,Violence and sexual offences,Offender given a caution,
,2014-05,Cheshire Constabulary,Cheshire Constabulary,-2.354223,53.144438,On or near Pine Grove,E01018434,Cheshire East 032C,Anti-social behaviour,,
,2014-05,Cheshire Constabulary,Cheshire Constabulary,-2.366075,53.143980,On or near Crewe Road,E01018435,Cheshire East 032D,Anti-social behaviour,,
,2014-05,Cheshire Constabulary,Cheshire Constabulary,-2.366623,53.139915,On or near Fairfield Avenue,E01018435,Cheshire East 032D,Anti-social behaviour,,
,2014-05,Cheshire Constabulary,Cheshire Constabulary,-2.362825,53.143307,On or near Supermarket,E01018435,Cheshire East 032D,Anti-social behaviour,,
,2014-05,Cheshire Constabulary,Cheshire Constabulary,-2.364759,53.142123,On or near Flat Lane,E01018435,Cheshire East 032D,Anti-social behaviour,,
,2014-05,Cheshire Constabulary,Cheshire Constabulary,-2.365206,53.140270,On or near Sports/Recreation Area,E01018435,Cheshire East 032D,Anti-social behaviour,,
,2014-05,Cheshire Constabulary,Cheshire Constabulary,-2.358947,53.140748,On or near Ormerod Close,E01018435,Cheshire East 032D,Anti-social behaviour,,
,2014-05,Cheshire Constabulary,Cheshire Constabulary,-2.364072,53.143977,On or near Hope Street,E01018435,Cheshire East 032D,Anti-social behaviour,,
,2014-05,Cheshire Constabulary,Cheshire Constabulary,-2.366623,53.139915,On or near Fairfield Avenue,E01018435,Cheshire East 032D,Anti-social behaviour,,
,2014-05,Cheshire Constabulary,Cheshire Constabulary,-2.362838,53.144808,On or near Parking Area,E01018435,Cheshire East 032D,Anti-social behaviour,,
,2014-05,Cheshire Constabulary,Cheshire Constabulary,-2.364759,53.142123,On or near Flat Lane,E01018435,Cheshire East 032D,Anti-social behaviour,,
,2014-05,Cheshire Constabulary,Cheshire Constabulary,-2.365123,53.140981,On or near Sports/Recreation Area,E01018435,Cheshire East 032D,Anti-social behaviour,,
,2014-05,Cheshire Constabulary,Cheshire Constabulary,-2.368216,53.140800,On or near Newall Avenue,E01018435,Cheshire East 032D,Anti-social behaviour,,
ef98454452f5af0f3a5a7d454febc6be8907fe6abbf0c9cee8b152162d398b6c,2014-05,Cheshire Constabulary,Cheshire Constabulary,-2.367499,53.139121,On or near Third Avenue,E01018435,Cheshire East 032D,Bicycle theft,Under investigation,
d91e71a13e18a49eaca95d8cdaf7fb7f2128ec374cc3cdcf95d77456288d3a2f,2014-05,Cheshire Constabulary,Cheshire Constabulary,-2.367499,53.139121,On or near Third Avenue,E01018435,Cheshire East 032D,Criminal damage and arson,Under investigation,
a8ff3fd3f2d752f4bb17fa3829588f0bc6d2e9b3fda247bd5d1717cb1169c8e1,2014-05,Cheshire Constabulary,Cheshire Constabulary,-2.368650,53.139181,On or near Price Drive,E01018435,Cheshire East 032D,Drugs,Offender given a drugs possession warning,
1aef0b1ca3b4c63f99953e974fce1a8b7d9f8bfe3d3e8f4a0c7f341cfd67bafb,2014-05,Cheshire Constabulary,Cheshire Constabulary,-2.364759,53.142123,On or near Flat Lane,E01018435,Cheshire East 032D,Other theft,Investigation complete; no suspect identified,
38480f4b0bf0bf7972fcbc9ea6e56e612e308fd4fff613218c0af5051de62db4,2014-05,Cheshire Constabulary,Cheshire Constabulary,-2.366075,53.143980,On or near Crewe Road,E01018435,Cheshire East 032D,Public order,Offender given a caution,
a8cfb1b7d305a2d11ad56a428727e15627a02101679f962dcc6763ce5c12e5a1,2014-05,Cheshire Constabulary,Cheshire Constabulary,-2.362838,53.144808,On or near Parking Area,E01018435,Cheshire East 032D,Shoplifting,Under investigation,
c74f6d8483a71dcfee2ec324c74a402a60c6d7222b519ed04edaad98c22c0d5a,2014-05,Cheshire Constabulary,Cheshire Constabulary,-2.362838,53.144808,On or near Parking Area,E01018435,Cheshire East 032D,Violence and sexual offences,Awaiting court outcome,
372ccc701cc35aa30e2e6a68f873e276ef12f0620b25c95794e56905973e8cdc,2014-05,Cheshire Constabulary,Cheshire Constabulary,-2.362825,53.143307,On or near Supermarket,E01018435,Cheshire East 032D,Other crime,Under investigation,
cc99298f42ed3ce56ba4a9f8b667d51229b9e85ae2095af450b2d62d5dca9c2f,2014-05,Cheshire Constabulary,Cheshire Constabulary,-2.315766,53.158066,On or near Petrol Station,E01018394,Cheshire East 033A,Drugs,Offender given a drugs possession warning,
354f43a5d31d6307bcf1b0e6df4e74951b4ff8c82acd300cc4cc6aec08181540,2014-05,Cheshire Constabulary,Cheshire Constabulary,-2.327109,53.153118,On or near Congleton Road,E01018394,Cheshire East 033A,Vehicle crime,Investigation complete; no suspect identified,
,2014-05,Cheshire Constabulary,Cheshire Constabulary,-2.286624,53.100556,On or near Liverpool Road West,E01018417,Cheshire East 033B,Anti-social behaviour,,
,2014-05,Cheshire Constabulary,Cheshire Constabulary,-2.255919,53.093318,On or near Liverpool Road East,E01018417,Cheshire East 033B,Anti-social behaviour,,
0b96b630eed1f035ddadc609a76c9c962c823116c137e3c6cce15da49030a6ad,2014-05,Cheshire Constabulary,Cheshire Constabulary,-2.254481,53.097636,On or near Congleton Road North,E01018417,Cheshire East 033B,Burglary,Investigation complete; no suspect identified,
ea1cf8126ff6e4f33f617e37bcb75299c72f2c92a04c9ac1a705d660d447f3bb,2014-05,Cheshire Constabulary,Cheshire Constabulary,-2.254481,53.097636,On or near Congleton Road North,E01018417,Cheshire East 033B,Other theft,Investigation complete; no suspect identified,
9bde65ac2f8561c5184c500a49b286fc5881fce291ad0220f0ac05541bdc4507,2014-05,Cheshire Constabulary,Cheshire Constabulary,-2.286792,53.101158,On or near Linley Lane,E01018417,Cheshire East 033B,Violence and sexual offences,Under investigation,
72c71d779bc9e5fd31e161930145e328d59a32a368db2eb42bcb1780a165983e,2014-05,Cheshire Constabulary,Cheshire Constabulary,-2.286624,53.100556,On or near Liverpool Road West,E01018417,Cheshire East 033B,Violence and sexual offences,Under investigation,
,2014-05,Cheshire Constabulary,Cheshire Constabulary,-2.353392,53.128782,On or near Lanyard Way,E01018418,Cheshire East 033C,Anti-social behaviour,,
,2014-05,Cheshire Constabulary,Cheshire Constabulary,-2.306105,53.107627,On or near Acton Way,E01018418,Cheshire East 033C,Anti-social behaviour,,
,2014-05,Cheshire Constabulary,Cheshire Constabulary,-2.330409,53.123266,On or near The Paddock,E01018418,Cheshire East 033C,Anti-social behaviour,,
6d0ea2f18d26f5ca57ad660e563f09832a3d235e0d4e7e88c1f74cc714377f67,2014-05,Cheshire Constabulary,Cheshire Constabulary,-2.336830,53.120722,On or near Alsager Road,E01018418,Cheshire East 033C,Burglary,Investigation complete; no suspect identified,
f2e16cf05b1ad4c67f88bd1edbd4b0420df41d52110b6d1cffe77a24f69d45b9,2014-05,Cheshire Constabulary,Cheshire Constabulary,-2.352569,53.128649,On or near Bowline Close,E01018418,Cheshire East 033C,Criminal damage and arson,Under investigation,
1b43e2d32899bf251c7418313573da2ae7f1fda342aa066f5ea4572a6d21196b,2014-05,Cheshire Constabulary,Cheshire Constabulary,-2.335654,53.138604,On or near Petrol Station,E01018418,Cheshire East 033C,Other theft,Investigation complete; no suspect identified,
533f31890f2a569ac944d2d609f98b5d56d31d292e460d6f22ab05571c5edd05,2014-05,Cheshire Constabulary,Cheshire Constabulary,-2.313830,53.124353,On or near Cappers Lane,E01018418,Cheshire East 033C,Other theft,Investigation complete; no suspect identified,
d164e5b26d6d742780d78d195bda1b2e4a83005aa7fd9d2a8f7034c4681d974f,2014-05,Cheshire Constabulary,Cheshire Constabulary,-2.335654,53.138604,On or near Petrol Station,E01018418,Cheshire East 033C,Shoplifting,Investigation complete; no suspect identified,
f311660f433640cf1665a9cc20bf7bfb516f299e5ec901ae87b7df2c95df06e2,2014-05,Cheshire Constabulary,Cheshire Constabulary,-2.335654,53.138604,On or near Petrol Station,E01018418,Cheshire East 033C,Shoplifting,Under investigation,
,2014-05,Cheshire Constabulary,Cheshire Constabulary,-2.227781,53.106481,On or near Willmer Crescent,E01018428,Cheshire East 033D,Anti-social behaviour,,
2303e0d921bd682b5ef6560844246956b9d4b0809380b187d7098ee51508d35b,2014-05,Cheshire Constabulary,Cheshire Constabulary,-2.236224,53.118043,On or near Station Road,E01018428,Cheshire East 033D,Burglary,Formal action is not in the public interest,
9e81cebb59c8fecd21ad5fec7ac197a65b19ce6e684919d579ca5fb0d583a211,2014-05,Cheshire Constabulary,Cheshire Constabulary,-2.229040,53.104528,On or near The Hollow,E01018428,Cheshire East 033D,Burglary,Under investigation,
dbc200cdc6808678a82dc8e1e03d882f4e248f095287c97c6155d22e5c8fdfbd,2014-05,Cheshire Constabulary,Cheshire Constabulary,-2.227046,53.105836,On or near South Street,E01018428,Cheshire East 033D,Criminal damage and arson,Investigation complete; no suspect identified,
7e25bb08a4e2a10b1f10498a96209daa743fe87256619fb41a304755ca4823d8,2014-05,Cheshire Constabulary,Cheshire Constabulary,-2.229040,53.104528,On or near The Hollow,E01018428,Cheshire East 033D,Criminal damage and arson,Under investigation,
d3a6bc0ad3d971ed707d8f2feb24d22a97df95a36c77c355fea0a5867537d94d,2014-05,Cheshire Constabulary,Cheshire Constabulary,-2.229040,53.104528,On or near The Hollow,E01018428,Cheshire East 033D,Drugs,Offender given a drugs possession warning,
e7939056a5e8764f95f092efe4c06df14bb589472e6ca1ea8ab3484ae96df9f6,2014-05,Cheshire Constabulary,Cheshire Constabulary,-2.225059,53.105722,On or near Heatherside,E01018428,Cheshire East 033D,Other theft,Awaiting court outcome,
348dc47b392b5f8d9d600279c60a937c698671950c766ea42040b43cd410885f,2014-05,Cheshire Constabulary,Cheshire Constabulary,-2.229040,53.104528,On or near The Hollow,E01018428,Cheshire East 033D,Vehicle crime,Investigation complete; no suspect identified,
faadb4b1864ed0f72626c181065d96fdb9cc7377aadfaac06e6275d3b393d95d,2014-05,Cheshire Constabulary,Cheshire Constabulary,-2.229040,53.104528,On or near The Hollow,E01018428,Cheshire East 033D,Vehicle crime,Investigation complete; no suspect identified,
c517e3c0336e976012b49594fdb873e5f656d9097d8df56b91e2d00d8180eea8,2014-05,Cheshire Constabulary,Cheshire Constabulary,-2.225059,53.105722,On or near Heatherside,E01018428,Cheshire East 033D,Violence and sexual offences,Awaiting court outcome,
0f829c062556a4a22c150c0c292053152623d63caca4433ffe44b2d1ddd36ab6,2014-05,Cheshire Constabulary,Cheshire Constabulary,-2.250695,53.114157,On or near Stone Chair Lane,E01018429,Cheshire East 033E,Burglary,Investigation complete; no suspect identified,
6b91438cd96baf5ca93642a8539e521cf8226a8e502772fcd0a563dd7b265eb1,2014-05,Cheshire Constabulary,Cheshire Constabulary,-2.229170,53.112079,On or near The Brake,E01018429,Cheshire East 033E,Burglary,Investigation complete; no suspect identified,
,2014-05,Cheshire Constabulary,Cheshire Constabulary,-2.291120,53.111692,On or near Millmead,E01018430,Cheshire East 033F,Anti-social behaviour,,
,2014-05,Cheshire Constabulary,Cheshire Constabulary,-2.287496,53.112554,On or near Ash Grove,E01018430,Cheshire East 033F,Anti-social behaviour,,
,2014-05,Cheshire Constabulary,Cheshire Constabulary,-2.288956,53.112030,On or near Spruce Grove,E01018430,Cheshire East 033F,Anti-social behaviour,,
d93a91230841eb4269d52babfa5b5ae6a5ecb4ff5011d3805bc622e05aabf97c,2014-05,Cheshire Constabulary,Cheshire Constabulary,-2.291120,53.111692,On or near Millmead,E01018430,Cheshire East 033F,Burglary,Investigation complete; no suspect identified,
d69f56181118a24da0958b7c2980993aba760d7246c7d376a6078efb272e5d7e,2014-05,Cheshire Constabulary,Cheshire Constabulary,-2.288947,53.110564,On or near Belvedere Terrace,E01018430,Cheshire East 033F,Burglary,Investigation complete; no suspect identified,
766855545ca72db09199caf86b04391ce86fbde988c079f388ed89a8ed7d653d,2014-05,Cheshire Constabulary,Cheshire Constabulary,-2.288956,53.112030,On or near Spruce Grove,E01018430,Cheshire East 033F,Violence and sexual offences,Awaiting court outcome,
ff58035a95daad6ba458a3763e8b2cc3a7b9524ca568ae2d34865506e2e3963c,2014-05,Cheshire Constabulary,Cheshire Constabulary,-2.294857,53.114217,On or near Byron Close,E01018431,Cheshire East 033G,Other theft,Investigation complete; no suspect identified,
b3a65c57e2bc6c25486680d62431bdcbe537102b8e984ba3f2eb82f5327a85be,2014-05,Cheshire Constabulary,Cheshire Constabulary,-2.252413,53.109101,On or near Supermarket,E01018431,Cheshire East 033G,Shoplifting,Under investigation,
34d82cfbc5d74d201b5297cb3621a3083839b50fd9e1ffb384ff1cf8694081de,2014-05,Cheshire Constabulary,Cheshire Constabulary,-2.252413,53.109101,On or near Supermarket,E01018431,Cheshire East 033G,Shoplifting,Investigation complete; no suspect identified,
,2014-05,Cheshire Constabulary,Cheshire Constabulary,-2.450027,53.114550,On or near Sheringham Drive,E01018472,Cheshire East 034A,Anti-social behaviour,,
,2014-05,Cheshire Constabulary,Cheshire Constabulary,-2.448264,53.113073,On or near Petrol Station,E01018472,Cheshire East 034A,Anti-social behaviour,,
,2014-05,Cheshire Constabulary,Cheshire Constabulary,-2.452075,53.113202,On or near Cliffe Road,E01018472,Cheshire East 034A,Anti-social behaviour,,
,2014-05,Cheshire Constabulary,Cheshire Constabulary,-2.453410,53.118051,On or near Parker'S Road,E01018472,Cheshire East 034A,Anti-social behaviour,,
,2014-05,Cheshire Constabulary,Cheshire Constabulary,-2.453410,53.118051,On or near Parker'S Road,E01018472,Cheshire East 034A,Anti-social behaviour,,
,2014-05,Cheshire Constabulary,Cheshire Constabulary,-2.451394,53.118104,On or near Holbury Close,E01018472,Cheshire East 034A,Anti-social behaviour,,
213331a26d30cf0752bcdcd1c915597ad42188d34ff41f43cad77ccda39c3af5,2014-05,Cheshire Constabulary,Cheshire Constabulary,-2.453410,53.118051,On or near Parker'S Road,E01018472,Cheshire East 034A,Public order,Awaiting court outcome,
f92db4ebccc75b5f39023ccf63bdc36559f5363dd147f1ecbc62d68aeb19fb24,2014-05,Cheshire Constabulary,Cheshire Constabulary,-2.456452,53.113204,On or near Selworthy Drive,E01018472,Cheshire East 034A,Theft from the person,Investigation complete; no suspect identified,
a423b4a558b6193773d054cfc2b4947a20a63293cb31c11bbf03e325411a0561,2014-05,Cheshire Constabulary,Cheshire Constabulary,-2.456452,53.113204,On or near Selworthy Drive,E01018472,Cheshire East 034A,Vehicle crime,Investigation complete; no suspect identified,
047ccb06ede4958db200866fc1f563e342f0f67cf85eb515be561ae26920dc7f,2014-05,Cheshire Constabulary,Cheshire Constabulary,-2.450027,53.114550,On or near Sheringham Drive,E01018472,Cheshire East 034A,Vehicle crime,Investigation complete; no suspect identified,
adb85b6df9dd468b198fa7430d15b50c473157f805b32bad8a2ab9c54f45d4fd,2014-05,Cheshire Constabulary,Cheshire Constabulary,-2.450052,53.116932,On or near Somerley Close,E01018472,Cheshire East 034A,Vehicle crime,Investigation complete; no suspect identified,
93c42afa265b260ed60084772478ccf19254706f919c46b22057f565a3811eb9,2014-05,Cheshire Constabulary,Cheshire Constabulary,-2.456452,53.113204,On or near Selworthy Drive,E01018472,Cheshire East 034A,Violence and sexual offences,Offender given a caution,
,2014-05,Cheshire Constabulary,Cheshire Constabulary,-2.459642,53.113920,On or near Leighton View,E01018473,Cheshire East 034B,Anti-social behaviour,,
152a7f6cdc6a226f243bf9dd01c86b4043f5778480f5c7f2f7977d37bdc6e9eb,2014-05,Cheshire Constabulary,Cheshire Constabulary,-2.457854,53.120066,On or near Beltony Drive,E01018473,Cheshire East 034B,Violence and sexual offences,Offender given a caution,
cbab345d2e611b4be6ba4d9b81928f8dee19108c6c9e13a9e5add79eb4f2ee77,2014-05,Cheshire Constabulary,Cheshire Constabulary,-2.453465,53.114734,On or near Mablins Lane,E01018473,Cheshire East 034B,Violence and sexual offences,Formal action is not in the public interest,
,2014-05,Cheshire Constabulary,Cheshire Constabulary,-2.462601,53.114025,On or near Merlin Court,E01018474,Cheshire East 034C,Anti-social behaviour,,
,2014-05,Cheshire Constabulary,Cheshire Constabulary,-2.462601,53.114025,On or near Merlin Court,E01018474,Cheshire East 034C,Anti-social behaviour,,
116b307711d2efd058e3fa63d6e8163ac4ce61f8c6568fc4f7f728af6652a908,2014-05,Cheshire Constabulary,Cheshire Constabulary,-2.460916,53.114382,On or near Bodnant Close,E01018474,Cheshire East 034C,Other theft,Investigation complete; no suspect identified,
5784e6e38a33ff022a09a35f647c1fe9e8353bb3672ab5a0bda4508d08c64919,2014-05,Cheshire Constabulary,Cheshire Constabulary,-2.460739,53.117367,On or near Becconsall Close,E01018474,Cheshire East 034C,Other theft,Under investigation,
02712d8a241201a5d520c0c838174e9b429e9235b6eec4c30ac84cc632e0af3d,2014-05,Cheshire Constabulary,Cheshire Constabulary,-2.463487,53.111702,On or near Whittaker Close,E01018474,Cheshire East 034C,Vehicle crime,Under investigation,
,2014-05,Cheshire Constabulary,Cheshire Constabulary,-2.453928,53.120360,On or near Sheridan Close,E01018475,Cheshire East 034D,Anti-social behaviour,,
,2014-05,Cheshire Constabulary,Cheshire Constabulary,-2.458190,53.122078,On or near Fox Covert Way,E01018475,Cheshire East 034D,Anti-social behaviour,,
,2014-05,Cheshire Constabulary,Cheshire Constabulary,-2.451046,53.119112,On or near Bowland Croft,E01018475,Cheshire East 034D,Anti-social behaviour,,
,2014-05,Cheshire Constabulary,Cheshire Constabulary,-2.454961,53.119160,On or near Mills Way,E01018475,Cheshire East 034D,Anti-social behaviour,,
,2014-05,Cheshire Constabulary,Cheshire Constabulary,-2.437769,53.105058,On or near Charlesworth Street,E01018463,Cheshire East 035A,Anti-social behaviour,,
,2014-05,Cheshire Constabulary,Cheshire Constabulary,-2.439010,53.105107,On or near Sherborne Road,E01018463,Cheshire East 035A,Anti-social behaviour,,
,2014-05,Cheshire Constabulary,Cheshire Constabulary,-2.439858,53.103369,On or near Audley Street West,E01018463,Cheshire East 035A,Anti-social behaviour,,
,2014-05,Cheshire Constabulary,Cheshire Constabulary,-2.438811,53.103229,On or near Audley Street,E01018463,Cheshire East 035A,Anti-social behaviour,,
,2014-05,Cheshire Constabulary,Cheshire Constabulary,-2.436942,53.103002,On or near Cumberland Close,E01018463,Cheshire East 035A,Anti-social behaviour,,
,2014-05,Cheshire Constabulary,Cheshire Constabulary,-2.439858,53.103369,On or near Audley Street West,E01018463,Cheshire East 035A,Anti-social behaviour,,
,2014-05,Cheshire Constabulary,Cheshire Constabulary,-2.438038,53.103619,On or near Ridgway Street,E01018463,Cheshire East 035A,Anti-social behaviour,,
,2014-05,Cheshire Constabulary,Cheshire Constabulary,-2.439858,53.103369,On or near Audley Street West,E01018463,Cheshire East 035A,Anti-social behaviour,,
,2014-05,Cheshire Constabulary,Cheshire Constabulary,-2.439858,53.103369,On or near Audley Street West,E01018463,Cheshire East 035A,Anti-social behaviour,,
cd9e962dca816cd76254780136c81e876e45cdcd1415312347cbf224e86c2ad4,2014-05,Cheshire Constabulary,Cheshire Constabulary,-2.432097,53.102499,On or near Spring Gardens,E01018463,Cheshire East 035A,Burglary,Investigation complete; no suspect identified,
69d925824cfa6abe4bca0c04aafe81c0728aac23832baebd70d9e336aaa69c1a,2014-05,Cheshire Constabulary,Cheshire Constabulary,-2.438811,53.103229,On or near Audley Street,E01018463,Cheshire East 035A,Burglary,Investigation complete; no suspect identified,
965331cdaaf26da302725e0d83f70db9494a712e4d3aff1066bfd598fcce86d3,2014-05,Cheshire Constabulary,Cheshire Constabulary,-2.438811,53.103229,On or near Audley Street,E01018463,Cheshire East 035A,Criminal damage and arson,Investigation complete; no suspect identified,
f57f5a731b6911168b02c8204f52a77c36cdae056b154ba72623999344bf01b0,2014-05,Cheshire Constabulary,Cheshire Constabulary,-2.439858,53.103369,On or near Audley Street West,E01018463,Cheshire East 035A,Criminal damage and arson,Investigation complete; no suspect identified,
eafc688f336d95ede891eb483ccd94d267823901fd23595d75673003d2f68685,2014-05,Cheshire Constabulary,Cheshire Constabulary,-2.432097,53.102499,On or near Spring Gardens,E01018463,Cheshire East 035A,Drugs,Unable to prosecute suspect,
17b0191a58a4009f3ce479f2fc0afc63f4a93607cd8ca082d1771cee8c517ff9,2014-05,Cheshire Constabulary,Cheshire Constabulary,-2.440739,53.101829,On or near Parking Area,E01018463,Cheshire East 035A,Other theft,Investigation complete; no suspect identified,
b9a668299d2144d3adc666583cc69d56938c5f9f65616da0d3579551951715a8,2014-05,Cheshire Constabulary,Cheshire Constabulary,-2.439010,53.105107,On or near Sherborne Road,E01018463,Cheshire East 035A,Other theft,Investigation complete; no suspect identified,
51d33ee1ee314c4e8a4b285292917cc82182f72bc70ef46c026d8d8f44c088b3,2014-05,Cheshire Constabulary,Cheshire Constabulary,-2.439400,53.103829,On or near Middlewich Street,E01018463,Cheshire East 035A,Shoplifting,Investigation complete; no suspect identified,
fd89c2b36122679191f9c4fce3ea05c5f5b75e42f6a33accb35666c280e621cd,2014-05,Cheshire Constabulary,Cheshire Constabulary,-2.439400,53.103829,On or near Middlewich Street,E01018463,Cheshire East 035A,Shoplifting,Under investigation,
9e4d7a7eaa54b12b0eeb3582aa630c299c614cc8c2d2de5b8189e9111a0442d4,2014-05,Cheshire Constabulary,Cheshire Constabulary,-2.439010,53.105107,On or near Sherborne Road,E01018463,Cheshire East 035A,Theft from the person,Under investigation,
611e8b8dc4ac14f96244d98315f90470ebfb4aa7dac5834e46a66fb6f95c31d8,2014-05,Cheshire Constabulary,Cheshire Constabulary,-2.441881,53.101079,On or near Newton Street,E01018463,Cheshire East 035A,Violence and sexual offences,Under investigation,
638a0fc3e9a7a8bbcfa12c1de88e8d645bb05cabe2c2418e03fb38c51b1821b8,2014-05,Cheshire Constabulary,Cheshire Constabulary,-2.432097,53.102499,On or near Spring Gardens,E01018463,Cheshire East 035A,Violence and sexual offences,Investigation complete; no suspect identified,
e2ad339c8017c60bdc74ddbb3060995b9c6c8f5aaf4378e72a7398693fb553ec,2014-05,Cheshire Constabulary,Cheshire Constabulary,-2.439400,53.103829,On or near Middlewich Street,E01018463,Cheshire East 035A,Violence and sexual offences,Unable to prosecute suspect,
722dc9e6a191e966bb42ce1d9cd76da0d16a2a542493b509c4c224fb8e10279d,2014-05,Cheshire Constabulary,Cheshire Constabulary,-2.439400,53.103829,On or near Middlewich Street,E01018463,Cheshire East 035A,Violence and sexual offences,Unable to prosecute suspect,
,2014-05,Cheshire Constabulary,Cheshire Constabulary,-2.439810,53.107424,On or near Abbey Place,E01018476,Cheshire East 035B,Anti-social behaviour,,
,2014-05,Cheshire Constabulary,Cheshire Constabulary,-2.442363,53.110174,On or near Broad Street,E01018476,Cheshire East 035B,Anti-social behaviour,,
,2014-05,Cheshire Constabulary,Cheshire Constabulary,-2.441461,53.108163,On or near Crossway,E01018476,Cheshire East 035B,Anti-social behaviour,,
,2014-05,Cheshire Constabulary,Cheshire Constabulary,-2.439810,53.107424,On or near Abbey Place,E01018476,Cheshire East 035B,Anti-social behaviour,,
,2014-05,Cheshire Constabulary,Cheshire Constabulary,-2.440136,53.105759,On or near Cranborne Road,E01018476,Cheshire East 035B,Anti-social behaviour,,
,2014-05,Cheshire Constabulary,Cheshire Constabulary,-2.440403,53.106990,On or near Haslemere Way,E01018476,Cheshire East 035B,Anti-social behaviour,,
,2014-05,Cheshire Constabulary,Cheshire Constabulary,-2.440403,53.106990,On or near Haslemere Way,E01018476,Cheshire East 035B,Anti-social behaviour,,
,2014-05,Cheshire Constabulary,Cheshire Constabulary,-2.440403,53.106990,On or near Haslemere Way,E01018476,Cheshire East 035B,Anti-social behaviour,,
,2014-05,Cheshire Constabulary,Cheshire Constabulary,-2.440403,53.106990,On or near Haslemere Way,E01018476,Cheshire East 035B,Anti-social behaviour,,
8c1c15a7862d1e626db99b6a3cc75f1bd3306acc0d9de01dfdd8705a08fb9a70,2014-05,Cheshire Constabulary,Cheshire Constabulary,-2.440403,53.106990,On or near Haslemere Way,E01018476,Cheshire East 035B,Burglary,Investigation complete; no suspect identified,
8f2bea9ca2151b964dea25f42d7a11e7acc3440ffabf4a358794f6e6e70110ad,2014-05,Cheshire Constabulary,Cheshire Constabulary,-2.441461,53.108163,On or near Crossway,E01018476,Cheshire East 035B,Criminal damage and arson,Investigation complete; no suspect identified,
f3945b43c23477577c17bbeab0c9c12d170637206ab44f38a20573cc9fd176b2,2014-05,Cheshire Constabulary,Cheshire Constabulary,-2.439810,53.107424,On or near Abbey Place,E01018476,Cheshire East 035B,Criminal damage and arson,Investigation complete; no suspect identified,
608475ec353ec6c6c80e3c737d5e419c9b8217e03d711e195807a4388c57d5ee,2014-05,Cheshire Constabulary,Cheshire Constabulary,-2.442363,53.110174,On or near Broad Street,E01018476,Cheshire East 035B,Criminal damage and arson,Investigation complete; no suspect identified,
ed92177f4d38fc8786b6ebbff1b762c92c33f32e956b34f62116cff3b8c3efce,2014-05,Cheshire Constabulary,Cheshire Constabulary,-2.443496,53.108533,On or near Lime Street,E01018476,Cheshire East 035B,Other theft,Awaiting court outcome,
bef1a409332ce00dea74249435201519564f3bebeea5e2efaca9266a44ad1087,2014-05,Cheshire Constabulary,Cheshire Constabulary,-2.441461,53.108163,On or near Crossway,E01018476,Cheshire East 035B,Other theft,Investigation complete; no suspect identified,
dc30e041a74a6eb9415d286167d399c0b8499442a5a3567e37ccec1e08848847,2014-05,Cheshire Constabulary,Cheshire Constabulary,-2.441461,53.108163,On or near Crossway,E01018476,Cheshire East 035B,Public order,Investigation complete; no suspect identified,
f91cae6dcdacaee5dd16e4c1c80fa66322d4e0c7716306f2a42b4790ed5f4cb0,2014-05,Cheshire Constabulary,Cheshire Constabulary,-2.440136,53.105759,On or near Cranborne Road,E01018476,Cheshire East 035B,Robbery,Under investigation,
ec22ede2b4ba91acc9ddee6bc121ffbb2a090758598390d7fe1fb9cda3887202,2014-05,Cheshire Constabulary,Cheshire Constabulary,-2.442363,53.110174,On or near Broad Street,E01018476,Cheshire East 035B,Vehicle crime,Investigation complete; no suspect identified,
a36306aa66a215107e7bc7bf13e8d77d444e38537ed31b8f1d32921a332347e8,2014-05,Cheshire Constabulary,Cheshire Constabulary,-2.440403,53.106990,On or near Haslemere Way,E01018476,Cheshire East 035B,Violence and sexual offences,Unable to prosecute suspect,
,2014-05,Cheshire Constabulary,Cheshire Constabulary,-2.435112,53.105247,On or near Coronation Street,E01018477,Cheshire East 035C,Anti-social behaviour,,
,2014-05,Cheshire Constabulary,Cheshire Constabulary,-2.435112,53.105247,On or near Coronation Street,E01018477,Cheshire East 035C,Anti-social behaviour,,
,2014-05,Cheshire Constabulary,Cheshire Constabulary,-2.435112,53.105247,On or near Coronation Street,E01018477,Cheshire East 035C,Anti-social behaviour,,
,2014-05,Cheshire Constabulary,Cheshire Constabulary,-2.434097,53.106788,On or near Coronation Crescent,E01018477,Cheshire East 035C,Anti-social behaviour,,
,2014-05,Cheshire Constabulary,Cheshire Constabulary,-2.437366,53.106534,On or near Woodland Gardens,E01018477,Cheshire East 035C,Anti-social behaviour,,
,2014-05,Cheshire Constabulary,Cheshire Constabulary,-2.429825,53.106759,On or near Pyrus Avenue,E01018477,Cheshire East 035C,Anti-social behaviour,,
ccc207a36bbd154277b9ce545ea603e8b93ccc936f6bfe3336678ef68768693b,2014-05,Cheshire Constabulary,Cheshire Constabulary,-2.431237,53.107563,On or near Sorbus Drive,E01018477,Cheshire East 035C,Burglary,Investigation complete; no suspect identified,
5de0dde1447fefd47d41b2551e932d532988742fe10d32c235a89584ee2e0561,2014-05,Cheshire Constabulary,Cheshire Constabulary,-2.428597,53.107959,On or near Lime Tree Avenue,E01018477,Cheshire East 035C,Burglary,Investigation complete; no suspect identified,
f7f58175b8bb3368b480fb1472c8ffa8629af61479de025809892d4f6a21d97f,2014-05,Cheshire Constabulary,Cheshire Constabulary,-2.430326,53.106128,On or near Plane Tree Drive,E01018477,Cheshire East 035C,Criminal damage and arson,Investigation complete; no suspect identified,
a6e2d077021ac03391fae31b7c2624b13ac2547fe3ea43e69fc0e15facfd38f7,2014-05,Cheshire Constabulary,Cheshire Constabulary,-2.430326,53.106128,On or near Plane Tree Drive,E01018477,Cheshire East 035C,Violence and sexual offences,Under investigation,
e086f3537c56a4da6ed5cd261a60cf311aef4e521011191acef8328b4a87fbd7,2014-05,Cheshire Constabulary,Cheshire Constabulary,-2.435112,53.105247,On or near Coronation Street,E01018477,Cheshire East 035C,Violence and sexual offences,Awaiting court outcome,
,2014-05,Cheshire Constabulary,Cheshire Constabulary,-2.433526,53.109415,On or near Maple Grove,E01018478,Cheshire East 035D,Anti-social behaviour,,
,2014-05,Cheshire Constabulary,Cheshire Constabulary,-2.430278,53.111755,On or near Foxes Hollow,E01018478,Cheshire East 035D,Anti-social behaviour,,
,2014-05,Cheshire Constabulary,Cheshire Constabulary,-2.433526,53.109415,On or near Maple Grove,E01018478,Cheshire East 035D,Anti-social behaviour,,
,2014-05,Cheshire Constabulary,Cheshire Constabulary,-2.433526,53.109415,On or near Maple Grove,E01018478,Cheshire East 035D,Anti-social behaviour,,
,2014-05,Cheshire Constabulary,Cheshire Constabulary,-2.430278,53.111755,On or near Foxes Hollow,E01018478,Cheshire East 035D,Anti-social behaviour,,
,2014-05,Cheshire Constabulary,Cheshire Constabulary,-2.434065,53.110995,On or near Remer Street,E01018478,Cheshire East 035D,Anti-social behaviour,,
,2014-05,Cheshire Constabulary,Cheshire Constabulary,-2.435534,53.108563,On or near Ash Road,E01018478,Cheshire East 035D,Anti-social behaviour,,
,2014-05,Cheshire Constabulary,Cheshire Constabulary,-2.434702,53.108997,On or near Almond Avenue,E01018478,Cheshire East 035D,Anti-social behaviour,,
,2014-05,Cheshire Constabulary,Cheshire Constabulary,-2.433113,53.108428,On or near Prunus Road,E01018478,Cheshire East 035D,Anti-social behaviour,,
a043534b90f50c6d3a3fd8a98d3829cf7d07d02bc05786dc8650910fa834b5a7,2014-05,Cheshire Constabulary,Cheshire Constabulary,-2.430278,53.111755,On or near Foxes Hollow,E01018478,Cheshire East 035D,Criminal damage and arson,Under investigation,
488b7c85ba89b536901046843d0231ba08da6179d3a2f738b89400c09ee6af50,2014-05,Cheshire Constabulary,Cheshire Constabulary,-2.433526,53.109415,On or near Maple Grove,E01018478,Cheshire East 035D,Violence and sexual offences,Unable to prosecute suspect,
123b7d2a87953fd12ea4fb1bac7cf297f784bb080c7b7985215a1a5345755e01,2014-05,Cheshire Constabulary,Cheshire Constabulary,-2.430278,53.111755,On or near Foxes Hollow,E01018478,Cheshire East 035D,Violence and sexual offences,Local resolution,
,2014-05,Cheshire Constabulary,Cheshire Constabulary,-2.440713,53.109605,On or near Greenway,E01018479,Cheshire East 035E,Anti-social behaviour,,
,2014-05,Cheshire Constabulary,Cheshire Constabulary,-2.441097,53.122242,On or near Warmingham Road,E01018479,Cheshire East 035E,Anti-social behaviour,,
,2014-05,Cheshire Constabulary,Cheshire Constabulary,-2.439443,53.111020,On or near The Haven,E01018479,Cheshire East 035E,Anti-social behaviour,,
,2014-05,Cheshire Constabulary,Cheshire Constabulary,-2.439481,53.122077,On or near Chapel Lane,E01018479,Cheshire East 035E,Anti-social behaviour,,
ab9ae8f4fa1d72330000b2db2b4d19200ff4bebf214013da2e6dbbad9f4c1454,2014-05,Cheshire Constabulary,Cheshire Constabulary,-2.440713,53.109605,On or near Greenway,E01018479,Cheshire East 035E,Criminal damage and arson,Investigation complete; no suspect identified,
c15f905a0fc4957007a32f4211f161150bc16a3c38ff6bc9df183fc7113001f6,2014-05,Cheshire Constabulary,Cheshire Constabulary,-2.441708,53.113385,On or near Stoneley Avenue,E01018479,Cheshire East 035E,Criminal damage and arson,Unable to prosecute suspect,
9628f50528250df2857b20456eca061c4b8236d4455b45968156106434f447ee,2014-05,Cheshire Constabulary,Cheshire Constabulary,-2.443555,53.111338,On or near Castlemere Drive,E01018479,Cheshire East 035E,Other theft,Investigation complete; no suspect identified,
817bcc7d2d4a21cf44ebbb595979f517517fc38e08da22576d0fe0d462c6a30a,2014-05,Cheshire Constabulary,Cheshire Constabulary,-2.440713,53.109605,On or near Greenway,E01018479,Cheshire East 035E,Vehicle crime,Investigation complete; no suspect identified,
281e38019efe04f670d36d92192f58849c282d4acd2642f9db67cc0d7040202c,2014-05,Cheshire Constabulary,Cheshire Constabulary,-2.440713,53.109605,On or near Greenway,E01018479,Cheshire East 035E,Violence and sexual offences,Unable to prosecute suspect,
,2014-05,Cheshire Constabulary,Cheshire Constabulary,-2.456963,53.109265,On or near Windsor Avenue,E01018459,Cheshire East 036A,Anti-social behaviour,,
,2014-05,Cheshire Constabulary,Cheshire Constabulary,-2.456963,53.109265,On or near Windsor Avenue,E01018459,Cheshire East 036A,Anti-social behaviour,,
,2014-05,Cheshire Constabulary,Cheshire Constabulary,-2.456963,53.109265,On or near Windsor Avenue,E01018459,Cheshire East 036A,Anti-social behaviour,,
,2014-05,Cheshire Constabulary,Cheshire Constabulary,-2.456963,53.109265,On or near Windsor Avenue,E01018459,Cheshire East 036A,Anti-social behaviour,,
,2014-05,Cheshire Constabulary,Cheshire Constabulary,-2.456963,53.109265,On or near Windsor Avenue,E01018459,Cheshire East 036A,Anti-social behaviour,,
,2014-05,Cheshire Constabulary,Cheshire Constabulary,-2.451994,53.111252,On or near Supermarket,E01018459,Cheshire East 036A,Anti-social behaviour,,
,2014-05,Cheshire Constabulary,Cheshire Constabulary,-2.456963,53.109265,On or near Windsor Avenue,E01018459,Cheshire East 036A,Anti-social behaviour,,
417b6409555bfdb5cffe8c78ae31d0aeb04ed2d04a1647d781c38121de8b2b5d,2014-05,Cheshire Constabulary,Cheshire Constabulary,-2.456963,53.109265,On or near Windsor Avenue,E01018459,Cheshire East 036A,Bicycle theft,Investigation complete; no suspect identified,
3ba15ac5f6bf49815eee2bdaf915af33e315766bc9f84cac4382a0675c0e0605,2014-05,Cheshire Constabulary,Cheshire Constabulary,-2.458357,53.112558,On or near Rigby Avenue,E01018459,Cheshire East 036A,Criminal damage and arson,Investigation complete; no suspect identified,
ed1cf2febff20fabe56dd8b28880a7321a80644234e8034c23c643d3596e2a67,2014-05,Cheshire Constabulary,Cheshire Constabulary,-2.453436,53.110554,On or near Underwood Lane,E01018459,Cheshire East 036A,Other theft,Investigation complete; no suspect identified,
34b40506ef776e9caa2bb4eb498363200326ff904cb2bfcf0e2f5a74cef96cd0,2014-05,Cheshire Constabulary,Cheshire Constabulary,-2.454647,53.109255,On or near Supermarket,E01018459,Cheshire East 036A,Violence and sexual offences,Offender given a caution,
,2014-05,Cheshire Constabulary,Cheshire Constabulary,-2.447636,53.110226,On or near Bailey Close,E01018460,Cheshire East 036B,Anti-social behaviour,,
,2014-05,Cheshire Constabulary,Cheshire Constabulary,-2.443765,53.107094,On or near Singleton Avenue,E01018460,Cheshire East 036B,Anti-social behaviour,,
,2014-05,Cheshire Constabulary,Cheshire Constabulary,-2.444832,53.107764,On or near The Retreat,E01018460,Cheshire East 036B,Anti-social behaviour,,
,2014-05,Cheshire Constabulary,Cheshire Constabulary,-2.450005,53.111035,On or near Cheltenham Crescent,E01018460,Cheshire East 036B,Anti-social behaviour,,
,2014-05,Cheshire Constabulary,Cheshire Constabulary,-2.448516,53.108614,On or near Backlands,E01018460,Cheshire East 036B,Anti-social behaviour,,
,2014-05,Cheshire Constabulary,Cheshire Constabulary,-2.444832,53.107764,On or near The Retreat,E01018460,Cheshire East 036B,Anti-social behaviour,,
,2014-05,Cheshire Constabulary,Cheshire Constabulary,-2.443999,53.108037,On or near Davenport Street,E01018460,Cheshire East 036B,Anti-social behaviour,,
9016917dcabb5086b4d47caa6ae8e531b59ffff5c60fa6585d51d7f0810cd306,2014-05,Cheshire Constabulary,Cheshire Constabulary,-2.443765,53.107094,On or near Singleton Avenue,E01018460,Cheshire East 036B,Criminal damage and arson,Investigation complete; no suspect identified,
766fc62b2074d51fd19183ce60095bea2867e1d8dba7c83222eeac854f20a90b,2014-05,Cheshire Constabulary,Cheshire Constabulary,-2.443765,53.107094,On or near Singleton Avenue,E01018460,Cheshire East 036B,Criminal damage and arson,Investigation complete; no suspect identified,
3e88761e90d55bf341f732b934ee164dc5e8dc15b662d2023f4ac49afaa8c5a3,2014-05,Cheshire Constabulary,Cheshire Constabulary,-2.448516,53.108614,On or near Backlands,E01018460,Cheshire East 036B,Criminal damage and arson,Investigation complete; no suspect identified,
d121696b741389799179323404040494335179e162f936225cf5ddd49ac6e535,2014-05,Cheshire Constabulary,Cheshire Constabulary,-2.446368,53.111831,On or near Sandown Road,E01018460,Cheshire East 036B,Possession of weapons,Under investigation,
dba36a6c916daad848feb9ccd59fe3573a3cefe562c193adceec9a9d4de2c492,2014-05,Cheshire Constabulary,Cheshire Constabulary,-2.448767,53.109817,On or near Mclaren Street,E01018460,Cheshire East 036B,Violence and sexual offences,Unable to prosecute suspect,
0eb6cd9ccaf9fa1d94e926dec01cb111356c18bd5bfb599a775acce6f2a186b1,2014-05,Cheshire Constabulary,Cheshire Constabulary,-2.446245,53.108550,On or near Deneside Avenue,E01018460,Cheshire East 036B,Violence and sexual offences,Local resolution,
,2014-05,Cheshire Constabulary,Cheshire Constabulary,-2.454204,53.108295,On or near Abington Close,E01018461,Cheshire East 036C,Anti-social behaviour,,
,2014-05,Cheshire Constabulary,Cheshire Constabulary,-2.448740,53.107156,On or near Princess Street,E01018461,Cheshire East 036C,Anti-social behaviour,,
,2014-05,Cheshire Constabulary,Cheshire Constabulary,-2.448740,53.107156,On or near Princess Street,E01018461,Cheshire East 036C,Anti-social behaviour,,
,2014-05,Cheshire Constabulary,Cheshire Constabulary,-2.448740,53.107156,On or near Princess Street,E01018461,Cheshire East 036C,Anti-social behaviour,,
,2014-05,Cheshire Constabulary,Cheshire Constabulary,-2.452802,53.109910,On or near Marley Avenue,E01018461,Cheshire East 036C,Anti-social behaviour,,
,2014-05,Cheshire Constabulary,Cheshire Constabulary,-2.451866,53.106183,On or near Mount Pleasant,E01018461,Cheshire East 036C,Anti-social behaviour,,
,2014-05,Cheshire Constabulary,Cheshire Constabulary,-2.448740,53.107156,On or near Princess Street,E01018461,Cheshire East 036C,Anti-social behaviour,,
72d8622a401c697c1b57c57d93ad901eb0ed4b8e9d86ee2d01be8e88ab342602,2014-05,Cheshire Constabulary,Cheshire Constabulary,-2.451866,53.106183,On or near Mount Pleasant,E01018461,Cheshire East 036C,Burglary,Under investigation,
b0e49355d0c9f8403294614531e371bf57f72a7373b377be3bc9a9d02b04740e,2014-05,Cheshire Constabulary,Cheshire Constabulary,-2.452802,53.109910,On or near Marley Avenue,E01018461,Cheshire East 036C,Criminal damage and arson,Under investigation,
fa17cbf8deb748f186ab70560629cd74153a0549eef1d345ab9d50540cc0162f,2014-05,Cheshire Constabulary,Cheshire Constabulary,-2.454204,53.108295,On or near Abington Close,E01018461,Cheshire East 036C,Violence and sexual offences,Under investigation,
,2014-05,Cheshire Constabulary,Cheshire Constabulary,-2.455212,53.103329,On or near Chell Street,E01018466,Cheshire East 036D,Anti-social behaviour,,
,2014-05,Cheshire Constabulary,Cheshire Constabulary,-2.455997,53.105520,On or near Badger Avenue,E01018466,Cheshire East 036D,Anti-social behaviour,,
,2014-05,Cheshire Constabulary,Cheshire Constabulary,-2.453606,53.104019,On or near Walker Street,E01018466,Cheshire East 036D,Anti-social behaviour,,
,2014-05,Cheshire Constabulary,Cheshire Constabulary,-2.455938,53.102742,On or near Oxford Street,E01018466,Cheshire East 036D,Anti-social behaviour,,
,2014-05,Cheshire Constabulary,Cheshire Constabulary,-2.455396,53.102367,On or near Supermarket,E01018466,Cheshire East 036D,Anti-social behaviour,,
,2014-05,Cheshire Constabulary,Cheshire Constabulary,-2.457936,53.102447,On or near Monk Street,E01018466,Cheshire East 036D,Anti-social behaviour,,
,2014-05,Cheshire Constabulary,Cheshire Constabulary,-2.453606,53.104019,On or near Walker Street,E01018466,Cheshire East 036D,Anti-social behaviour,,
,2014-05,Cheshire Constabulary,Cheshire Constabulary,-2.457936,53.102447,On or near Monk Street,E01018466,Cheshire East 036D,Anti-social behaviour,,
,2014-05,Cheshire Constabulary,Cheshire Constabulary,-2.454001,53.101797,On or near Peel Street,E01018466,Cheshire East 036D,Anti-social behaviour,,
,2014-05,Cheshire Constabulary,Cheshire Constabulary,-2.456780,53.103332,On or near Leighton Street,E01018466,Cheshire East 036D,Anti-social behaviour,,
,2014-05,Cheshire Constabulary,Cheshire Constabulary,-2.455997,53.105520,On or near Badger Avenue,E01018466,Cheshire East 036D,Anti-social behaviour,,
,2014-05,Cheshire Constabulary,Cheshire Constabulary,-2.455212,53.103329,On or near Chell Street,E01018466,Cheshire East 036D,Anti-social behaviour,,
,2014-05,Cheshire Constabulary,Cheshire Constabulary,-2.454658,53.103170,On or near Derby Street,E01018466,Cheshire East 036D,Anti-social behaviour,,
,2014-05,Cheshire Constabulary,Cheshire Constabulary,-2.457936,53.102447,On or near Monk Street,E01018466,Cheshire East 036D,Anti-social behaviour,,
5ade395d56281dd78ef73b7cc9bcf7a2ec13a2e9bee15e9c130991a424717cf2,2014-05,Cheshire Constabulary,Cheshire Constabulary,-2.454001,53.101797,On or near Peel Street,E01018466,Cheshire East 036D,Bicycle theft,Investigation complete; no suspect identified,
475c222443ed015762f7676bb1db44e89eb451ab4d3edb98a26cc16740eec2c9,2014-05,Cheshire Constabulary,Cheshire Constabulary,-2.455396,53.102367,On or near Supermarket,E01018466,Cheshire East 036D,Burglary,Awaiting court outcome,
c51545518dfdf8d5c92d741de4d1d8245cb645ae389da6c8e1d7809455264bf5,2014-05,Cheshire Constabulary,Cheshire Constabulary,-2.457936,53.102447,On or near Monk Street,E01018466,Cheshire East 036D,Burglary,Under investigation,
4a8b32725971d29e0dcf59c0ffe8b63f610343ce368061949e7339b469b88818,2014-05,Cheshire Constabulary,Cheshire Constabulary,-2.454302,53.102048,On or near West Street,E01018466,Cheshire East 036D,Criminal damage and arson,Under investigation,
4de9e4d56e245cceec89cb6a419f4571a4caf4f59a1e7dde23e6653ff3c49e36,2014-05,Cheshire Constabulary,Cheshire Constabulary,-2.458022,53.104892,On or near Broom Street,E01018466,Cheshire East 036D,Criminal damage and arson,Under investigation,
aec649dc505651d160bfd56c4bbe361a908441c73940cd88054acc68254e178b,2014-05,Cheshire Constabulary,Cheshire Constabulary,-2.454434,53.100393,On or near Cornwall Grove,E01018466,Cheshire East 036D,Drugs,Offender given a drugs possession warning,
0f14c1b8cd10dbe6c364e2c0e2d3df6d6f3ca61a567ca3146a44a23302ca6260,2014-05,Cheshire Constabulary,Cheshire Constabulary,-2.454001,53.101797,On or near Peel Street,E01018466,Cheshire East 036D,Other theft,Unable to prosecute suspect,
1c0836028f67fbd561ef8f2dc3305405ebe2d83181e6d3ea65bc1a4a005a7f78,2014-05,Cheshire Constabulary,Cheshire Constabulary,-2.458753,53.103433,On or near Goulden Street,E01018466,Cheshire East 036D,Vehicle crime,Investigation complete; no suspect identified,
172eb3bd97dd47484f83acc7ba601eb4a15951ca82f2ca55e95d1c56802cf32e,2014-05,Cheshire Constabulary,Cheshire Constabulary,-2.458753,53.103433,On or near Goulden Street,E01018466,Cheshire East 036D,Vehicle crime,Investigation complete; no suspect identified,
438454050acf0bae54db7cf09ff5cd9424e2f0c691db9de62ba7e70c834398da,2014-05,Cheshire Constabulary,Cheshire Constabulary,-2.454434,53.100393,On or near Cornwall Grove,E01018466,Cheshire East 036D,Vehicle crime,Investigation complete; no suspect identified,
ccf0a98820d164a47c1132360d19e3e012668e6e2ad44c2fd0fe263b8d764e94,2014-05,Cheshire Constabulary,Cheshire Constabulary,-2.455396,53.102367,On or near Supermarket,E01018466,Cheshire East 036D,Violence and sexual offences,Formal action is not in the public interest,
b267859512089b450ef26e8ac0c90bf2057db10e57065d3b8a31c2fa555d1efb,2014-05,Cheshire Constabulary,Cheshire Constabulary,-2.454001,53.101797,On or near Peel Street,E01018466,Cheshire East 036D,Violence and sexual offences,Unable to prosecute suspect,
86b17622d15fb1cc82f57f9efb5506a07a69d3bbb461d5730235f78733d349c5,2014-05,Cheshire Constabulary,Cheshire Constabulary,-2.458043,53.105521,On or near Fallowfield Court,E01018466,Cheshire East 036D,Violence and sexual offences,Under investigation,
c95f4eb757123a8e106e8cbf80925b39351f699628a23b655cce444630538f29,2014-05,Cheshire Constabulary,Cheshire Constabulary,-2.453606,53.104019,On or near Walker Street,E01018466,Cheshire East 036D,Violence and sexual offences,Formal action is not in the public interest,
037ecf02499fc414a11e5157864dbe97b926f21820198069cd696b590d8df448,2014-05,Cheshire Constabulary,Cheshire Constabulary,-2.458022,53.104892,On or near Broom Street,E01018466,Cheshire East 036D,Violence and sexual offences,Offender given a caution,
4c6424eb42014ee39f3083aa1c3c60c9ad925bc0b42677ae2daca7acdb50ce6b,2014-05,Cheshire Constabulary,Cheshire Constabulary,-2.454001,53.101797,On or near Peel Street,E01018466,Cheshire East 036D,Violence and sexual offences,Under investigation,
ed0f1e485a72cd67b4ae3aebfab38e7965b0f4ce1029fcf9dc8e4aed63df215c,2014-05,Cheshire Constabulary,Cheshire Constabulary,-2.455396,53.102367,On or near Supermarket,E01018466,Cheshire East 036D,Violence and sexual offences,Awaiting court outcome,
,2014-05,Cheshire Constabulary,Cheshire Constabulary,-2.450551,53.100399,On or near Samuel Street,E01018467,Cheshire East 036E,Anti-social behaviour,,
,2014-05,Cheshire Constabulary,Cheshire Constabulary,-2.449925,53.097633,On or near Blount Close,E01018467,Cheshire East 036E,Anti-social behaviour,,
,2014-05,Cheshire Constabulary,Cheshire Constabulary,-2.447689,53.100895,On or near West Street,E01018467,Cheshire East 036E,Anti-social behaviour,,
,2014-05,Cheshire Constabulary,Cheshire Constabulary,-2.450221,53.100220,On or near West Avenue,E01018467,Cheshire East 036E,Anti-social behaviour,,
,2014-05,Cheshire Constabulary,Cheshire Constabulary,-2.450221,53.100220,On or near West Avenue,E01018467,Cheshire East 036E,Anti-social behaviour,,
,2014-05,Cheshire Constabulary,Cheshire Constabulary,-2.453985,53.098840,On or near Supermarket,E01018467,Cheshire East 036E,Anti-social behaviour,,
,2014-05,Cheshire Constabulary,Cheshire Constabulary,-2.448871,53.099695,On or near Heathfield Avenue,E01018467,Cheshire East 036E,Anti-social behaviour,,
,2014-05,Cheshire Constabulary,Cheshire Constabulary,-2.450551,53.100399,On or near Samuel Street,E01018467,Cheshire East 036E,Anti-social behaviour,,
,2014-05,Cheshire Constabulary,Cheshire Constabulary,-2.448188,53.098673,On or near Flag Lane,E01018467,Cheshire East 036E,Anti-social behaviour,,
,2014-05,Cheshire Constabulary,Cheshire Constabulary,-2.453985,53.098840,On or near Supermarket,E01018467,Cheshire East 036E,Anti-social behaviour,,
,2014-05,Cheshire Constabulary,Cheshire Constabulary,-2.448871,53.099695,On or near Heathfield Avenue,E01018467,Cheshire East 036E,Anti-social behaviour,,
,2014-05,Cheshire Constabulary,Cheshire Constabulary,-2.450221,53.100220,On or near West Avenue,E01018467,Cheshire East 036E,Anti-social behaviour,,
,2014-05,Cheshire Constabulary,Cheshire Constabulary,-2.447689,53.100895,On or near West Street,E01018467,Cheshire East 036E,Anti-social behaviour,,
,2014-05,Cheshire Constabulary,Cheshire Constabulary,-2.448188,53.098673,On or near Flag Lane,E01018467,Cheshire East 036E,Anti-social behaviour,,
,2014-05,Cheshire Constabulary,Cheshire Constabulary,-2.450762,53.097683,On or near Harrison Drive,E01018467,Cheshire East 036E,Anti-social behaviour,,
,2014-05,Cheshire Constabulary,Cheshire Constabulary,-2.450762,53.097683,On or near Harrison Drive,E01018467,Cheshire East 036E,Anti-social behaviour,,
,2014-05,Cheshire Constabulary,Cheshire Constabulary,-2.449539,53.099306,On or near Saunders Street,E01018467,Cheshire East 036E,Anti-social behaviour,,
,2014-05,Cheshire Constabulary,Cheshire Constabulary,-2.451636,53.102714,On or near Elizabeth Street,E01018467,Cheshire East 036E,Anti-social behaviour,,
,2014-05,Cheshire Constabulary,Cheshire Constabulary,-2.449539,53.099306,On or near Saunders Street,E01018467,Cheshire East 036E,Anti-social behaviour,,
,2014-05,Cheshire Constabulary,Cheshire Constabulary,-2.448871,53.099695,On or near Heathfield Avenue,E01018467,Cheshire East 036E,Anti-social behaviour,,
64cfcfd652374d0cfa961a7a2f0f8dfb5c5c8b1d4584526caf0515fe5c5d2b7f,2014-05,Cheshire Constabulary,Cheshire Constabulary,-2.453985,53.098840,On or near Supermarket,E01018467,Cheshire East 036E,Other theft,Investigation complete; no suspect identified,
4482e6d1078675bce75f4bd49dc6a4053ab443e1a6dc48143f51e0a48ac7773b,2014-05,Cheshire Constabulary,Cheshire Constabulary,-2.449081,53.098337,On or near Castle Street,E01018467,Cheshire East 036E,Other theft,Under investigation,
f2a0103f073583cae17fa2c5ddf7f63436990971ad4495c064b16b81218c5607,2014-05,Cheshire Constabulary,Cheshire Constabulary,-2.451073,53.103121,On or near Fletcher Street,E01018467,Cheshire East 036E,Other theft,Unable to prosecute suspect,
95053e2f8d15eb698731be6e723b133f05f3d98de91f2329a9d877c657ed7e38,2014-05,Cheshire Constabulary,Cheshire Constabulary,-2.450762,53.097683,On or near Harrison Drive,E01018467,Cheshire East 036E,Other theft,Investigation complete; no suspect identified,
8c4c42a760de7fdc8da91b38c97c82266c40a5b557bc199a22f63c7ae0195ff2,2014-05,Cheshire Constabulary,Cheshire Constabulary,-2.448854,53.100945,On or near Orchard Street,E01018467,Cheshire East 036E,Public order,Awaiting court outcome,
74eb47810de885694b4b862f2d699cd8493ab9aed9558ec39b5e44c15bcab8b4,2014-05,Cheshire Constabulary,Cheshire Constabulary,-2.453985,53.098840,On or near Supermarket,E01018467,Cheshire East 036E,Public order,Under investigation,
107acab5fd7e2a1900b241c02ee16cd92072ec6b9d86a0ea20da2a6994ff4400,2014-05,Cheshire Constabulary,Cheshire Constabulary,-2.453985,53.098840,On or near Supermarket,E01018467,Cheshire East 036E,Shoplifting,Offender ordered to pay compensation,
245741effcc38a7cd7415144cb3f474c6c5e2606cc4e010c19d7880cb9095312,2014-05,Cheshire Constabulary,Cheshire Constabulary,-2.453985,53.098840,On or near Supermarket,E01018467,Cheshire East 036E,Shoplifting,Offender given a caution,
168b0ab555d766adfd0dfc89673799137977fb572874faaddcef197b6bc3f9fd,2014-05,Cheshire Constabulary,Cheshire Constabulary,-2.453985,53.098840,On or near Supermarket,E01018467,Cheshire East 036E,Shoplifting,Awaiting court outcome,
77396495637cb475e32cca585ab3273e034d1f730e4e189b7d93d5b9c7449839,2014-05,Cheshire Constabulary,Cheshire Constabulary,-2.449539,53.099306,On or near Saunders Street,E01018467,Cheshire East 036E,Vehicle crime,Investigation complete; no suspect identified,
9178d15a405807f907829526e98b2166468b167c4d83daf476c96113e8eafd8d,2014-05,Cheshire Constabulary,Cheshire Constabulary,-2.452200,53.099512,On or near Richard Moon Street,E01018467,Cheshire East 036E,Vehicle crime,Investigation complete; no suspect identified,
ceae83a3a25dc16054e92d542a476825681a4204af98c0ac785321a8b9cf1bdc,2014-05,Cheshire Constabulary,Cheshire Constabulary,-2.448871,53.099695,On or near Heathfield Avenue,E01018467,Cheshire East 036E,Violence and sexual offences,Offender given a caution,
3ebc087120bd5f3baacf3c280ce7fa156a177a345de6f71c57f96ad0a1f85079,2014-05,Cheshire Constabulary,Cheshire Constabulary,-2.451260,53.098230,On or near Bateman Close,E01018467,Cheshire East 036E,Violence and sexual offences,Formal action is not in the public interest,
2370e27daf17aae35b5d339d26e8e5a39bdef01415d4cbf57c605c9d43442685,2014-05,Cheshire Constabulary,Cheshire Constabulary,-2.451260,53.098230,On or near Bateman Close,E01018467,Cheshire East 036E,Violence and sexual offences,Under investigation,
5ac5fcb4d0a95f62398d88e137f5dfa8907fa1c75ed7da3ed9ae82000a564b60,2014-05,Cheshire Constabulary,Cheshire Constabulary,-2.453985,53.098840,On or near Supermarket,E01018467,Cheshire East 036E,Violence and sexual offences,Awaiting court outcome,
996a3e646307c5c893a1aa2d39724354dc15002a3321184d28377b17accc9ae8,2014-05,Cheshire Constabulary,Cheshire Constabulary,-2.449081,53.098337,On or near Castle Street,E01018467,Cheshire East 036E,Violence and sexual offences,Investigation complete; no suspect identified,
2e779598833b59bf4609f3b669752839b2436da4e0f4721b41657e1e76ed264b,2014-05,Cheshire Constabulary,Cheshire Constabulary,-2.453985,53.098840,On or near Supermarket,E01018467,Cheshire East 036E,Violence and sexual offences,Awaiting court outcome,
9a98afc0d5732a01ff0998d44a1c72bdd2def48bc553ade2903b5865ceeaae90,2014-05,Cheshire Constabulary,Cheshire Constabulary,-2.451260,53.098230,On or near Bateman Close,E01018467,Cheshire East 036E,Violence and sexual offences,Formal action is not in the public interest,
2638e6ad27a566f8285e260549babe8cf58257d57d3aec4a75c44880d49a263c,2014-05,Cheshire Constabulary,Cheshire Constabulary,-2.452075,53.103314,On or near Ford Lane,E01018467,Cheshire East 036E,Violence and sexual offences,Under investigation,
,2014-05,Cheshire Constabulary,Cheshire Constabulary,-2.480617,53.101863,On or near Halton Drive,E01018482,Cheshire East 037A,Anti-social behaviour,,
,2014-05,Cheshire Constabulary,Cheshire Constabulary,-2.480692,53.099211,On or near Barthomley Crescent,E01018482,Cheshire East 037A,Anti-social behaviour,,
,2014-05,Cheshire Constabulary,Cheshire Constabulary,-2.481387,53.097249,On or near Firbeck Gardens,E01018482,Cheshire East 037A,Anti-social behaviour,,
,2014-05,Cheshire Constabulary,Cheshire Constabulary,-2.479273,53.099190,On or near Malbank Road,E01018482,Cheshire East 037A,Anti-social behaviour,,
,2014-05,Cheshire Constabulary,Cheshire Constabulary,-2.484435,53.094728,On or near Arron Place,E01018482,Cheshire East 037A,Anti-social behaviour,,
,2014-05,Cheshire Constabulary,Cheshire Constabulary,-2.483465,53.094768,On or near Snowdon Drive,E01018482,Cheshire East 037A,Anti-social behaviour,,
,2014-05,Cheshire Constabulary,Cheshire Constabulary,-2.480692,53.099211,On or near Barthomley Crescent,E01018482,Cheshire East 037A,Anti-social behaviour,,
,2014-05,Cheshire Constabulary,Cheshire Constabulary,-2.480617,53.101863,On or near Halton Drive,E01018482,Cheshire East 037A,Anti-social behaviour,,
,2014-05,Cheshire Constabulary,Cheshire Constabulary,-2.479950,53.099583,On or near Deva Road,E01018482,Cheshire East 037A,Anti-social behaviour,,
,2014-05,Cheshire Constabulary,Cheshire Constabulary,-2.481937,53.099683,On or near Marshfield Avenue,E01018482,Cheshire East 037A,Anti-social behaviour,,
,2014-05,Cheshire Constabulary,Cheshire Constabulary,-2.483844,53.093967,On or near Nevis Drive,E01018482,Cheshire East 037A,Anti-social behaviour,,
,2014-05,Cheshire Constabulary,Cheshire Constabulary,-2.479273,53.099190,On or near Malbank Road,E01018482,Cheshire East 037A,Anti-social behaviour,,
,2014-05,Cheshire Constabulary,Cheshire Constabulary,-2.481412,53.096808,On or near Coppenhall Lane,E01018482,Cheshire East 037A,Anti-social behaviour,,
b0ecad5b0f16b0320a7b5cfcbe571c000f45a49903b03927849275783b347d73,2014-05,Cheshire Constabulary,Cheshire Constabulary,-2.479273,53.099190,On or near Malbank Road,E01018482,Cheshire East 037A,Burglary,Investigation complete; no suspect identified,
82de42026ed31141868e045376e0ad9fcb14b18c34aeeb8f00f73ff4cbe35305,2014-05,Cheshire Constabulary,Cheshire Constabulary,-2.479950,53.099583,On or near Deva Road,E01018482,Cheshire East 037A,Criminal damage and arson,Investigation complete; no suspect identified,
2136f2b9acf9efb783fed06ce4f507f19c7dadbb094630aef748ce1524c8baa9,2014-05,Cheshire Constabulary,Cheshire Constabulary,-2.477615,53.099161,On or near Coppenhall Lane,E01018482,Cheshire East 037A,Criminal damage and arson,Under investigation,
e2ca8c95dc3ca2674b349a621b142b83c5a93bc96b59f126bfa6eda109dc6c3c,2014-05,Cheshire Constabulary,Cheshire Constabulary,-2.484435,53.094728,On or near Arron Place,E01018482,Cheshire East 037A,Drugs,Offender given a caution,
1d8dba8b7c8abc48d2cdecb5fe51d3b872a7b43127f8f0caddbbb397a07c7531,2014-05,Cheshire Constabulary,Cheshire Constabulary,-2.484046,53.098640,On or near Marshfield Bank,E01018482,Cheshire East 037A,Other theft,Investigation complete; no suspect identified,
c64f2899aad11ef767e4cbab9dc48cc289ab5aa727959d9c320b3014df075a6b,2014-05,Cheshire Constabulary,Cheshire Constabulary,-2.481937,53.099683,On or near Marshfield Avenue,E01018482,Cheshire East 037A,Other theft,Investigation complete; no suspect identified,
84ad1f3f8495c3510f378c94571be8f60d78d933fc8711cd3ab97e6c283f633b,2014-05,Cheshire Constabulary,Cheshire Constabulary,-2.481937,53.099683,On or near Marshfield Avenue,E01018482,Cheshire East 037A,Violence and sexual offences,Under investigation,
6f79ed8b28ed73bd0af2ccd554b82eadd1e5dbcd06982a673a36b67fd7c4f601,2014-05,Cheshire Constabulary,Cheshire Constabulary,-2.482239,53.099987,On or near Rowton Road,E01018482,Cheshire East 037A,Violence and sexual offences,Under investigation,
e099ca477ff209b52aade5d16e3c86d5c3e9e5fac60daf92aba227cfa2766eb9,2014-05,Cheshire Constabulary,Cheshire Constabulary,-2.482239,53.099987,On or near Rowton Road,E01018482,Cheshire East 037A,Violence and sexual offences,Under investigation,
c993cac01e0111b9312293f5784fe8166a236aee8f4be7187f43fc49a8c29fa4,2014-05,Cheshire Constabulary,Cheshire Constabulary,-2.480189,53.100993,On or near Rudheath Close,E01018482,Cheshire East 037A,Violence and sexual offences,Under investigation,
,2014-05,Cheshire Constabulary,Cheshire Constabulary,-2.478457,53.098366,On or near Coppenhall Lane,E01018483,Cheshire East 037B,Anti-social behaviour,,
,2014-05,Cheshire Constabulary,Cheshire Constabulary,-2.478457,53.098366,On or near Coppenhall Lane,E01018483,Cheshire East 037B,Anti-social behaviour,,
,2014-05,Cheshire Constabulary,Cheshire Constabulary,-2.467972,53.102336,On or near Nixon Street,E01018483,Cheshire East 037B,Anti-social behaviour,,
,2014-05,Cheshire Constabulary,Cheshire Constabulary,-2.478457,53.098366,On or near Coppenhall Lane,E01018483,Cheshire East 037B,Anti-social behaviour,,
,2014-05,Cheshire Constabulary,Cheshire Constabulary,-2.469150,53.103545,On or near Sports/Recreation Area,E01018483,Cheshire East 037B,Anti-social behaviour,,
,2014-05,Cheshire Constabulary,Cheshire Constabulary,-2.474274,53.100945,On or near Cavendish Road,E01018483,Cheshire East 037B,Anti-social behaviour,,
,2014-05,Cheshire Constabulary,Cheshire Constabulary,-2.469150,53.103545,On or near Sports/Recreation Area,E01018483,Cheshire East 037B,Anti-social behaviour,,
,2014-05,Cheshire Constabulary,Cheshire Constabulary,-2.475464,53.097758,On or near Sports/Recreation Area,E01018483,Cheshire East 037B,Anti-social behaviour,,
,2014-05,Cheshire Constabulary,Cheshire Constabulary,-2.475464,53.097758,On or near Sports/Recreation Area,E01018483,Cheshire East 037B,Anti-social behaviour,,
bfeeabfcef84edd8ccf74fe90fda8cc375e5644084a727d33a3749d336a088ff,2014-05,Cheshire Constabulary,Cheshire Constabulary,-2.468500,53.101426,On or near West Street,E01018483,Cheshire East 037B,Bicycle theft,Under investigation,
8187034d62177f8c3c439bcadcaeb3d7f5820afce6e05842445c2803ea175635,2014-05,Cheshire Constabulary,Cheshire Constabulary,-2.471594,53.100308,On or near Grasmere Avenue,E01018483,Cheshire East 037B,Burglary,Investigation complete; no suspect identified,
9f636460c0809041e30b6e535c1f0c90ec69762433e96c11b37dd96dec741411,2014-05,Cheshire Constabulary,Cheshire Constabulary,-2.478276,53.096857,On or near Oakwood Crescent,E01018483,Cheshire East 037B,Burglary,Investigation complete; no suspect identified,
0821f7fd4a365d5cd54ed3e65656abc066b89c4783adaef7e3afd56af4ad53bf,2014-05,Cheshire Constabulary,Cheshire Constabulary,-2.471601,53.098214,On or near Queen'S Park Drive,E01018483,Cheshire East 037B,Criminal damage and arson,Unable to prosecute suspect,
9a2ca198fc80b1db6a64318b671c455b8fc74605044cd463670b198c1083873f,2014-05,Cheshire Constabulary,Cheshire Constabulary,-2.477097,53.100907,On or near Primrose Hill,E01018483,Cheshire East 037B,Other theft,Investigation complete; no suspect identified,
8401e597f99f519e7bc2bce50342a5a34fdc0f2a4293d773a964a2ad8a42024c,2014-05,Cheshire Constabulary,Cheshire Constabulary,-2.467972,53.102336,On or near Nixon Street,E01018483,Cheshire East 037B,Other theft,Investigation complete; no suspect identified,
002c28e73f0d918ebfacdef26193e115261107e9e271503de60b3cf43bccf86a,2014-05,Cheshire Constabulary,Cheshire Constabulary,-2.476440,53.099642,On or near West Street,E01018483,Cheshire East 037B,Shoplifting,Under investigation,
b6c70680b66194080f0711059a259be889d1f2597c145befa45c88a5eb7c51f2,2014-05,Cheshire Constabulary,Cheshire Constabulary,-2.476440,53.099642,On or near West Street,E01018483,Cheshire East 037B,Shoplifting,Investigation complete; no suspect identified,
7b631cf8b73ec1fd772fa090c83ac3a7bf5dffecc3fc2bfb810ebec5b43d1f15,2014-05,Cheshire Constabulary,Cheshire Constabulary,-2.476440,53.099642,On or near West Street,E01018483,Cheshire East 037B,Shoplifting,Awaiting court outcome,
67dd75e482d6e3f6735cac48feaca031ac1ac7d28398288f36c1e2388a91637a,2014-05,Cheshire Constabulary,Cheshire Constabulary,-2.476440,53.099642,On or near West Street,E01018483,Cheshire East 037B,Shoplifting,Awaiting court outcome,
7f07496bd560f3bfe1b76d9f44fa32747e89f0841dc1562fb22ac27e311174e3,2014-05,Cheshire Constabulary,Cheshire Constabulary,-2.471421,53.099500,On or near Victoria Avenue,E01018483,Cheshire East 037B,Violence and sexual offences,Awaiting court outcome,
c31ba4fc7f509fd6e6621ce048ea0298cd0c4d27b18f58092bd7f4edb2780266,2014-05,Cheshire Constabulary,Cheshire Constabulary,-2.471421,53.099500,On or near Victoria Avenue,E01018483,Cheshire East 037B,Violence and sexual offences,Under investigation,
,2014-05,Cheshire Constabulary,Cheshire Constabulary,-2.468471,53.105705,On or near Ashbank Place,E01018484,Cheshire East 037C,Anti-social behaviour,,
,2014-05,Cheshire Constabulary,Cheshire Constabulary,-2.461546,53.106200,On or near Frank Webb Avenue,E01018484,Cheshire East 037C,Anti-social behaviour,,
,2014-05,Cheshire Constabulary,Cheshire Constabulary,-2.464821,53.106546,On or near Timbrell Avenue,E01018484,Cheshire East 037C,Anti-social behaviour,,
,2014-05,Cheshire Constabulary,Cheshire Constabulary,-2.461546,53.106200,On or near Frank Webb Avenue,E01018484,Cheshire East 037C,Anti-social behaviour,,
,2014-05,Cheshire Constabulary,Cheshire Constabulary,-2.463557,53.109823,On or near Royce Close,E01018484,Cheshire East 037C,Anti-social behaviour,,
,2014-05,Cheshire Constabulary,Cheshire Constabulary,-2.463887,53.107179,On or near Smith Grove,E01018484,Cheshire East 037C,Anti-social behaviour,,
,2014-05,Cheshire Constabulary,Cheshire Constabulary,-2.467973,53.112035,On or near Minshull New Road,E01018484,Cheshire East 037C,Anti-social behaviour,,
,2014-05,Cheshire Constabulary,Cheshire Constabulary,-2.461546,53.106200,On or near Frank Webb Avenue,E01018484,Cheshire East 037C,Anti-social behaviour,,
,2014-05,Cheshire Constabulary,Cheshire Constabulary,-2.464821,53.106546,On or near Timbrell Avenue,E01018484,Cheshire East 037C,Anti-social behaviour,,
,2014-05,Cheshire Constabulary,Cheshire Constabulary,-2.461467,53.108564,On or near Westbourne Avenue,E01018484,Cheshire East 037C,Anti-social behaviour,,
,2014-05,Cheshire Constabulary,Cheshire Constabulary,-2.467016,53.110610,On or near Kidston Drive,E01018484,Cheshire East 037C,Anti-social behaviour,,
,2014-05,Cheshire Constabulary,Cheshire Constabulary,-2.461919,53.110387,On or near Railton Avenue,E01018484,Cheshire East 037C,Anti-social behaviour,,
,2014-05,Cheshire Constabulary,Cheshire Constabulary,-2.463887,53.107179,On or near Smith Grove,E01018484,Cheshire East 037C,Anti-social behaviour,,
,2014-05,Cheshire Constabulary,Cheshire Constabulary,-2.463557,53.109823,On or near Royce Close,E01018484,Cheshire East 037C,Anti-social behaviour,,
,2014-05,Cheshire Constabulary,Cheshire Constabulary,-2.463623,53.110398,On or near Linnett Close,E01018484,Cheshire East 037C,Anti-social behaviour,,
,2014-05,Cheshire Constabulary,Cheshire Constabulary,-2.461919,53.110387,On or near Railton Avenue,E01018484,Cheshire East 037C,Anti-social behaviour,,
,2014-05,Cheshire Constabulary,Cheshire Constabulary,-2.461809,53.111205,On or near Wheelman Road,E01018484,Cheshire East 037C,Anti-social behaviour,,
,2014-05,Cheshire Constabulary,Cheshire Constabulary,-2.461546,53.106200,On or near Frank Webb Avenue,E01018484,Cheshire East 037C,Anti-social behaviour,,
,2014-05,Cheshire Constabulary,Cheshire Constabulary,-2.461919,53.110387,On or near Railton Avenue,E01018484,Cheshire East 037C,Anti-social behaviour,,
822771e48299234366f962ab9c3187f2b979095eb818de7d3ada2afc5032fff1,2014-05,Cheshire Constabulary,Cheshire Constabulary,-2.461527,53.105822,On or near Frank Webb Avenue,E01018484,Cheshire East 037C,Burglary,Under investigation,
818a5040b2b432b81d23dd15ab8caf2e4eaa7b493ed9c028364c640121dcd665,2014-05,Cheshire Constabulary,Cheshire Constabulary,-2.461527,53.105822,On or near Frank Webb Avenue,E01018484,Cheshire East 037C,Criminal damage and arson,Investigation complete; no suspect identified,
a01c730bd672667cbdd51ab4263b742447b7e6a4e1c01a338ff5f246ea39265f,2014-05,Cheshire Constabulary,Cheshire Constabulary,-2.463623,53.110398,On or near Linnett Close,E01018484,Cheshire East 037C,Theft from the person,Investigation complete; no suspect identified,
d97974b357053fbde517b6df6a5d5b7fc0ebe710e1d923b98322ca49f1708f11,2014-05,Cheshire Constabulary,Cheshire Constabulary,-2.461919,53.110387,On or near Railton Avenue,E01018484,Cheshire East 037C,Vehicle crime,Investigation complete; no suspect identified,
5fddcf1b6d8d9a3cd1ea1916e78394d5f515d7c41c5303f0db5dbcdf25c7d57d,2014-05,Cheshire Constabulary,Cheshire Constabulary,-2.461809,53.111205,On or near Wheelman Road,E01018484,Cheshire East 037C,Violence and sexual offences,Unable to prosecute suspect,
3c819157d472edce09e45a8e17894d37e297fac4dbacc5878cd197ec6b3f87f6,2014-05,Cheshire Constabulary,Cheshire Constabulary,-2.465479,53.106607,On or near Foulkes Avenue,E01018484,Cheshire East 037C,Violence and sexual offences,Awaiting court outcome,
3a4d7bf5cd14ee818ff3fc5b4b8c0b47d95eb1dc46a15cf795c69bee2f5420be,2014-05,Cheshire Constabulary,Cheshire Constabulary,-2.461809,53.111205,On or near Wheelman Road,E01018484,Cheshire East 037C,Violence and sexual offences,Under investigation,
92a4399d4608940f2353b8d95a99a8e937712a44fb8a4cdd8432d00ec5978a0a,2014-05,Cheshire Constabulary,Cheshire Constabulary,-2.461527,53.105822,On or near Frank Webb Avenue,E01018484,Cheshire East 037C,Violence and sexual offences,Under investigation,
,2014-05,Cheshire Constabulary,Cheshire Constabulary,-2.464604,53.105801,On or near Badger Avenue,E01018485,Cheshire East 037D,Anti-social behaviour,,
,2014-05,Cheshire Constabulary,Cheshire Constabulary,-2.463615,53.102749,On or near Mcneill Avenue,E01018485,Cheshire East 037D,Anti-social behaviour,,
,2014-05,Cheshire Constabulary,Cheshire Constabulary,-2.464604,53.105801,On or near Badger Avenue,E01018485,Cheshire East 037D,Anti-social behaviour,,
,2014-05,Cheshire Constabulary,Cheshire Constabulary,-2.464604,53.105801,On or near Badger Avenue,E01018485,Cheshire East 037D,Anti-social behaviour,,
,2014-05,Cheshire Constabulary,Cheshire Constabulary,-2.464030,53.103844,On or near Barnabas Avenue,E01018485,Cheshire East 037D,Anti-social behaviour,,
,2014-05,Cheshire Constabulary,Cheshire Constabulary,-2.463564,53.104933,On or near Kettell Avenue,E01018485,Cheshire East 037D,Anti-social behaviour,,
,2014-05,Cheshire Constabulary,Cheshire Constabulary,-2.464030,53.103844,On or near Barnabas Avenue,E01018485,Cheshire East 037D,Anti-social behaviour,,
,2014-05,Cheshire Constabulary,Cheshire Constabulary,-2.463564,53.104933,On or near Kettell Avenue,E01018485,Cheshire East 037D,Anti-social behaviour,,
,2014-05,Cheshire Constabulary,Cheshire Constabulary,-2.463615,53.102749,On or near Mcneill Avenue,E01018485,Cheshire East 037D,Anti-social behaviour,,
,2014-05,Cheshire Constabulary,Cheshire Constabulary,-2.463615,53.102749,On or near Mcneill Avenue,E01018485,Cheshire East 037D,Anti-social behaviour,,
80f6a61b845cde32fabcfa21782fa6f9cdf5c7d32d67d4e7a4523276c721ca0b,2014-05,Cheshire Constabulary,Cheshire Constabulary,-2.466559,53.104292,On or near Monks Lane,E01018485,Cheshire East 037D,Bicycle theft,Investigation complete; no suspect identified,
826071056c3f9112f68dca49ff0afe8fd0678da40ebda9c60c576aaa73e473a8,2014-05,Cheshire Constabulary,Cheshire Constabulary,-2.463615,53.102749,On or near Mcneill Avenue,E01018485,Cheshire East 037D,Bicycle theft,Investigation complete; no suspect identified,
840d4d935e82e1d4631f548bedc4ff94a30be458c8f3c37fb7a61b74bdac99a1,2014-05,Cheshire Constabulary,Cheshire Constabulary,-2.463615,53.102749,On or near Mcneill Avenue,E01018485,Cheshire East 037D,Burglary,Investigation complete; no suspect identified,
a76b2dd90d2fb80e60b10cffa7eb9905ce8767015ddbbe7d5626db055cb4cb42,2014-05,Cheshire Constabulary,Cheshire Constabulary,-2.463615,53.102749,On or near Mcneill Avenue,E01018485,Cheshire East 037D,Other theft,Under investigation,
b4cb4d1f766ec73fdd000aaeedebdc09b4de7e01592c07da893c95284f9f23f6,2014-05,Cheshire Constabulary,Cheshire Constabulary,-2.463564,53.104933,On or near Kettell Avenue,E01018485,Cheshire East 037D,Public order,Under investigation,
5ce687c95d1da49d0840f7becd8869773ea2e3d0e08ce5a99285ace1156903e0,2014-05,Cheshire Constabulary,Cheshire Constabulary,-2.464604,53.105801,On or near Badger Avenue,E01018485,Cheshire East 037D,Vehicle crime,Investigation complete; no suspect identified,
eb8b44d3d550364fb0e3fd927b8ecc1eb9426ea6e7b5340841bc1aa64f13e19e,2014-05,Cheshire Constabulary,Cheshire Constabulary,-2.467398,53.105853,On or near Supermarket,E01018485,Cheshire East 037D,Vehicle crime,Investigation complete; no suspect identified,
aa1a3b4d74b8faf7dd91c1a765e2813bfdec0996b811d60005fba0d834109588,2014-05,Cheshire Constabulary,Cheshire Constabulary,-2.464604,53.105801,On or near Badger Avenue,E01018485,Cheshire East 037D,Violence and sexual offences,Under investigation,
cd0c417ecb5f0ea1562be104e1b4b8eb820673d007d8162ebecfa45c0fdc8d03,2014-05,Cheshire Constabulary,Cheshire Constabulary,-2.466559,53.104292,On or near Monks Lane,E01018485,Cheshire East 037D,Violence and sexual offences,Under investigation,
b7eead6ecce50185b7dc99620a0a1b281d9e2cb286dc2e8ee630505aeb1d1057,2014-05,Cheshire Constabulary,Cheshire Constabulary,-2.464604,53.105801,On or near Badger Avenue,E01018485,Cheshire East 037D,Violence and sexual offences,Formal action is not in the public interest,
7bbc6885ddaeb93aec3b87710e86064782e8f74294df8fca73fe935392ea1ec0,2014-05,Cheshire Constabulary,Cheshire Constabulary,-2.463615,53.102749,On or near Mcneill Avenue,E01018485,Cheshire East 037D,Violence and sexual offences,Under investigation,
4104ea919b717fa432d7951dffeb00924dc82c95cdd3f08707463023a89cddeb,2014-05,Cheshire Constabulary,Cheshire Constabulary,-2.463615,53.102749,On or near Mcneill Avenue,E01018485,Cheshire East 037D,Violence and sexual offences,Under investigation,
fdee70fa58124f6ef1822b5b9a9e25caac98e9441c17939206fb3a7653c5dfce,2014-05,Cheshire Constabulary,Cheshire Constabulary,-2.464604,53.105801,On or near Badger Avenue,E01018485,Cheshire East 037D,Violence and sexual offences,Unable to prosecute suspect,
695af1fcd312b8d9eb5567c10a51dc426ee6abb0887e334565e93ef34c5c9a60,2014-05,Cheshire Constabulary,Cheshire Constabulary,-2.463615,53.102749,On or near Mcneill Avenue,E01018485,Cheshire East 037D,Other crime,Under investigation,
,2014-05,Cheshire Constabulary,Cheshire Constabulary,-2.419585,53.104458,On or near Howard Street,E01018499,Cheshire East 038A,Anti-social behaviour,,
,2014-05,Cheshire Constabulary,Cheshire Constabulary,-2.419585,53.104458,On or near Howard Street,E01018499,Cheshire East 038A,Anti-social behaviour,,
d42020c875d501c93d917a833e3d1d534d70836882675b498a8acbba245856da,2014-05,Cheshire Constabulary,Cheshire Constabulary,-2.423743,53.101954,On or near Drayton Crescent,E01018499,Cheshire East 038A,Criminal damage and arson,Investigation complete; no suspect identified,
e7d215109adae71684cbb0c0046df86022a049ac758ef36acb85d74fe7851cd3,2014-05,Cheshire Constabulary,Cheshire Constabulary,-2.423743,53.101954,On or near Drayton Crescent,E01018499,Cheshire East 038A,Criminal damage and arson,Investigation complete; no suspect identified,
b7fb5e3089176310b7bdf5108bc703761d004ac7b9a1d4f944542e09af0d48c0,2014-05,Cheshire Constabulary,Cheshire Constabulary,-2.423047,53.101093,On or near Lansdowne Road,E01018500,Cheshire East 038B,Criminal damage and arson,Under investigation,
b7f72307b633649e8b409d9ad01acf478b5e65aee1b25c61608085877248b95e,2014-05,Cheshire Constabulary,Cheshire Constabulary,-2.427736,53.100932,On or near Bray Close,E01018500,Cheshire East 038B,Shoplifting,Under investigation,
dda92d41d1ccaf40d6c86ab6b08dd4909fd79a6ed4c0f14a3671f214a09563cd,2014-05,Cheshire Constabulary,Cheshire Constabulary,-2.425380,53.101408,On or near Oak Tree Close,E01018500,Cheshire East 038B,Violence and sexual offences,Under investigation,
,2014-05,Cheshire Constabulary,Cheshire Constabulary,-2.431739,53.092046,On or near Macon Court,E01018501,Cheshire East 038C,Anti-social behaviour,,
,2014-05,Cheshire Constabulary,Cheshire Constabulary,-2.431739,53.092046,On or near Macon Court,E01018501,Cheshire East 038C,Anti-social behaviour,,
,2014-05,Cheshire Constabulary,Cheshire Constabulary,-2.426115,53.088084,On or near First Avenue,E01018501,Cheshire East 038C,Anti-social behaviour,,
,2014-05,Cheshire Constabulary,Cheshire Constabulary,-2.427818,53.097238,On or near Supermarket,E01018501,Cheshire East 038C,Anti-social behaviour,,
,2014-05,Cheshire Constabulary,Cheshire Constabulary,-2.430676,53.097713,On or near Manchester Bridge,E01018501,Cheshire East 038C,Anti-social behaviour,,
41c574a64528c655c916384ee62afff99aaabb2828d62fea0364b6273f6916e9,2014-05,Cheshire Constabulary,Cheshire Constabulary,-2.432330,53.089958,On or near Nantwich Road,E01018501,Cheshire East 038C,Bicycle theft,Investigation complete; no suspect identified,
bf9b8eaadf921a9381476eb35ab552d1f3def3c3ef8f14b54588128e583134e5,2014-05,Cheshire Constabulary,Cheshire Constabulary,-2.427818,53.097238,On or near Supermarket,E01018501,Cheshire East 038C,Criminal damage and arson,Investigation complete; no suspect identified,
eeb16c4f5cd60c521619c6a707a002257305f06f4952a6cbd1ddb2f544a6782c,2014-05,Cheshire Constabulary,Cheshire Constabulary,-2.431739,53.092046,On or near Macon Court,E01018501,Cheshire East 038C,Criminal damage and arson,Investigation complete; no suspect identified,
4c4567a6f93a6ec570928a7124879cd4ed38186c5dc037d385689cc465118fda,2014-05,Cheshire Constabulary,Cheshire Constabulary,-2.427818,53.097238,On or near Supermarket,E01018501,Cheshire East 038C,Drugs,Under investigation,
4d3d65f5cd864057d0ede72b9a840db69aadf4f721087a01d0d904680f492b4d,2014-05,Cheshire Constabulary,Cheshire Constabulary,-2.426115,53.088084,On or near First Avenue,E01018501,Cheshire East 038C,Other theft,Under investigation,
1560e26c0670563eb16c33f83b812a2ed861a3e4641f5c6eafa516142773fe3e,2014-05,Cheshire Constabulary,Cheshire Constabulary,-2.426115,53.088084,On or near First Avenue,E01018501,Cheshire East 038C,Other theft,Offender given a caution,
a7576fa8fa07a26729323759ca81eeab8d13956e7053731bcf296177af66f369,2014-05,Cheshire Constabulary,Cheshire Constabulary,-2.424057,53.095948,On or near Brook Close,E01018501,Cheshire East 038C,Other theft,Investigation complete; no suspect identified,
f16e43102bf82020ba7e18ec0c49de980e75808daf57e52629e57a7e708f5ea4,2014-05,Cheshire Constabulary,Cheshire Constabulary,-2.431739,53.092046,On or near Macon Court,E01018501,Cheshire East 038C,Vehicle crime,Investigation complete; no suspect identified,
052f93ad5643c03ca56668b44f5db78bc85fb0a588303244434cb4f8cdd0353c,2014-05,Cheshire Constabulary,Cheshire Constabulary,-2.421880,53.088629,On or near Gateway,E01018501,Cheshire East 038C,Vehicle crime,Investigation complete; no suspect identified,
d569da5164baef113a8b76cf55ed4e7e5f8a5c9be729e5c3e7685dedaca1adb6,2014-05,Cheshire Constabulary,Cheshire Constabulary,-2.421880,53.088629,On or near Gateway,E01018501,Cheshire East 038C,Vehicle crime,Investigation complete; no suspect identified,
17b870ce1f1861d3295552a2875dccd0cc1c338d166d42d17b47a401f63ca32c,2014-05,Cheshire Constabulary,Cheshire Constabulary,-2.431739,53.092046,On or near Macon Court,E01018501,Cheshire East 038C,Violence and sexual offences,Awaiting court outcome,
8e892a16933aa32f60c45320a6bc01fbda5b3e747fabe9b20aa0e98ffd7b55ff,2014-05,Cheshire Constabulary,Cheshire Constabulary,-2.432330,53.089958,On or near Nantwich Road,E01018501,Cheshire East 038C,Violence and sexual offences,Awaiting court outcome,
1c421e0204ee68fe36f9cff6d690a2c81ad52331819963271a61e61396cb35f2,2014-05,Cheshire Constabulary,Cheshire Constabulary,-2.431739,53.092046,On or near Macon Court,E01018501,Cheshire East 038C,Violence and sexual offences,Awaiting court outcome,
857d98d5cd3d67d64c4841df5cbc00c784d2fa17c284fe070e4ccd350935e338,2014-05,Cheshire Constabulary,Cheshire Constabulary,-2.431739,53.092046,On or near Macon Court,E01018501,Cheshire East 038C,Violence and sexual offences,Awaiting court outcome,
,2014-05,Cheshire Constabulary,Cheshire Constabulary,-2.421123,53.098277,On or near Swinburne Drive,E01018502,Cheshire East 038D,Anti-social behaviour,,
,2014-05,Cheshire Constabulary,Cheshire Constabulary,-2.419877,53.094488,On or near Mill Bridge Close,E01018502,Cheshire East 038D,Anti-social behaviour,,
,2014-05,Cheshire Constabulary,Cheshire Constabulary,-2.422975,53.096707,On or near Hungerford Road,E01018502,Cheshire East 038D,Anti-social behaviour,,
,2014-05,Cheshire Constabulary,Cheshire Constabulary,-2.421122,53.090556,On or near Westmere Drive,E01018502,Cheshire East 038D,Anti-social behaviour,,
,2014-05,Cheshire Constabulary,Cheshire Constabulary,-2.422975,53.096707,On or near Hungerford Road,E01018502,Cheshire East 038D,Anti-social behaviour,,
,2014-05,Cheshire Constabulary,Cheshire Constabulary,-2.416258,53.087813,On or near Quakers Coppice,E01018502,Cheshire East 038D,Anti-social behaviour,,
,2014-05,Cheshire Constabulary,Cheshire Constabulary,-2.421123,53.098277,On or near Swinburne Drive,E01018502,Cheshire East 038D,Anti-social behaviour,,
,2014-05,Cheshire Constabulary,Cheshire Constabulary,-2.421122,53.090556,On or near Westmere Drive,E01018502,Cheshire East 038D,Anti-social behaviour,,
,2014-05,Cheshire Constabulary,Cheshire Constabulary,-2.422189,53.095802,On or near Fernbank Close,E01018502,Cheshire East 038D,Anti-social behaviour,,
,2014-05,Cheshire Constabulary,Cheshire Constabulary,-2.422975,53.096707,On or near Hungerford Road,E01018502,Cheshire East 038D,Anti-social behaviour,,
13e10a8680dfa2cd372e7d49870e7d6a430d9558dbbfdf1cf535d9aa1e302f35,2014-05,Cheshire Constabulary,Cheshire Constabulary,-2.416258,53.087813,On or near Quakers Coppice,E01018502,Cheshire East 038D,Bicycle theft,Investigation complete; no suspect identified,
a839113ae36aa07a4bc95ae455f4559f5803a478e4da90a1ede17d1bb7bc9451,2014-05,Cheshire Constabulary,Cheshire Constabulary,-2.416258,53.087813,On or near Quakers Coppice,E01018502,Cheshire East 038D,Bicycle theft,Investigation complete; no suspect identified,
3d896e146ba86b9c57a4c4c3edd8f69bfeab2008376e886eab53322f27f63e51,2014-05,Cheshire Constabulary,Cheshire Constabulary,-2.411624,53.087263,On or near University Way,E01018502,Cheshire East 038D,Burglary,Investigation complete; no suspect identified,
0d327af0773e5c4dbd565cba2f4502595d93e9292e2e02f29be82db2658ede8d,2014-05,Cheshire Constabulary,Cheshire Constabulary,-2.411624,53.087263,On or near University Way,E01018502,Cheshire East 038D,Burglary,Investigation complete; no suspect identified,
2f2b4c6903f580738278c15ac6ccedf2fa664223f2232d931ac9505e5cdfef48,2014-05,Cheshire Constabulary,Cheshire Constabulary,-2.421122,53.090556,On or near Westmere Drive,E01018502,Cheshire East 038D,Vehicle crime,Investigation complete; no suspect identified,
45a29c4babfd58a7984e61bc0f7292acf0a2e171236fbbc7c67c429717ba38bd,2014-05,Cheshire Constabulary,Cheshire Constabulary,-2.419877,53.094488,On or near Mill Bridge Close,E01018502,Cheshire East 038D,Vehicle crime,Investigation complete; no suspect identified,
3ac668ae6de06d962769d624afae4386f1e6ecfc1a1f363827884e891da26733,2014-05,Cheshire Constabulary,Cheshire Constabulary,-2.417187,53.091244,On or near Electra Way,E01018502,Cheshire East 038D,Vehicle crime,Investigation complete; no suspect identified,
c651a3db30878c4ed2e28167df2eace4b042e7e46600f494d055038f735f1d38,2014-05,Cheshire Constabulary,Cheshire Constabulary,-2.419877,53.094488,On or near Mill Bridge Close,E01018502,Cheshire East 038D,Violence and sexual offences,Awaiting court outcome,
6ff3649f5baff90c15c4eea2d99bcd365990e0de50be8b7018109984a8d0eae7,2014-05,Cheshire Constabulary,Cheshire Constabulary,-2.413993,53.094473,On or near University Way,E01018502,Cheshire East 038D,Violence and sexual offences,Under investigation,
,2014-05,Cheshire Constabulary,Cheshire Constabulary,-2.449645,53.103701,On or near Rigg Street,E01018462,Cheshire East 039A,Anti-social behaviour,,
,2014-05,Cheshire Constabulary,Cheshire Constabulary,-2.449645,53.103701,On or near Rigg Street,E01018462,Cheshire East 039A,Anti-social behaviour,,
,2014-05,Cheshire Constabulary,Cheshire Constabulary,-2.442633,53.098712,On or near Shopping Area,E01018462,Cheshire East 039A,Anti-social behaviour,,
,2014-05,Cheshire Constabulary,Cheshire Constabulary,-2.444230,53.100063,On or near Parking Area,E01018462,Cheshire East 039A,Anti-social behaviour,,
,2014-05,Cheshire Constabulary,Cheshire Constabulary,-2.447228,53.098236,On or near St Mary'S Street,E01018462,Cheshire East 039A,Anti-social behaviour,,
,2014-05,Cheshire Constabulary,Cheshire Constabulary,-2.449789,53.101822,On or near Dewes Street,E01018462,Cheshire East 039A,Anti-social behaviour,,
,2014-05,Cheshire Constabulary,Cheshire Constabulary,-2.446482,53.098275,On or near Gatefield Street,E01018462,Cheshire East 039A,Anti-social behaviour,,
,2014-05,Cheshire Constabulary,Cheshire Constabulary,-2.449645,53.103701,On or near Rigg Street,E01018462,Cheshire East 039A,Anti-social behaviour,,
,2014-05,Cheshire Constabulary,Cheshire Constabulary,-2.447228,53.098236,On or near St Mary'S Street,E01018462,Cheshire East 039A,Anti-social behaviour,,
,2014-05,Cheshire Constabulary,Cheshire Constabulary,-2.442633,53.098712,On or near Shopping Area,E01018462,Cheshire East 039A,Anti-social behaviour,,
,2014-05,Cheshire Constabulary,Cheshire Constabulary,-2.444230,53.100063,On or near Parking Area,E01018462,Cheshire East 039A,Anti-social behaviour,,
,2014-05,Cheshire Constabulary,Cheshire Constabulary,-2.447228,53.098236,On or near St Mary'S Street,E01018462,Cheshire East 039A,Anti-social behaviour,,
,2014-05,Cheshire Constabulary,Cheshire Constabulary,-2.444230,53.100063,On or near Parking Area,E01018462,Cheshire East 039A,Anti-social behaviour,,
,2014-05,Cheshire Constabulary,Cheshire Constabulary,-2.445581,53.102188,On or near Vere Street,E01018462,Cheshire East 039A,Anti-social behaviour,,
,2014-05,Cheshire Constabulary,Cheshire Constabulary,-2.444230,53.100063,On or near Parking Area,E01018462,Cheshire East 039A,Anti-social behaviour,,
,2014-05,Cheshire Constabulary,Cheshire Constabulary,-2.448783,53.098374,On or near Castle Street,E01018462,Cheshire East 039A,Anti-social behaviour,,
8d262300283b6740847ad765865accc83f5bb53aedca10198f53c7c7e96f21f8,2014-05,Cheshire Constabulary,Cheshire Constabulary,-2.448036,53.102638,On or near Alban Street,E01018462,Cheshire East 039A,Bicycle theft,Unable to prosecute suspect,
7a85dafb53bf3c492f8d480630ec4581afc969775782dbe8dbbb0c83e297c7cf,2014-05,Cheshire Constabulary,Cheshire Constabulary,-2.447228,53.098236,On or near St Mary'S Street,E01018462,Cheshire East 039A,Burglary,Under investigation,
c6e1baa3b5571734661b02b1c0736f7b3a058cee88cde12ce7399de38539b6c2,2014-05,Cheshire Constabulary,Cheshire Constabulary,-2.446482,53.098275,On or near Gatefield Street,E01018462,Cheshire East 039A,Criminal damage and arson,Under investigation,
66b56aaef13174a42df8c2d13fd98a013b66ef1f15093a77d3e819615200107d,2014-05,Cheshire Constabulary,Cheshire Constabulary,-2.447228,53.098236,On or near St Mary'S Street,E01018462,Cheshire East 039A,Criminal damage and arson,Under investigation,
67acfcf66b6631363a651aced4f6d1dc0c85a310399a77d045097a2c45e424b7,2014-05,Cheshire Constabulary,Cheshire Constabulary,-2.447228,53.098236,On or near St Mary'S Street,E01018462,Cheshire East 039A,Criminal damage and arson,Under investigation,
18b400e952b4c4a00cad4120c657532101047cd1f403bf0a5905fb6a6e2adf13,2014-05,Cheshire Constabulary,Cheshire Constabulary,-2.447228,53.098236,On or near St Mary'S Street,E01018462,Cheshire East 039A,Criminal damage and arson,Investigation complete; no suspect identified,
dd24c0007ad375ad69eff6fb2b7f883cea6c90dc58d0848a426af8d481b2d29c,2014-05,Cheshire Constabulary,Cheshire Constabulary,-2.444230,53.100063,On or near Parking Area,E01018462,Cheshire East 039A,Criminal damage and arson,Local resolution,
39fc535d667c93ad20bab9f33e50c537f368fd69912184e80ffd4798a47bed4e,2014-05,Cheshire Constabulary,Cheshire Constabulary,-2.444158,53.098859,On or near Victoria Street,E01018462,Cheshire East 039A,Criminal damage and arson,Investigation complete; no suspect identified,
744386cc9ba78af4b12ba037e553be7f299b02a9f41598bc81c191d24f2806ef,2014-05,Cheshire Constabulary,Cheshire Constabulary,-2.449645,53.103701,On or near Rigg Street,E01018462,Cheshire East 039A,Criminal damage and arson,Unable to prosecute suspect,
5566c1c2818c493374a0e0e5b5570b9c632f9a62a18d44ef5eca6901650aba4c,2014-05,Cheshire Constabulary,Cheshire Constabulary,-2.444230,53.100063,On or near Parking Area,E01018462,Cheshire East 039A,Other theft,Investigation complete; no suspect identified,
9f6e77726c018223cc7064d5a14fb0361708a010be38de58f43869ee06ca4fbe,2014-05,Cheshire Constabulary,Cheshire Constabulary,-2.442151,53.098318,On or near Queensway,E01018462,Cheshire East 039A,Other theft,Investigation complete; no suspect identified,
516ff16aa5bd2db6e4373ea48794a512ac3f7f95cf62de2d93ea943c13a49b29,2014-05,Cheshire Constabulary,Cheshire Constabulary,-2.450625,53.101729,On or near Parking Area,E01018462,Cheshire East 039A,Other theft,Under investigation,
4d5a823d0bf601a14f6ccf03b2b695cb122473902bda91977914162357c125b1,2014-05,Cheshire Constabulary,Cheshire Constabulary,-2.444230,53.100063,On or near Parking Area,E01018462,Cheshire East 039A,Other theft,Investigation complete; no suspect identified,
530d734f8e1575b4adc128fcb41437dd61110c162a2f0b3814a8d19cf799b97f,2014-05,Cheshire Constabulary,Cheshire Constabulary,-2.442633,53.098712,On or near Shopping Area,E01018462,Cheshire East 039A,Other theft,Investigation complete; no suspect identified,
a2a9f4314fd81953f35dc5568ec907e89a7b8ea2406c0d97ec61ad5e44008294,2014-05,Cheshire Constabulary,Cheshire Constabulary,-2.442633,53.098712,On or near Shopping Area,E01018462,Cheshire East 039A,Other theft,Investigation complete; no suspect identified,
c7bc2ad5f0ad050a8ffce544b7b11014f7389cc2804f8fb0308bad8f45d8e19a,2014-05,Cheshire Constabulary,Cheshire Constabulary,-2.447875,53.101524,On or near Roebuck Street,E01018462,Cheshire East 039A,Other theft,Investigation complete; no suspect identified,
06585793698dfd30f7451fffc124ff55086bec0117102d31084330a005743ac3,2014-05,Cheshire Constabulary,Cheshire Constabulary,-2.445954,53.100686,On or near John Street,E01018462,Cheshire East 039A,Possession of weapons,Under investigation,
a8dffc1aa3f0b33ec7d514b699f94db7992a4c9941264f231d9ab0f6a0b955cd,2014-05,Cheshire Constabulary,Cheshire Constabulary,-2.444158,53.098859,On or near Victoria Street,E01018462,Cheshire East 039A,Public order,Awaiting court outcome,
7decebf20160244e1201a5c598cbf46f876b129a1b50e93baa5552853be9bbab,2014-05,Cheshire Constabulary,Cheshire Constabulary,-2.444230,53.100063,On or near Parking Area,E01018462,Cheshire East 039A,Shoplifting,Under investigation,
e864e238ccc05d3e57127543a690f16c901238c034f42a91914f6773eff612f7,2014-05,Cheshire Constabulary,Cheshire Constabulary,-2.444230,53.100063,On or near Parking Area,E01018462,Cheshire East 039A,Shoplifting,Awaiting court outcome,
1929e29dca5b4d58b74a771442079d5558b115a6962ec31d4ac91c6f81e888e4,2014-05,Cheshire Constabulary,Cheshire Constabulary,-2.444230,53.100063,On or near Parking Area,E01018462,Cheshire East 039A,Shoplifting,Under investigation,
d8a6ca5d202b11fab5c74d821330f5520be4b62a7c3d5ee0b104c3a1bae091a4,2014-05,Cheshire Constabulary,Cheshire Constabulary,-2.442151,53.098318,On or near Queensway,E01018462,Cheshire East 039A,Shoplifting,Investigation complete; no suspect identified,
d362f8471a02ff5134bf6aa9349ca11cd5bd52b178155bf57f2506dde4f03760,2014-05,Cheshire Constabulary,Cheshire Constabulary,-2.444230,53.100063,On or near Parking Area,E01018462,Cheshire East 039A,Shoplifting,Awaiting court outcome,
b24622679bd36d48d4b6800625173fcbb6d7a90f4ed77bd85d9c26ea18539b97,2014-05,Cheshire Constabulary,Cheshire Constabulary,-2.444230,53.100063,On or near Parking Area,E01018462,Cheshire East 039A,Shoplifting,Unable to prosecute suspect,
0c957f9795c3d3f0de069d5ae01e0a148b56a474cca4df0b6756613620521258,2014-05,Cheshire Constabulary,Cheshire Constabulary,-2.444230,53.100063,On or near Parking Area,E01018462,Cheshire East 039A,Shoplifting,Awaiting court outcome,
e199f9590fbc0497b26126dbc6edcd9269638c74feae1d8abd51b43433241407,2014-05,Cheshire Constabulary,Cheshire Constabulary,-2.444230,53.100063,On or near Parking Area,E01018462,Cheshire East 039A,Shoplifting,Under investigation,
25319b4418599a40d431774c96ed4ac173c019b3c54d0b76b69d2285b5ff2be9,2014-05,Cheshire Constabulary,Cheshire Constabulary,-2.444230,53.100063,On or near Parking Area,E01018462,Cheshire East 039A,Shoplifting,Awaiting court outcome,
f27a2047b7cec96f6874591f55a8980f6c77f6dada4cc27d83f4df72320b5b97,2014-05,Cheshire Constabulary,Cheshire Constabulary,-2.444230,53.100063,On or near Parking Area,E01018462,Cheshire East 039A,Shoplifting,Local resolution,
0d14f03417d0c232950ee1a97357c3ce5768ce370e3674ad2341ec2100d0f564,2014-05,Cheshire Constabulary,Cheshire Constabulary,-2.444230,53.100063,On or near Parking Area,E01018462,Cheshire East 039A,Shoplifting,Under investigation,
b21ffcb134fbf8a317a6d3f2958854e824524f1f5546c4a825688a2a0b569a6d,2014-05,Cheshire Constabulary,Cheshire Constabulary,-2.442633,53.098712,On or near Shopping Area,E01018462,Cheshire East 039A,Shoplifting,Unable to prosecute suspect,
618ff198026fd78002e8d65d36b9f18ef702366ebb3c4106c7622a9323281e6d,2014-05,Cheshire Constabulary,Cheshire Constabulary,-2.446482,53.098275,On or near Gatefield Street,E01018462,Cheshire East 039A,Vehicle crime,Under investigation,
9fe5e1da19d2e9de03a0983e7e05a041dde1f0cc2598155b3efe9ad7c009b2fe,2014-05,Cheshire Constabulary,Cheshire Constabulary,-2.449789,53.101822,On or near Dewes Street,E01018462,Cheshire East 039A,Violence and sexual offences,Under investigation,
d47ed29e438fd603a49ac00ab80eab2b44db6b0c5efcd289d45046174def2d39,2014-05,Cheshire Constabulary,Cheshire Constabulary,-2.444158,53.098859,On or near Victoria Street,E01018462,Cheshire East 039A,Violence and sexual offences,Awaiting court outcome,
8829f5beb71b75a95af8d6b0756c20958a5d3cd728fbdcdf3feda42423381076,2014-05,Cheshire Constabulary,Cheshire Constabulary,-2.444272,53.101249,On or near Meredith Street,E01018462,Cheshire East 039A,Violence and sexual offences,Under investigation,
19a51afdaebd9e3da1709454a1d62dc4a6220debbb59d13c0b97a7e7df0355ba,2014-05,Cheshire Constabulary,Cheshire Constabulary,-2.442633,53.098712,On or near Shopping Area,E01018462,Cheshire East 039A,Violence and sexual offences,Under investigation,
,2014-05,Cheshire Constabulary,Cheshire Constabulary,-2.436910,53.095488,On or near Petrol Station,E01018464,Cheshire East 039B,Anti-social behaviour,,
,2014-05,Cheshire Constabulary,Cheshire Constabulary,-2.440250,53.097840,On or near Parking Area,E01018464,Cheshire East 039B,Anti-social behaviour,,
,2014-05,Cheshire Constabulary,Cheshire Constabulary,-2.441711,53.097645,On or near Market Square,E01018464,Cheshire East 039B,Anti-social behaviour,,
,2014-05,Cheshire Constabulary,Cheshire Constabulary,-2.437150,53.098543,On or near North Stafford Street,E01018464,Cheshire East 039B,Anti-social behaviour,,
,2014-05,Cheshire Constabulary,Cheshire Constabulary,-2.430131,53.101508,On or near Poplar Grove,E01018464,Cheshire East 039B,Anti-social behaviour,,
,2014-05,Cheshire Constabulary,Cheshire Constabulary,-2.442558,53.097202,On or near Chester Street,E01018464,Cheshire East 039B,Anti-social behaviour,,
,2014-05,Cheshire Constabulary,Cheshire Constabulary,-2.439239,53.096845,On or near Crewe Street,E01018464,Cheshire East 039B,Anti-social behaviour,,
,2014-05,Cheshire Constabulary,Cheshire Constabulary,-2.441158,53.099032,On or near Market Street,E01018464,Cheshire East 039B,Anti-social behaviour,,
,2014-05,Cheshire Constabulary,Cheshire Constabulary,-2.436643,53.100001,On or near Wallis Street,E01018464,Cheshire East 039B,Anti-social behaviour,,
,2014-05,Cheshire Constabulary,Cheshire Constabulary,-2.434051,53.094743,On or near Supermarket,E01018464,Cheshire East 039B,Anti-social behaviour,,
,2014-05,Cheshire Constabulary,Cheshire Constabulary,-2.440495,53.095528,On or near High Street,E01018464,Cheshire East 039B,Anti-social behaviour,,
,2014-05,Cheshire Constabulary,Cheshire Constabulary,-2.442276,53.095908,On or near Eaton Street,E01018464,Cheshire East 039B,Anti-social behaviour,,
,2014-05,Cheshire Constabulary,Cheshire Constabulary,-2.440909,53.095140,On or near Parking Area,E01018464,Cheshire East 039B,Anti-social behaviour,,
,2014-05,Cheshire Constabulary,Cheshire Constabulary,-2.443307,53.097442,On or near Parking Area,E01018464,Cheshire East 039B,Anti-social behaviour,,
,2014-05,Cheshire Constabulary,Cheshire Constabulary,-2.442558,53.097202,On or near Chester Street,E01018464,Cheshire East 039B,Anti-social behaviour,,
,2014-05,Cheshire Constabulary,Cheshire Constabulary,-2.441809,53.095559,On or near Edleston Road,E01018464,Cheshire East 039B,Anti-social behaviour,,
,2014-05,Cheshire Constabulary,Cheshire Constabulary,-2.440909,53.095140,On or near Parking Area,E01018464,Cheshire East 039B,Anti-social behaviour,,
,2014-05,Cheshire Constabulary,Cheshire Constabulary,-2.435667,53.098027,On or near Earle Street,E01018464,Cheshire East 039B,Anti-social behaviour,,
,2014-05,Cheshire Constabulary,Cheshire Constabulary,-2.442276,53.095908,On or near Eaton Street,E01018464,Cheshire East 039B,Anti-social behaviour,,
,2014-05,Cheshire Constabulary,Cheshire Constabulary,-2.435667,53.098027,On or near Earle Street,E01018464,Cheshire East 039B,Anti-social behaviour,,
,2014-05,Cheshire Constabulary,Cheshire Constabulary,-2.440909,53.095140,On or near Parking Area,E01018464,Cheshire East 039B,Anti-social behaviour,,
,2014-05,Cheshire Constabulary,Cheshire Constabulary,-2.441711,53.097645,On or near Market Square,E01018464,Cheshire East 039B,Anti-social behaviour,,
,2014-05,Cheshire Constabulary,Cheshire Constabulary,-2.439239,53.096845,On or near Crewe Street,E01018464,Cheshire East 039B,Anti-social behaviour,,
,2014-05,Cheshire Constabulary,Cheshire Constabulary,-2.442276,53.095908,On or near Eaton Street,E01018464,Cheshire East 039B,Anti-social behaviour,,
,2014-05,Cheshire Constabulary,Cheshire Constabulary,-2.436643,53.100001,On or near Wallis Street,E01018464,Cheshire East 039B,Anti-social behaviour,,
,2014-05,Cheshire Constabulary,Cheshire Constabulary,-2.441158,53.099032,On or near Market Street,E01018464,Cheshire East 039B,Anti-social behaviour,,
,2014-05,Cheshire Constabulary,Cheshire Constabulary,-2.441809,53.095559,On or near Edleston Road,E01018464,Cheshire East 039B,Anti-social behaviour,,
,2014-05,Cheshire Constabulary,Cheshire Constabulary,-2.442558,53.097202,On or near Chester Street,E01018464,Cheshire East 039B,Anti-social behaviour,,
,2014-05,Cheshire Constabulary,Cheshire Constabulary,-2.431522,53.098681,On or near Vincent Street,E01018464,Cheshire East 039B,Anti-social behaviour,,
,2014-05,Cheshire Constabulary,Cheshire Constabulary,-2.440495,53.095528,On or near High Street,E01018464,Cheshire East 039B,Anti-social behaviour,,
,2014-05,Cheshire Constabulary,Cheshire Constabulary,-2.440147,53.096527,On or near Moss Square,E01018464,Cheshire East 039B,Anti-social behaviour,,
,2014-05,Cheshire Constabulary,Cheshire Constabulary,-2.439239,53.096845,On or near Crewe Street,E01018464,Cheshire East 039B,Anti-social behaviour,,
,2014-05,Cheshire Constabulary,Cheshire Constabulary,-2.440250,53.097840,On or near Parking Area,E01018464,Cheshire East 039B,Anti-social behaviour,,
,2014-05,Cheshire Constabulary,Cheshire Constabulary,-2.437150,53.098543,On or near North Stafford Street,E01018464,Cheshire East 039B,Anti-social behaviour,,
,2014-05,Cheshire Constabulary,Cheshire Constabulary,-2.442558,53.097202,On or near Chester Street,E01018464,Cheshire East 039B,Anti-social behaviour,,
,2014-05,Cheshire Constabulary,Cheshire Constabulary,-2.435667,53.098027,On or near Earle Street,E01018464,Cheshire East 039B,Anti-social behaviour,,
,2014-05,Cheshire Constabulary,Cheshire Constabulary,-2.440147,53.096527,On or near Moss Square,E01018464,Cheshire East 039B,Anti-social behaviour,,
,2014-05,Cheshire Constabulary,Cheshire Constabulary,-2.441711,53.097645,On or near Market Square,E01018464,Cheshire East 039B,Anti-social behaviour,,
,2014-05,Cheshire Constabulary,Cheshire Constabulary,-2.436910,53.095488,On or near Petrol Station,E01018464,Cheshire East 039B,Anti-social behaviour,,
,2014-05,Cheshire Constabulary,Cheshire Constabulary,-2.440909,53.095140,On or near Parking Area,E01018464,Cheshire East 039B,Anti-social behaviour,,
,2014-05,Cheshire Constabulary,Cheshire Constabulary,-2.440250,53.097840,On or near Parking Area,E01018464,Cheshire East 039B,Anti-social behaviour,,
,2014-05,Cheshire Constabulary,Cheshire Constabulary,-2.440495,53.095528,On or near High Street,E01018464,Cheshire East 039B,Anti-social behaviour,,
,2014-05,Cheshire Constabulary,Cheshire Constabulary,-2.440909,53.095140,On or near Parking Area,E01018464,Cheshire East 039B,Anti-social behaviour,,
,2014-05,Cheshire Constabulary,Cheshire Constabulary,-2.436589,53.097691,On or near Rainbow Street,E01018464,Cheshire East 039B,Anti-social behaviour,,
,2014-05,Cheshire Constabulary,Cheshire Constabulary,-2.440250,53.097840,On or near Parking Area,E01018464,Cheshire East 039B,Anti-social behaviour,,
,2014-05,Cheshire Constabulary,Cheshire Constabulary,-2.439147,53.099587,On or near Vernon Way,E01018464,Cheshire East 039B,Anti-social behaviour,,
,2014-05,Cheshire Constabulary,Cheshire Constabulary,-2.436910,53.095488,On or near Petrol Station,E01018464,Cheshire East 039B,Anti-social behaviour,,
,2014-05,Cheshire Constabulary,Cheshire Constabulary,-2.440909,53.095140,On or near Parking Area,E01018464,Cheshire East 039B,Anti-social behaviour,,
6b423114e586b1bd2bffd928ed7b3742d2a044c80e0b2cb89c14d317038e2899,2014-05,Cheshire Constabulary,Cheshire Constabulary,-2.440395,53.098864,On or near Theatre/Concert Hall,E01018464,Cheshire East 039B,Bicycle theft,Investigation complete; no suspect identified,
daf0aeb951ccece4b24b46fc6e5c3b4c5a14afaea1eba1945b93338ab95782e1,2014-05,Cheshire Constabulary,Cheshire Constabulary,-2.441701,53.098113,On or near Shopping Area,E01018464,Cheshire East 039B,Burglary,Formal action is not in the public interest,
9682728f8007f590ee0a30ec970e4907d0af0bddbf53e49923bbf5a8cb3b7fda,2014-05,Cheshire Constabulary,Cheshire Constabulary,-2.437150,53.098543,On or near North Stafford Street,E01018464,Cheshire East 039B,Criminal damage and arson,Investigation complete; no suspect identified,
a6a28a58a4174ac722610c2758debdda3fc9cfa0513bae6c718aeeabee987f45,2014-05,Cheshire Constabulary,Cheshire Constabulary,-2.442276,53.095908,On or near Eaton Street,E01018464,Cheshire East 039B,Criminal damage and arson,Investigation complete; no suspect identified,
2430a83fdc5e2414ceecdff13cf58b01e0a321e7007e30810adefe40f4beb466,2014-05,Cheshire Constabulary,Cheshire Constabulary,-2.434991,53.099162,On or near Greystone Park,E01018464,Cheshire East 039B,Criminal damage and arson,Under investigation,
683ee6b4bc2e622405f1ae665a9db344357d7ac6ebe62833c63058e0c15bc14c,2014-05,Cheshire Constabulary,Cheshire Constabulary,-2.442276,53.095908,On or near Eaton Street,E01018464,Cheshire East 039B,Criminal damage and arson,Under investigation,
b86d4cc6445ef6f0cf45dd3c64a8bf3a0c95e1561bc5f3ca54dae10b1d590098,2014-05,Cheshire Constabulary,Cheshire Constabulary,-2.442276,53.095908,On or near Eaton Street,E01018464,Cheshire East 039B,Criminal damage and arson,Awaiting court outcome,
66c3400e98a94d72bd54b6267ee0e1bb9d75ad2db50cd8a2d4d4964139d98ce1,2014-05,Cheshire Constabulary,Cheshire Constabulary,-2.432569,53.098892,On or near Hall O'Shaw Street,E01018464,Cheshire East 039B,Criminal damage and arson,Investigation complete; no suspect identified,
9a0a9f568266fafe67731957d19993026c01f9ebd4e96c4ad035120a36627504,2014-05,Cheshire Constabulary,Cheshire Constabulary,-2.432569,53.098892,On or near Hall O'Shaw Street,E01018464,Cheshire East 039B,Criminal damage and arson,Under investigation,
e1f81da1c0f57f6ba35ab7225399c86419f382533d8f985aadfddad05062f083,2014-05,Cheshire Constabulary,Cheshire Constabulary,-2.432569,53.098892,On or near Hall O'Shaw Street,E01018464,Cheshire East 039B,Criminal damage and arson,Investigation complete; no suspect identified,
dfb170deec3827fe31a8d3e767db64b384ad4d7d2c3c10021be0aa2ec76a24fc,2014-05,Cheshire Constabulary,Cheshire Constabulary,-2.440783,53.097370,On or near Sandon Street,E01018464,Cheshire East 039B,Criminal damage and arson,Investigation complete; no suspect identified,
616398a3dee5bc150c790acabb7238b9ec59f675a9d4e28d1536ad16ab3e7ad5,2014-05,Cheshire Constabulary,Cheshire Constabulary,-2.436910,53.095488,On or near Petrol Station,E01018464,Cheshire East 039B,Drugs,Offender given a drugs possession warning,
8050630e4555532a5ec6aa99c340adbf5ca6ada89afeedbdfd8e99cd9472a6ce,2014-05,Cheshire Constabulary,Cheshire Constabulary,-2.442276,53.095908,On or near Eaton Street,E01018464,Cheshire East 039B,Other theft,Investigation complete; no suspect identified,
a94b600997488170807417b4a7afdb44c79f5a045908c1fd1599fdf147a1837e,2014-05,Cheshire Constabulary,Cheshire Constabulary,-2.440395,53.098864,On or near Theatre/Concert Hall,E01018464,Cheshire East 039B,Public order,Awaiting court outcome,
e79a771fea523c1456d95c9b9bffcb06749e2781eb091606a421aa619aeeec9b,2014-05,Cheshire Constabulary,Cheshire Constabulary,-2.435667,53.098027,On or near Earle Street,E01018464,Cheshire East 039B,Shoplifting,Under investigation,
d31dbfb367d36486953372aad2177e10992e715632d38a9676bcba29fa7976fb,2014-05,Cheshire Constabulary,Cheshire Constabulary,-2.436910,53.095488,On or near Petrol Station,E01018464,Cheshire East 039B,Shoplifting,Under investigation,
90ca80a7db6a45bff17dda6999d6d7afb7e4f9874069545c648e17d484c5d3de,2014-05,Cheshire Constabulary,Cheshire Constabulary,-2.441751,53.100054,On or near Parking Area,E01018464,Cheshire East 039B,Shoplifting,Under investigation,
0f139e6950e275189f18a201a52b0c24115e04974fdefad3a9dc67e3811afda2,2014-05,Cheshire Constabulary,Cheshire Constabulary,-2.434051,53.094743,On or near Supermarket,E01018464,Cheshire East 039B,Shoplifting,Local resolution,
e9d9731e142a001d8e1a9e39a721ac5d5fc4e8d2f1f9f9741131036c0ef49e68,2014-05,Cheshire Constabulary,Cheshire Constabulary,-2.436910,53.095488,On or near Petrol Station,E01018464,Cheshire East 039B,Shoplifting,Local resolution,
086d663067d0c38aee767ff82f79b4c1d3a3e34024471a7ea2e66449a06b2855,2014-05,Cheshire Constabulary,Cheshire Constabulary,-2.435667,53.098027,On or near Earle Street,E01018464,Cheshire East 039B,Shoplifting,Under investigation,
07e36059cee4506f37cc37921a428b9efd4919a98bac0bafa1ca2bb665527988,2014-05,Cheshire Constabulary,Cheshire Constabulary,-2.440909,53.095140,On or near Parking Area,E01018464,Cheshire East 039B,Shoplifting,Offender given conditional discharge,
0841c29b3d075b2c6a784f5eae95d01f589602291780983fc42e6781bfc6a354,2014-05,Cheshire Constabulary,Cheshire Constabulary,-2.441701,53.098113,On or near Shopping Area,E01018464,Cheshire East 039B,Shoplifting,Awaiting court outcome,
920cbf64e742f4e817814ff065390d317936e3a96d3576497a9079c98a468263,2014-05,Cheshire Constabulary,Cheshire Constabulary,-2.441701,53.098113,On or near Shopping Area,E01018464,Cheshire East 039B,Shoplifting,Local resolution,
e4af328bff0dceb4dbbea69661413565d5159a83a6ff9411dc559464a8d64849,2014-05,Cheshire Constabulary,Cheshire Constabulary,-2.434051,53.094743,On or near Supermarket,E01018464,Cheshire East 039B,Shoplifting,Investigation complete; no suspect identified,
0569bd34e2db0e7d00c00095f3c990e1d88a44ba8271994071da9e95e95e9e42,2014-05,Cheshire Constabulary,Cheshire Constabulary,-2.436910,53.095488,On or near Petrol Station,E01018464,Cheshire East 039B,Shoplifting,Local resolution,
727db38f63d7196586b3fde51199a443ba8dc015201ae441bf0e0eba167525ad,2014-05,Cheshire Constabulary,Cheshire Constabulary,-2.441701,53.098113,On or near Shopping Area,E01018464,Cheshire East 039B,Shoplifting,Unable to prosecute suspect,
9a6a200044ad6c3fb405a35a083fb74c006ed38939c7c82fb5694e485656b589,2014-05,Cheshire Constabulary,Cheshire Constabulary,-2.434051,53.094743,On or near Supermarket,E01018464,Cheshire East 039B,Shoplifting,Under investigation,
9f20f6aca20ad1699778aa9ca916cf112522f1e919e9775da03d0c3e285cbc5f,2014-05,Cheshire Constabulary,Cheshire Constabulary,-2.436910,53.095488,On or near Petrol Station,E01018464,Cheshire East 039B,Shoplifting,Awaiting court outcome,
6b774bd2d79cc0c33661febd01042b61e461672941599416b0f3c4521f9f5ad3,2014-05,Cheshire Constabulary,Cheshire Constabulary,-2.434051,53.094743,On or near Supermarket,E01018464,Cheshire East 039B,Shoplifting,Investigation complete; no suspect identified,
2cb39a2edca35779c147bea97ca72d500ce7184805dd571e09f0bf367cad533d,2014-05,Cheshire Constabulary,Cheshire Constabulary,-2.436910,53.095488,On or near Petrol Station,E01018464,Cheshire East 039B,Shoplifting,Awaiting court outcome,
7b64a2ed7c6098963d61bd8f0e3ccb7508363f132a510ea5ea34c2865c6c6919,2014-05,Cheshire Constabulary,Cheshire Constabulary,-2.441158,53.099032,On or near Market Street,E01018464,Cheshire East 039B,Shoplifting,Under investigation,
9e7201a2f5655442525a78adf9558493073f3d634ff044226da21eb194a5ce26,2014-05,Cheshire Constabulary,Cheshire Constabulary,-2.441701,53.098113,On or near Shopping Area,E01018464,Cheshire East 039B,Shoplifting,Offender given penalty notice,
cf22185141dc3fa9a3759be62128555697a9fbd06eda45fc0a80e28b54609dce,2014-05,Cheshire Constabulary,Cheshire Constabulary,-2.436910,53.095488,On or near Petrol Station,E01018464,Cheshire East 039B,Shoplifting,Under investigation,
aa01f31e446cdd26ee108aa6004e69831c00be0fb6068a1cff95fb4f442534a4,2014-05,Cheshire Constabulary,Cheshire Constabulary,-2.442196,53.099801,On or near Gladstone Street,E01018464,Cheshire East 039B,Theft from the person,Unable to prosecute suspect,
cc9f356b487cd94f43fcd893166b5a6b0f23973d1c2c332c43596365810ad125,2014-05,Cheshire Constabulary,Cheshire Constabulary,-2.442196,53.099801,On or near Gladstone Street,E01018464,Cheshire East 039B,Theft from the person,Offender fined,
0bc5493acc348828c1d5c6696c542f4adbe5632fe04a2b8d0255266228586818,2014-05,Cheshire Constabulary,Cheshire Constabulary,-2.430419,53.100446,On or near Chestnut Grove,E01018464,Cheshire East 039B,Violence and sexual offences,Formal action is not in the public interest,
457341da15167233487d8d2245402fab8fa5b649786b6a45144ad600a176d2be,2014-05,Cheshire Constabulary,Cheshire Constabulary,-2.433573,53.099176,On or near March Street,E01018464,Cheshire East 039B,Violence and sexual offences,Awaiting court outcome,
30c77c83ff783e83b4ccfd42566b26ce39725a43cab5298b1d290c8987bdf9c0,2014-05,Cheshire Constabulary,Cheshire Constabulary,-2.442558,53.097202,On or near Chester Street,E01018464,Cheshire East 039B,Violence and sexual offences,Under investigation,
f74a8f362dadf3b31aad0587ce2777b4c37ab0e22dc99caf35dc4ac6a383c51a,2014-05,Cheshire Constabulary,Cheshire Constabulary,-2.432469,53.097823,On or near Manchester Bridge,E01018464,Cheshire East 039B,Violence and sexual offences,Under investigation,
07060cbddc49f8920a1a823d545bbe59aafc47f3337cdadaea3aa9a02a6ac6fa,2014-05,Cheshire Constabulary,Cheshire Constabulary,-2.434051,53.094743,On or near Supermarket,E01018464,Cheshire East 039B,Violence and sexual offences,Investigation complete; no suspect identified,
3bbd24f0f8639ca65f91ef47202dedbcefb4d3b42c591b9fdf37a3267ce1b1d5,2014-05,Cheshire Constabulary,Cheshire Constabulary,-2.441711,53.097645,On or near Market Square,E01018464,Cheshire East 039B,Violence and sexual offences,Formal action is not in the public interest,
0e1fda9601d023a4de7ecee6a913feb56a7e66e9d616218ac5708de29712e4fd,2014-05,Cheshire Constabulary,Cheshire Constabulary,-2.440909,53.095140,On or near Parking Area,E01018464,Cheshire East 039B,Violence and sexual offences,Under investigation,
,2014-05,Cheshire Constabulary,Cheshire Constabulary,-2.457264,53.095402,On or near Collins Street,E01018496,Cheshire East 039C,Anti-social behaviour,,
,2014-05,Cheshire Constabulary,Cheshire Constabulary,-2.458340,53.094059,On or near Rockwood Avenue,E01018496,Cheshire East 039C,Anti-social behaviour,,
,2014-05,Cheshire Constabulary,Cheshire Constabulary,-2.458340,53.094059,On or near Rockwood Avenue,E01018496,Cheshire East 039C,Anti-social behaviour,,
,2014-05,Cheshire Constabulary,Cheshire Constabulary,-2.460988,53.093159,On or near Albion Street,E01018496,Cheshire East 039C,Anti-social behaviour,,
,2014-05,Cheshire Constabulary,Cheshire Constabulary,-2.460479,53.091659,On or near Clyde Grove,E01018496,Cheshire East 039C,Anti-social behaviour,,
,2014-05,Cheshire Constabulary,Cheshire Constabulary,-2.460988,53.093159,On or near Albion Street,E01018496,Cheshire East 039C,Anti-social behaviour,,
,2014-05,Cheshire Constabulary,Cheshire Constabulary,-2.458340,53.094059,On or near Rockwood Avenue,E01018496,Cheshire East 039C,Anti-social behaviour,,
,2014-05,Cheshire Constabulary,Cheshire Constabulary,-2.460988,53.093159,On or near Albion Street,E01018496,Cheshire East 039C,Anti-social behaviour,,
,2014-05,Cheshire Constabulary,Cheshire Constabulary,-2.460988,53.093159,On or near Albion Street,E01018496,Cheshire East 039C,Anti-social behaviour,,
,2014-05,Cheshire Constabulary,Cheshire Constabulary,-2.456301,53.094732,On or near Alton Street,E01018496,Cheshire East 039C,Anti-social behaviour,,
1172f22cacaf7b9fc353ea07dc89dea6a45a68096d2940df723405e3e258bd70,2014-05,Cheshire Constabulary,Cheshire Constabulary,-2.456301,53.094732,On or near Alton Street,E01018496,Cheshire East 039C,Other theft,Under investigation,
bfad20a77b36e6b2941e0963bc88015b7a9831d86885ac863713988cfbd7f181,2014-05,Cheshire Constabulary,Cheshire Constabulary,-2.456301,53.094732,On or near Alton Street,E01018496,Cheshire East 039C,Other theft,Investigation complete; no suspect identified,
0bf86bb2c550b2ea2ce57a662df35d5f98ade895cddeb22f2d74d8fcd58c68b9,2014-05,Cheshire Constabulary,Cheshire Constabulary,-2.456301,53.094732,On or near Alton Street,E01018496,Cheshire East 039C,Theft from the person,Investigation complete; no suspect identified,
d87052430ba114e5f670847bf67139b3bd240ae99d0a645e726d03f1d8d6ac70,2014-05,Cheshire Constabulary,Cheshire Constabulary,-2.460479,53.091659,On or near Clyde Grove,E01018496,Cheshire East 039C,Vehicle crime,Investigation complete; no suspect identified,
b96043d8c38d0f420ceda7afc8664e33bc0e51001434e1d5b692300e6208aa27,2014-05,Cheshire Constabulary,Cheshire Constabulary,-2.456301,53.094732,On or near Alton Street,E01018496,Cheshire East 039C,Vehicle crime,Investigation complete; no suspect identified,
e7bfa9595d0a821e3f4abd05679cf030ee6fe298565bb3489136e3c7ef22b8df,2014-05,Cheshire Constabulary,Cheshire Constabulary,-2.461338,53.089615,On or near Billington Close,E01018496,Cheshire East 039C,Vehicle crime,Investigation complete; no suspect identified,
37c519a0eed3ff661e391151bb89cea17e871f3ca53d918e72a4898e4bbdd5d7,2014-05,Cheshire Constabulary,Cheshire Constabulary,-2.463481,53.088951,On or near Nursery Close,E01018496,Cheshire East 039C,Vehicle crime,Investigation complete; no suspect identified,
c65b78ee80de03c53820771d21b297dc686a054ec60844a6a76b27bc1615e66d,2014-05,Cheshire Constabulary,Cheshire Constabulary,-2.455267,53.093001,On or near Walford Avenue,E01018496,Cheshire East 039C,Vehicle crime,Investigation complete; no suspect identified,
075c47c9bdce3c0a45d240621943acedda0401d53e2a654dd690f0e180825762,2014-05,Cheshire Constabulary,Cheshire Constabulary,-2.460479,53.091659,On or near Clyde Grove,E01018496,Cheshire East 039C,Violence and sexual offences,Unable to prosecute suspect,
,2014-05,Cheshire Constabulary,Cheshire Constabulary,-2.448410,53.094115,On or near Sports/Recreation Area,E01018497,Cheshire East 039D,Anti-social behaviour,,
,2014-05,Cheshire Constabulary,Cheshire Constabulary,-2.448830,53.095722,On or near Lewis Street,E01018497,Cheshire East 039D,Anti-social behaviour,,
,2014-05,Cheshire Constabulary,Cheshire Constabulary,-2.446802,53.093141,On or near Ruskin Road,E01018497,Cheshire East 039D,Anti-social behaviour,,
,2014-05,Cheshire Constabulary,Cheshire Constabulary,-2.448410,53.094115,On or near Sports/Recreation Area,E01018497,Cheshire East 039D,Anti-social behaviour,,
,2014-05,Cheshire Constabulary,Cheshire Constabulary,-2.448297,53.093315,On or near Stamford Avenue,E01018497,Cheshire East 039D,Anti-social behaviour,,
,2014-05,Cheshire Constabulary,Cheshire Constabulary,-2.448830,53.095722,On or near Lewis Street,E01018497,Cheshire East 039D,Anti-social behaviour,,
,2014-05,Cheshire Constabulary,Cheshire Constabulary,-2.450116,53.095915,On or near Bridle Road,E01018497,Cheshire East 039D,Anti-social behaviour,,
bdbb3bd21f0b0a22fc9673e7d171de4ba39fdf2c728c0e6a14016de806b5ac6c,2014-05,Cheshire Constabulary,Cheshire Constabulary,-2.450116,53.095915,On or near Bridle Road,E01018497,Cheshire East 039D,Bicycle theft,Investigation complete; no suspect identified,
5cec7453328d7c3327e5f9c998d04d38c414ff376f577bb138230f3f20a6c6fa,2014-05,Cheshire Constabulary,Cheshire Constabulary,-2.448810,53.095237,On or near Flag Lane,E01018497,Cheshire East 039D,Criminal damage and arson,Investigation complete; no suspect identified,
a5234216354695f76dce20e6378bc9a6250b43d54339a5516140265f33cebe83,2014-05,Cheshire Constabulary,Cheshire Constabulary,-2.448830,53.095722,On or near Lewis Street,E01018497,Cheshire East 039D,Criminal damage and arson,Unable to prosecute suspect,
960dc0333c7e3d8931ef9427fe751be2ff17873cc980fddd9108c55f69644878,2014-05,Cheshire Constabulary,Cheshire Constabulary,-2.447046,53.095064,On or near Duke Street,E01018497,Cheshire East 039D,Other theft,Investigation complete; no suspect identified,
8cb8a6e8cbb37ab039962b4010ca7d05c74396bea574740ed40419d1e4c31de7,2014-05,Cheshire Constabulary,Cheshire Constabulary,-2.450116,53.095915,On or near Bridle Road,E01018497,Cheshire East 039D,Other theft,Investigation complete; no suspect identified,
b24f0c43bc1037328fe26a6f004e85ef495515b40eafe3f040a83968fb4110ba,2014-05,Cheshire Constabulary,Cheshire Constabulary,-2.449049,53.095254,On or near Wistaston Road,E01018497,Cheshire East 039D,Robbery,Under investigation,
,2014-05,Cheshire Constabulary,Cheshire Constabulary,-2.460901,53.094768,On or near Bowen Street,E01018498,Cheshire East 039E,Anti-social behaviour,,
,2014-05,Cheshire Constabulary,Cheshire Constabulary,-2.461176,53.098174,On or near Coppenhall Heyes,E01018498,Cheshire East 039E,Anti-social behaviour,,
,2014-05,Cheshire Constabulary,Cheshire Constabulary,-2.466255,53.098316,On or near Queen'S Park Drive,E01018498,Cheshire East 039E,Anti-social behaviour,,
,2014-05,Cheshire Constabulary,Cheshire Constabulary,-2.462345,53.095751,On or near Brookdale Park,E01018498,Cheshire East 039E,Anti-social behaviour,,
,2014-05,Cheshire Constabulary,Cheshire Constabulary,-2.461722,53.097497,On or near Victoria Avenue,E01018498,Cheshire East 039E,Anti-social behaviour,,
,2014-05,Cheshire Constabulary,Cheshire Constabulary,-2.465072,53.097979,On or near Petrol Station,E01018498,Cheshire East 039E,Anti-social behaviour,,
,2014-05,Cheshire Constabulary,Cheshire Constabulary,-2.460901,53.094768,On or near Bowen Street,E01018498,Cheshire East 039E,Anti-social behaviour,,
,2014-05,Cheshire Constabulary,Cheshire Constabulary,-2.462345,53.095751,On or near Brookdale Park,E01018498,Cheshire East 039E,Anti-social behaviour,,
,2014-05,Cheshire Constabulary,Cheshire Constabulary,-2.464031,53.094243,On or near Davenham Crescent,E01018498,Cheshire East 039E,Anti-social behaviour,,
,2014-05,Cheshire Constabulary,Cheshire Constabulary,-2.464031,53.094243,On or near Davenham Crescent,E01018498,Cheshire East 039E,Anti-social behaviour,,
,2014-05,Cheshire Constabulary,Cheshire Constabulary,-2.461119,53.098435,On or near Latimer Drive,E01018498,Cheshire East 039E,Anti-social behaviour,,
,2014-05,Cheshire Constabulary,Cheshire Constabulary,-2.462873,53.093457,On or near Doddington Road,E01018498,Cheshire East 039E,Anti-social behaviour,,
35ad1fa11cb0e4faacc43fca7223c680cd69072191aab7a6bc8ce2bd03e0e77f,2014-05,Cheshire Constabulary,Cheshire Constabulary,-2.463719,53.098532,On or near Morgan Close,E01018498,Cheshire East 039E,Burglary,Investigation complete; no suspect identified,
3895ed53e84121b693c0308096b38657e288be89bf077351e3aef13a71b96074,2014-05,Cheshire Constabulary,Cheshire Constabulary,-2.467329,53.099516,On or near Fairburn Avenue,E01018498,Cheshire East 039E,Criminal damage and arson,Awaiting court outcome,
d269918cb7e48e9fd29a45750940234dfeb17c9b9bb689925ac190d01aa9dd67,2014-05,Cheshire Constabulary,Cheshire Constabulary,-2.460901,53.094768,On or near Bowen Street,E01018498,Cheshire East 039E,Criminal damage and arson,Unable to prosecute suspect,
67ddfda02c4ec8087aed64184ed21f1359590d2b372d04ffcb1081bd1e51e8c1,2014-05,Cheshire Constabulary,Cheshire Constabulary,-2.464031,53.094243,On or near Davenham Crescent,E01018498,Cheshire East 039E,Criminal damage and arson,Investigation complete; no suspect identified,
aa5455b8aeefafbb0d1a7ef44ec63795bbc19bbc79ce5a278c566a08f9712bb3,2014-05,Cheshire Constabulary,Cheshire Constabulary,-2.466255,53.098316,On or near Queen'S Park Drive,E01018498,Cheshire East 039E,Criminal damage and arson,Investigation complete; no suspect identified,
9ffb342d0eea09e2dc1bdd6b60552556a6a7e451b9244ab024a82af9e01d7dca,2014-05,Cheshire Constabulary,Cheshire Constabulary,-2.460901,53.094768,On or near Bowen Street,E01018498,Cheshire East 039E,Criminal damage and arson,Unable to prosecute suspect,
ec5831e675b9162bf1a135e6cc63d79d3268e89aee89bc3c4686c21669de470c,2014-05,Cheshire Constabulary,Cheshire Constabulary,-2.467329,53.099516,On or near Fairburn Avenue,E01018498,Cheshire East 039E,Criminal damage and arson,Offender sent to prison,
b3608575b40942d49aa387740b4a3dd78b6c91d0d1bf1e61e9e363ced72c3e77,2014-05,Cheshire Constabulary,Cheshire Constabulary,-2.466255,53.098316,On or near Queen'S Park Drive,E01018498,Cheshire East 039E,Criminal damage and arson,Investigation complete; no suspect identified,
5b80519b70048e3c33efd35063768caf60f37dc11c3c81c23a88f16b021f3dbe,2014-05,Cheshire Constabulary,Cheshire Constabulary,-2.467329,53.099516,On or near Fairburn Avenue,E01018498,Cheshire East 039E,Other theft,Investigation complete; no suspect identified,
c9c6ea277ae57f8cf0ea4572b1a90024448015a13ac3d2551273b9ed013766ab,2014-05,Cheshire Constabulary,Cheshire Constabulary,-2.460901,53.094768,On or near Bowen Street,E01018498,Cheshire East 039E,Other theft,Investigation complete; no suspect identified,
191e6acbea75abaaeb2ce1c8b4db4978eed60c7ea803c932f52f9bc256f97ad0,2014-05,Cheshire Constabulary,Cheshire Constabulary,-2.467329,53.099516,On or near Fairburn Avenue,E01018498,Cheshire East 039E,Vehicle crime,Under investigation,
cc66637afa41061ebf0c9c3004c5c85bff86d92927e9b5a1266b555487966766,2014-05,Cheshire Constabulary,Cheshire Constabulary,-2.466255,53.098316,On or near Queen'S Park Drive,E01018498,Cheshire East 039E,Vehicle crime,Investigation complete; no suspect identified,
0f2ad2310fdd199adeb76df14af587ce8ab1017f75a8521011dc292fb0e5d5c9,2014-05,Cheshire Constabulary,Cheshire Constabulary,-2.460901,53.094768,On or near Bowen Street,E01018498,Cheshire East 039E,Violence and sexual offences,Under investigation,
9133982b683fbd454f20cda1160d60823dcd0f9e2f361c5258c573a94a4bd06b,2014-05,Cheshire Constabulary,Cheshire Constabulary,-2.467329,53.099516,On or near Fairburn Avenue,E01018498,Cheshire East 039E,Violence and sexual offences,Local resolution,
a40ad82c562ba3f58bf1d1b9de8db20ec677f50ee59f2ec39b595627a9a283a8,2014-05,Cheshire Constabulary,Cheshire Constabulary,-2.467329,53.099516,On or near Fairburn Avenue,E01018498,Cheshire East 039E,Violence and sexual offences,Awaiting court outcome,
,2014-05,Cheshire Constabulary,Cheshire Constabulary,-2.301482,53.100196,On or near The Rode,E01018388,Cheshire East 040B,Anti-social behaviour,,
,2014-05,Cheshire Constabulary,Cheshire Constabulary,-2.304582,53.099199,On or near Fairview Avenue,E01018388,Cheshire East 040B,Anti-social behaviour,,
,2014-05,Cheshire Constabulary,Cheshire Constabulary,-2.298340,53.099377,On or near Elm Grove,E01018388,Cheshire East 040B,Anti-social behaviour,,
3dade2efefe1c94651ce3abf9c117235be6d684c2782cf42c03b340e24a8719f,2014-05,Cheshire Constabulary,Cheshire Constabulary,-2.301482,53.100196,On or near The Rode,E01018388,Cheshire East 040B,Drugs,Offender given a caution,
d7c00724d2320b78c11f7ab42d7ec18aa81c100251021c6711b3bc8715c89ecf,2014-05,Cheshire Constabulary,Cheshire Constabulary,-2.304582,53.099199,On or near Fairview Avenue,E01018388,Cheshire East 040B,Drugs,Offender given a caution,
5def9d381861dc01e96d1dbd4cdc3dd22dc92cde7b1619ca4cba2b2dc3a37979,2014-05,Cheshire Constabulary,Cheshire Constabulary,-2.294351,53.099081,On or near Percy James Close,E01018388,Cheshire East 040B,Other theft,Awaiting court outcome,
84790362020c570b158995c2887940a9bd572120f87bfab0504bb7e1d8f4fa73,2014-05,Cheshire Constabulary,Cheshire Constabulary,-2.294351,53.099081,On or near Percy James Close,E01018388,Cheshire East 040B,Vehicle crime,Investigation complete; no suspect identified,
c35d8d9f89c0520ce97527ba46beab53467a11b51a6dac52ee804c42011243d0,2014-05,Cheshire Constabulary,Cheshire Constabulary,-2.298230,53.100734,On or near Woodside Avenue,E01018388,Cheshire East 040B,Violence and sexual offences,Awaiting court outcome,
614a67f4db6dc77f623aa6d30407ed8667599bc0c031db006d6534fe02296460,2014-05,Cheshire Constabulary,Cheshire Constabulary,-2.298230,53.100734,On or near Woodside Avenue,E01018388,Cheshire East 040B,Violence and sexual offences,Awaiting court outcome,
a9c31c4b4113d2cfd3b0a4d24e93dac76fbc99a58e65c79d59e84c516bb8bd6a,2014-05,Cheshire Constabulary,Cheshire Constabulary,-2.301482,53.100196,On or near The Rode,E01018388,Cheshire East 040B,Violence and sexual offences,Under investigation,
0ec57644cbd8b9ff641f581a05472efb25845c0dcd9c5504f896ea6ad5cfc31b,2014-05,Cheshire Constabulary,Cheshire Constabulary,-2.301482,53.100196,On or near The Rode,E01018388,Cheshire East 040B,Violence and sexual offences,Awaiting court outcome,
,2014-05,Cheshire Constabulary,Cheshire Constabulary,-2.303011,53.096776,On or near Supermarket,E01018389,Cheshire East 040C,Anti-social behaviour,,
,2014-05,Cheshire Constabulary,Cheshire Constabulary,-2.304742,53.094479,On or near Brookhouse Road,E01018389,Cheshire East 040C,Anti-social behaviour,,
,2014-05,Cheshire Constabulary,Cheshire Constabulary,-2.304742,53.094479,On or near Brookhouse Road,E01018389,Cheshire East 040C,Anti-social behaviour,,
,2014-05,Cheshire Constabulary,Cheshire Constabulary,-2.303011,53.096776,On or near Supermarket,E01018389,Cheshire East 040C,Anti-social behaviour,,
,2014-05,Cheshire Constabulary,Cheshire Constabulary,-2.294187,53.092618,On or near Talke Road,E01018389,Cheshire East 040C,Anti-social behaviour,,
,2014-05,Cheshire Constabulary,Cheshire Constabulary,-2.298314,53.093453,On or near Ashmead Mews,E01018389,Cheshire East 040C,Anti-social behaviour,,
,2014-05,Cheshire Constabulary,Cheshire Constabulary,-2.298314,53.093453,On or near Ashmead Mews,E01018389,Cheshire East 040C,Anti-social behaviour,,
b7361a8a9779f3e55bd609778a93c94dddc3bb4d8a8ea842d8c7cfef1aaeda22,2014-05,Cheshire Constabulary,Cheshire Constabulary,-2.304742,53.094479,On or near Brookhouse Road,E01018389,Cheshire East 040C,Criminal damage and arson,Investigation complete; no suspect identified,
aa728057ebff842d17959fe0a0ab12383eed5f128305948ec66b1ef2f4fd4ee2,2014-05,Cheshire Constabulary,Cheshire Constabulary,-2.303011,53.096776,On or near Supermarket,E01018389,Cheshire East 040C,Other theft,Investigation complete; no suspect identified,
60097899d2a8028c2bf6392a21b49744a0c97cb2a19733e396d82a1f4c301f90,2014-05,Cheshire Constabulary,Cheshire Constabulary,-2.303011,53.096776,On or near Supermarket,E01018389,Cheshire East 040C,Public order,Under investigation,
b5be04a947ecbe5a0631052f3475aee442a84138e6b7f566beaa255bf89502aa,2014-05,Cheshire Constabulary,Cheshire Constabulary,-2.303011,53.096776,On or near Supermarket,E01018389,Cheshire East 040C,Shoplifting,Investigation complete; no suspect identified,
0dc8be71aadb07366208056256bfde3edc0671bc49ad36b14eb79eb5280775cb,2014-05,Cheshire Constabulary,Cheshire Constabulary,-2.303011,53.096776,On or near Supermarket,E01018389,Cheshire East 040C,Shoplifting,Local resolution,
c0fa51a6874dc9c37fa3e50a33e469676e64e38da46b8e5c220c71f6e4bed1e3,2014-05,Cheshire Constabulary,Cheshire Constabulary,-2.303011,53.096776,On or near Supermarket,E01018389,Cheshire East 040C,Violence and sexual offences,Under investigation,
,2014-05,Cheshire Constabulary,Cheshire Constabulary,-2.295063,53.091960,On or near Holly Lane,E01018390,Cheshire East 040D,Anti-social behaviour,,
,2014-05,Cheshire Constabulary,Cheshire Constabulary,-2.291699,53.091339,On or near Joseph Crescent,E01018390,Cheshire East 040D,Anti-social behaviour,,
,2014-05,Cheshire Constabulary,Cheshire Constabulary,-2.284478,53.092121,On or near Hazel Grove,E01018390,Cheshire East 040D,Anti-social behaviour,,
,2014-05,Cheshire Constabulary,Cheshire Constabulary,-2.287528,53.090522,On or near Wayside Linley,E01018390,Cheshire East 040D,Anti-social behaviour,,
59980805cde4358403f94502003d5edd2ee3a9a35765a7cc839abc158dfc204d,2014-05,Cheshire Constabulary,Cheshire Constabulary,-2.286737,53.092753,On or near Linley Grove,E01018390,Cheshire East 040D,Violence and sexual offences,Under investigation,
79c6bb1a42c208c9a1f88204995209d5b2176d7254a06e4017b544562eb999d7,2014-05,Cheshire Constabulary,Cheshire Constabulary,-2.290599,53.089859,On or near Craig Walk,E01018390,Cheshire East 040D,Violence and sexual offences,Under investigation,
,2014-05,Cheshire Constabulary,Cheshire Constabulary,-2.387292,53.059478,On or near Golden Hill,E01018465,Cheshire East 041A,Anti-social behaviour,,
,2014-05,Cheshire Constabulary,Cheshire Constabulary,-2.376876,53.085068,On or near Butterton Lane,E01018465,Cheshire East 041A,Anti-social behaviour,,
,2014-05,Cheshire Constabulary,Cheshire Constabulary,-2.333262,53.084497,On or near No 1 Road North,E01018465,Cheshire East 041A,Anti-social behaviour,,
481500c06a6e4a4bbab0e5b253df35b4d5ecd1f6518597d35193b7b3ee7ed4b6,2014-05,Cheshire Constabulary,Cheshire Constabulary,-2.346089,53.069943,On or near Radway Green Road,E01018465,Cheshire East 041A,Other theft,Investigation complete; no suspect identified,
88f6414c0a8c22630ef3b416debf59e06f77afa9808a7e0df39d0e967703bcdc,2014-05,Cheshire Constabulary,Cheshire Constabulary,-2.398706,53.067558,On or near Smithy Lane,E01018465,Cheshire East 041A,Other theft,Investigation complete; no suspect identified,
0f0ec63504b013628b33a9b192b0ffc34f861f8526a555b6e93bdef9a1611cab,2014-05,Cheshire Constabulary,Cheshire Constabulary,-2.343058,53.065997,On or near Audley Road,E01018465,Cheshire East 041A,Other theft,Under investigation,
1b192469e4cea9e0cb6b4f37269b99559db873238db4de857a131fbc2915344e,2014-05,Cheshire Constabulary,Cheshire Constabulary,-2.359420,53.072088,On or near Barthomley Road,E01018465,Cheshire East 041A,Other theft,Investigation complete; no suspect identified,
,2014-05,Cheshire Constabulary,Cheshire Constabulary,-2.401716,53.097499,On or near Bold Street,E01018468,Cheshire East 041B,Anti-social behaviour,,
,2014-05,Cheshire Constabulary,Cheshire Constabulary,-2.396374,53.096331,On or near Rhodes Close,E01018468,Cheshire East 041B,Anti-social behaviour,,
69761c71680c5d50c3d8cc37235d9e8a4d9d3c354f306e023c10296d37b89955,2014-05,Cheshire Constabulary,Cheshire Constabulary,-2.401812,53.096618,On or near Wellesley Avenue,E01018468,Cheshire East 041B,Drugs,Under investigation,
47a33ec769d5bb4dcfaa7ea03c6c473bb2e5c70e51efd391fcd8a28901e0b37a,2014-05,Cheshire Constabulary,Cheshire Constabulary,-2.403912,53.100791,On or near Melbourne Grove,E01018468,Cheshire East 041B,Vehicle crime,Investigation complete; no suspect identified,
fcba38cfa22cdcd3fc8362d161a6bf2720c64e4f0e1c77acc2cf6178711f766f,2014-05,Cheshire Constabulary,Cheshire Constabulary,-2.404915,53.096230,On or near Crewe Green Avenue,E01018468,Cheshire East 041B,Violence and sexual offences,Unable to prosecute suspect,
,2014-05,Cheshire Constabulary,Cheshire Constabulary,-2.399632,53.124015,On or near Park/Open Space,E01018469,Cheshire East 041C,Anti-social behaviour,,
,2014-05,Cheshire Constabulary,Cheshire Constabulary,-2.393588,53.101940,On or near Supermarket,E01018469,Cheshire East 041C,Anti-social behaviour,,
,2014-05,Cheshire Constabulary,Cheshire Constabulary,-2.393588,53.101940,On or near Supermarket,E01018469,Cheshire East 041C,Anti-social behaviour,,
,2014-05,Cheshire Constabulary,Cheshire Constabulary,-2.394730,53.109218,On or near Sports/Recreation Area,E01018469,Cheshire East 041C,Anti-social behaviour,,
89e069888b32e36af7ff40219f6c04b09d3b846f9a4cbad23caf2337cae87442,2014-05,Cheshire Constabulary,Cheshire Constabulary,-2.392848,53.096136,On or near South Avenue,E01018469,Cheshire East 041C,Burglary,Under investigation,
d26e1090a44e97e0be4baf70e227d5f0003ae1523b1eaed493595dedee5351da,2014-05,Cheshire Constabulary,Cheshire Constabulary,-2.392620,53.103948,On or near Delves Broughton Court,E01018469,Cheshire East 041C,Other theft,Under investigation,
3893acbb5bd6affc436c1469d5a85cc19f2bea0c0f97a27d7e1ed90aa013d3ff,2014-05,Cheshire Constabulary,Cheshire Constabulary,-2.399632,53.124015,On or near Park/Open Space,E01018469,Cheshire East 041C,Other theft,Under investigation,
5919b425d4f62d55200975260063c93de6b66a8c540e4cf6a1cad08054b4e7ec,2014-05,Cheshire Constabulary,Cheshire Constabulary,-2.393588,53.101940,On or near Supermarket,E01018469,Cheshire East 041C,Shoplifting,Offender given suspended prison sentence,
44ed0373c9a8e6bda166fdd83a7b13c6e6c6dfccfeb6e53b19a526c10804fa8f,2014-05,Cheshire Constabulary,Cheshire Constabulary,-2.399632,53.124015,On or near Park/Open Space,E01018469,Cheshire East 041C,Shoplifting,Investigation complete; no suspect identified,
b6deba77c68dff246cc0f246e03700fdb988adad74ddc9901264bf7972e98405,2014-05,Cheshire Constabulary,Cheshire Constabulary,-2.385289,53.105896,On or near Crewe Road,E01018469,Cheshire East 041C,Violence and sexual offences,Under investigation,
d75fa58bc1fdbc2bf5b38503c741ed32554af5ca9133461fa63ac707710e0bfe,2014-05,Cheshire Constabulary,Cheshire Constabulary,-2.394595,53.102710,On or near Gutterscroft,E01018469,Cheshire East 041C,Violence and sexual offences,Awaiting court outcome,
,2014-05,Cheshire Constabulary,Cheshire Constabulary,-2.382837,53.112313,On or near Newtons Lane,E01018470,Cheshire East 041D,Anti-social behaviour,,
,2014-05,Cheshire Constabulary,Cheshire Constabulary,-2.381457,53.111760,On or near Nesfield Court,E01018470,Cheshire East 041D,Anti-social behaviour,,
,2014-05,Cheshire Constabulary,Cheshire Constabulary,-2.381457,53.111760,On or near Nesfield Court,E01018470,Cheshire East 041D,Anti-social behaviour,,
,2014-05,Cheshire Constabulary,Cheshire Constabulary,-2.376857,53.116997,On or near Hollyfields,E01018470,Cheshire East 041D,Anti-social behaviour,,
028a8da1d251e6f6b189cc2b0fce1690422523df4faf62b1c95651ce42b5341c,2014-05,Cheshire Constabulary,Cheshire Constabulary,-2.381457,53.111760,On or near Nesfield Court,E01018470,Cheshire East 041D,Criminal damage and arson,Investigation complete; no suspect identified,
,2014-05,Cheshire Constabulary,Cheshire Constabulary,-2.397393,53.103204,On or near Pelham Close,E01018471,Cheshire East 041E,Anti-social behaviour,,
fec28d1d63085e417eea714d3311d3632265e917c1bc7010de9b89590c59a791,2014-05,Cheshire Constabulary,Cheshire Constabulary,-2.398730,53.102373,On or near Grenville Close,E01018471,Cheshire East 041E,Other theft,Investigation complete; no suspect identified,
6b088cc87c72badb59d84b495b40dc0637ebecda432c74cf3b4c44f70af0d5ba,2014-05,Cheshire Constabulary,Cheshire Constabulary,-2.401817,53.100331,On or near Campbell Close,E01018471,Cheshire East 041E,Other theft,Investigation complete; no suspect identified,
4f818969d99d902092d200e91c1f16aa0efb40400df4207997d4fe47ed234ed6,2014-05,Cheshire Constabulary,Cheshire Constabulary,-2.398730,53.102373,On or near Grenville Close,E01018471,Cheshire East 041E,Other theft,Investigation complete; no suspect identified,
42f598509647bdc4811fce74f869d8f3136083ae384b1fe1e628bff2835d89a8,2014-05,Cheshire Constabulary,Cheshire Constabulary,-2.395408,53.105035,On or near The Dingle,E01018471,Cheshire East 041E,Possession of weapons,Awaiting court outcome,
,2014-05,Cheshire Constabulary,Cheshire Constabulary,-2.321525,53.100224,On or near Further/Higher Educational Building,E01018386,Cheshire East 042A,Anti-social behaviour,,
,2014-05,Cheshire Constabulary,Cheshire Constabulary,-2.309841,53.095356,On or near Cross Street,E01018386,Cheshire East 042A,Anti-social behaviour,,
,2014-05,Cheshire Constabulary,Cheshire Constabulary,-2.306391,53.097388,On or near Green Drive,E01018386,Cheshire East 042A,Anti-social behaviour,,
,2014-05,Cheshire Constabulary,Cheshire Constabulary,-2.306890,53.096182,On or near Supermarket,E01018386,Cheshire East 042A,Anti-social behaviour,,
,2014-05,Cheshire Constabulary,Cheshire Constabulary,-2.306890,53.096182,On or near Supermarket,E01018386,Cheshire East 042A,Anti-social behaviour,,
,2014-05,Cheshire Constabulary,Cheshire Constabulary,-2.315525,53.098649,On or near Sports/Recreation Area,E01018386,Cheshire East 042A,Anti-social behaviour,,
,2014-05,Cheshire Constabulary,Cheshire Constabulary,-2.307535,53.096576,On or near The Avenue,E01018386,Cheshire East 042A,Anti-social behaviour,,
,2014-05,Cheshire Constabulary,Cheshire Constabulary,-2.321525,53.100224,On or near Further/Higher Educational Building,E01018386,Cheshire East 042A,Anti-social behaviour,,
856a6b63ba1cd955deaad4da229ef92e03d690b8c71826cdf8c8d8f9453e576a,2014-05,Cheshire Constabulary,Cheshire Constabulary,-2.306391,53.097388,On or near Green Drive,E01018386,Cheshire East 042A,Bicycle theft,Investigation complete; no suspect identified,
5afdd3568059a06e2677c4132c92b08e9c6a191a6a351026aa63d2b6374b6662,2014-05,Cheshire Constabulary,Cheshire Constabulary,-2.306890,53.096182,On or near Supermarket,E01018386,Cheshire East 042A,Criminal damage and arson,Investigation complete; no suspect identified,
38f36daa4b92eca0b24163b8460da49415f540647a8059896590b158af6be5fe,2014-05,Cheshire Constabulary,Cheshire Constabulary,-2.309841,53.095356,On or near Cross Street,E01018386,Cheshire East 042A,Criminal damage and arson,Investigation complete; no suspect identified,
8a2b71350c3357517347a9eb9157f3772561bf6e6ed39593da718572f0ede585,2014-05,Cheshire Constabulary,Cheshire Constabulary,-2.309841,53.095356,On or near Cross Street,E01018386,Cheshire East 042A,Criminal damage and arson,Investigation complete; no suspect identified,
de860c41de3d86778edb9a726513f433986537fb74da958587ba3e92566c305d,2014-05,Cheshire Constabulary,Cheshire Constabulary,-2.316184,53.100967,On or near Harpur Crescent,E01018386,Cheshire East 042A,Drugs,Offender given a caution,
79f75cf5b5af6a6230e9055630885c1f1faf86b80cf861b052ea77bf653605e9,2014-05,Cheshire Constabulary,Cheshire Constabulary,-2.315525,53.098649,On or near Sports/Recreation Area,E01018386,Cheshire East 042A,Other theft,Investigation complete; no suspect identified,
,2014-05,Cheshire Constabulary,Cheshire Constabulary,-2.311661,53.095064,On or near Parking Area,E01018391,Cheshire East 042B,Anti-social behaviour,,
,2014-05,Cheshire Constabulary,Cheshire Constabulary,-2.330034,53.093774,On or near Mawdsley Close,E01018391,Cheshire East 042B,Anti-social behaviour,,
,2014-05,Cheshire Constabulary,Cheshire Constabulary,-2.325929,53.094046,On or near Moss Fields,E01018391,Cheshire East 042B,Anti-social behaviour,,
,2014-05,Cheshire Constabulary,Cheshire Constabulary,-2.328768,53.092276,On or near Dickinson Way,E01018391,Cheshire East 042B,Anti-social behaviour,,
,2014-05,Cheshire Constabulary,Cheshire Constabulary,-2.328768,53.092276,On or near Dickinson Way,E01018391,Cheshire East 042B,Anti-social behaviour,,
49cab47393d40e0fdde2d36a3a0f03205551cfe838e1ed22388180cc4403a6d1,2014-05,Cheshire Constabulary,Cheshire Constabulary,-2.329878,53.094880,On or near Weaver Close,E01018391,Cheshire East 042B,Violence and sexual offences,Awaiting court outcome,
,2014-05,Cheshire Constabulary,Cheshire Constabulary,-2.316555,53.096597,On or near Beechwood Drive,E01018392,Cheshire East 042C,Anti-social behaviour,,
,2014-05,Cheshire Constabulary,Cheshire Constabulary,-2.435948,53.090394,On or near Parking Area,E01018486,Cheshire East 043A,Anti-social behaviour,,
,2014-05,Cheshire Constabulary,Cheshire Constabulary,-2.438549,53.090717,On or near Wesley Place,E01018486,Cheshire East 043A,Anti-social behaviour,,
,2014-05,Cheshire Constabulary,Cheshire Constabulary,-2.435948,53.090394,On or near Parking Area,E01018486,Cheshire East 043A,Anti-social behaviour,,
,2014-05,Cheshire Constabulary,Cheshire Constabulary,-2.438549,53.090717,On or near Wesley Place,E01018486,Cheshire East 043A,Anti-social behaviour,,
,2014-05,Cheshire Constabulary,Cheshire Constabulary,-2.442045,53.089392,On or near Broady Court,E01018486,Cheshire East 043A,Anti-social behaviour,,
,2014-05,Cheshire Constabulary,Cheshire Constabulary,-2.442349,53.089966,On or near Brooklyn Street,E01018486,Cheshire East 043A,Anti-social behaviour,,
,2014-05,Cheshire Constabulary,Cheshire Constabulary,-2.437963,53.090333,On or near Herdman Street,E01018486,Cheshire East 043A,Anti-social behaviour,,
,2014-05,Cheshire Constabulary,Cheshire Constabulary,-2.444348,53.088350,On or near Furnival Street,E01018486,Cheshire East 043A,Anti-social behaviour,,
,2014-05,Cheshire Constabulary,Cheshire Constabulary,-2.436182,53.089899,On or near Police Station,E01018486,Cheshire East 043A,Anti-social behaviour,,
,2014-05,Cheshire Constabulary,Cheshire Constabulary,-2.437963,53.090333,On or near Herdman Street,E01018486,Cheshire East 043A,Anti-social behaviour,,
,2014-05,Cheshire Constabulary,Cheshire Constabulary,-2.437963,53.090333,On or near Herdman Street,E01018486,Cheshire East 043A,Anti-social behaviour,,
,2014-05,Cheshire Constabulary,Cheshire Constabulary,-2.436012,53.089307,On or near Nantwich Road,E01018486,Cheshire East 043A,Anti-social behaviour,,
,2014-05,Cheshire Constabulary,Cheshire Constabulary,-2.438549,53.090717,On or near Wesley Place,E01018486,Cheshire East 043A,Anti-social behaviour,,
69f3bf5a17669e512284b2230c14ba54c445584b9f5d9c5abc5680baee824dd0,2014-05,Cheshire Constabulary,Cheshire Constabulary,-2.443603,53.091319,On or near Stalbridge Road,E01018486,Cheshire East 043A,Burglary,Investigation complete; no suspect identified,
0878bd2cc26d501a6d52e54c1cc47a872c27ea7722deb8eb8a9fd359303779b1,2014-05,Cheshire Constabulary,Cheshire Constabulary,-2.443603,53.091319,On or near Stalbridge Road,E01018486,Cheshire East 043A,Other theft,Investigation complete; no suspect identified,
e03b13ab6569ebb9580ee7c8a778a75f9f2fa8fd9123d0551fcbba6dfba67eb5,2014-05,Cheshire Constabulary,Cheshire Constabulary,-2.441503,53.088972,On or near Supermarket,E01018486,Cheshire East 043A,Shoplifting,Investigation complete; no suspect identified,
aa473a92d57dbaa5423035e08b235ae3efb041d09d8857b29f568d4a325534ec,2014-05,Cheshire Constabulary,Cheshire Constabulary,-2.441503,53.088972,On or near Supermarket,E01018486,Cheshire East 043A,Shoplifting,Unable to prosecute suspect,
c8a9d8026866dfe3be1a1ddf76d19798e6177ce5c57b9ecfd4d092bd167e6e12,2014-05,Cheshire Constabulary,Cheshire Constabulary,-2.441503,53.088972,On or near Supermarket,E01018486,Cheshire East 043A,Shoplifting,Investigation complete; no suspect identified,
53a2c375d6a4dbf53adedf08fa5e553c6aa76c9d84076c291c3819e8d1ad20d2,2014-05,Cheshire Constabulary,Cheshire Constabulary,-2.441503,53.088972,On or near Supermarket,E01018486,Cheshire East 043A,Shoplifting,Awaiting court outcome,
a8af6ef1dc72bab69c3ed14183bb191bc4483945d8fa6afd7b8927026bea426a,2014-05,Cheshire Constabulary,Cheshire Constabulary,-2.436012,53.089307,On or near Nantwich Road,E01018486,Cheshire East 043A,Vehicle crime,Investigation complete; no suspect identified,
230f8a21211f09a12b0fee6f7fa817ac563d0f60ff82e93cf01919f444453a72,2014-05,Cheshire Constabulary,Cheshire Constabulary,-2.440035,53.090002,On or near Camm Street,E01018486,Cheshire East 043A,Vehicle crime,Investigation complete; no suspect identified,
c1aa00af1f6c0a64682203391bfd952a798304700179e830968510dd27445f4d,2014-05,Cheshire Constabulary,Cheshire Constabulary,-2.443603,53.091319,On or near Stalbridge Road,E01018486,Cheshire East 043A,Vehicle crime,Investigation complete; no suspect identified,
1ced141cb75ad62d00aef04a5cdf8c9624a556acd4707ffda9a755b2fa6ba4e9,2014-05,Cheshire Constabulary,Cheshire Constabulary,-2.436012,53.089307,On or near Nantwich Road,E01018486,Cheshire East 043A,Violence and sexual offences,Offender given suspended prison sentence,
dbcf5db794a3e627ab6454a9eb32737abf9e162f9020ebea9819bfd4980bf2ef,2014-05,Cheshire Constabulary,Cheshire Constabulary,-2.442349,53.089966,On or near Brooklyn Street,E01018486,Cheshire East 043A,Violence and sexual offences,Awaiting court outcome,
b161b7e048dd15eaa883911a646b4bcf434d02094396c3ef4f2a6b793f521b38,2014-05,Cheshire Constabulary,Cheshire Constabulary,-2.441503,53.088972,On or near Supermarket,E01018486,Cheshire East 043A,Violence and sexual offences,Awaiting court outcome,
bb85b44e70695675d032119fd404bee5dee246f8b9ceaa4325c34cc04d321107,2014-05,Cheshire Constabulary,Cheshire Constabulary,-2.443603,53.091319,On or near Stalbridge Road,E01018486,Cheshire East 043A,Violence and sexual offences,Unable to prosecute suspect,
1f39eeb174b0c5a04f3ae149995aad7143ecda5d1cba9f4696679e6fca4e76a6,2014-05,Cheshire Constabulary,Cheshire Constabulary,-2.440453,53.091439,On or near Lord Street,E01018486,Cheshire East 043A,Violence and sexual offences,Formal action is not in the public interest,
043852c0813428c51d8fd3ff542fa282313b2c016d4021492d122ee04ceac68a,2014-05,Cheshire Constabulary,Cheshire Constabulary,-2.437963,53.090333,On or near Herdman Street,E01018486,Cheshire East 043A,Violence and sexual offences,Awaiting court outcome,
,2014-05,Cheshire Constabulary,Cheshire Constabulary,-2.442826,53.092787,On or near Lawton Street,E01018487,Cheshire East 043B,Anti-social behaviour,,
,2014-05,Cheshire Constabulary,Cheshire Constabulary,-2.442826,53.092787,On or near Lawton Street,E01018487,Cheshire East 043B,Anti-social behaviour,,
,2014-05,Cheshire Constabulary,Cheshire Constabulary,-2.440564,53.093551,On or near Brook Street,E01018487,Cheshire East 043B,Anti-social behaviour,,
,2014-05,Cheshire Constabulary,Cheshire Constabulary,-2.441201,53.093045,On or near Parking Area,E01018487,Cheshire East 043B,Anti-social behaviour,,
,2014-05,Cheshire Constabulary,Cheshire Constabulary,-2.441424,53.091498,On or near Edleston Road,E01018487,Cheshire East 043B,Anti-social behaviour,,
,2014-05,Cheshire Constabulary,Cheshire Constabulary,-2.441424,53.091498,On or near Edleston Road,E01018487,Cheshire East 043B,Anti-social behaviour,,
,2014-05,Cheshire Constabulary,Cheshire Constabulary,-2.441424,53.091498,On or near Edleston Road,E01018487,Cheshire East 043B,Anti-social behaviour,,
87ce0dc9b39ea9212d391c30747a12eccb19a2d71d52713bd14b6fa2130c2583,2014-05,Cheshire Constabulary,Cheshire Constabulary,-2.448379,53.092613,On or near Stamford Avenue,E01018487,Cheshire East 043B,Bicycle theft,Under investigation,
614544ee369d2f7a2625689cd2b54a32ab799019a6a374d06110c1dc5ed1c242,2014-05,Cheshire Constabulary,Cheshire Constabulary,-2.444974,53.092536,On or near Hammond Street,E01018487,Cheshire East 043B,Burglary,Under investigation,
9f3db0013275d999a681dcb5aa5067229326ae105235c48944d738ea2f6af07a,2014-05,Cheshire Constabulary,Cheshire Constabulary,-2.441424,53.091498,On or near Edleston Road,E01018487,Cheshire East 043B,Burglary,Awaiting court outcome,
a607a43e8ef9a74b5fdafa73c88f7e2caf728a6d537a4cca592ee82e3c7272c6,2014-05,Cheshire Constabulary,Cheshire Constabulary,-2.448379,53.092613,On or near Stamford Avenue,E01018487,Cheshire East 043B,Criminal damage and arson,Investigation complete; no suspect identified,
d58de5b6f51a733fa276d0f2a3102dd2d204020b96879e63ac6e141e9d78e624,2014-05,Cheshire Constabulary,Cheshire Constabulary,-2.442746,53.092284,On or near Maxwell Street,E01018487,Cheshire East 043B,Other theft,Under investigation,
6313e09e2dfa1b0ebca771ee6d4d27dcbaa2ad10fb8baeebd36c9c05df46459b,2014-05,Cheshire Constabulary,Cheshire Constabulary,-2.442826,53.092787,On or near Lawton Street,E01018487,Cheshire East 043B,Violence and sexual offences,Awaiting court outcome,
190447255b593cf110afd78fbd066187d25fbbeddddc7d3a94753a7da5bd2d30,2014-05,Cheshire Constabulary,Cheshire Constabulary,-2.444974,53.092536,On or near Hammond Street,E01018487,Cheshire East 043B,Violence and sexual offences,Under investigation,
0e30fbff44cfeea97e919aa7459a9d0cb24b6a15a3473dc97509cb187619ebf9,2014-05,Cheshire Constabulary,Cheshire Constabulary,-2.442826,53.092787,On or near Lawton Street,E01018487,Cheshire East 043B,Violence and sexual offences,Awaiting court outcome,
3a3543be7d3de932ccaf5c454d64a6a74dbb9744e66e3d16622269b0eb6f114a,2014-05,Cheshire Constabulary,Cheshire Constabulary,-2.444974,53.092536,On or near Hammond Street,E01018487,Cheshire East 043B,Violence and sexual offences,Investigation complete; no suspect identified,
,2014-05,Cheshire Constabulary,Cheshire Constabulary,-2.453653,53.090005,On or near Jesmond Crescent,E01018488,Cheshire East 043C,Anti-social behaviour,,
5962bfe787db39b8931fe25c5594d1117ad40e0e0c80f70de690d6ae4c081416,2014-05,Cheshire Constabulary,Cheshire Constabulary,-2.451318,53.086616,On or near Vine Tree Avenue,E01018488,Cheshire East 043C,Burglary,Investigation complete; no suspect identified,
6cb3e861c9264cc2f67b58d7401393a93328aa6d91fec62da5901ccf2bf9b16b,2014-05,Cheshire Constabulary,Cheshire Constabulary,-2.452779,53.087878,On or near Further/Higher Educational Building,E01018488,Cheshire East 043C,Other theft,Investigation complete; no suspect identified,
8c69fb67ce8db2188aca4b04bbcb9b5eabc14a949be20466915cb23a370255fc,2014-05,Cheshire Constabulary,Cheshire Constabulary,-2.456351,53.092412,On or near Clydesdale Avenue,E01018488,Cheshire East 043C,Vehicle crime,Investigation complete; no suspect identified,
5c1b81832144112cb731b0564e411c85bf3e967ec9f2858a1cba9ea04ad85c3d,2014-05,Cheshire Constabulary,Cheshire Constabulary,-2.452779,53.087878,On or near Further/Higher Educational Building,E01018488,Cheshire East 043C,Violence and sexual offences,Local resolution,
575336d87f203be01f8c3e0708b05f6d6ca4d776acb2abe76915006c2114fd1c,2014-05,Cheshire Constabulary,Cheshire Constabulary,-2.449962,53.092572,On or near Clifton Avenue,E01018488,Cheshire East 043C,Violence and sexual offences,Investigation complete; no suspect identified,
f6deded56f8aec784621f046e28e79de8a0b3563919ab6d55320484400db2cd9,2014-05,Cheshire Constabulary,Cheshire Constabulary,-2.450761,53.087580,On or near Somerville Street,E01018488,Cheshire East 043C,Violence and sexual offences,Awaiting court outcome,
,2014-05,Cheshire Constabulary,Cheshire Constabulary,-2.444785,53.090164,On or near Westminster Street,E01018489,Cheshire East 043D,Anti-social behaviour,,
,2014-05,Cheshire Constabulary,Cheshire Constabulary,-2.445780,53.091068,On or near Walthall Street,E01018489,Cheshire East 043D,Anti-social behaviour,,
,2014-05,Cheshire Constabulary,Cheshire Constabulary,-2.444785,53.090164,On or near Westminster Street,E01018489,Cheshire East 043D,Anti-social behaviour,,
,2014-05,Cheshire Constabulary,Cheshire Constabulary,-2.445780,53.091068,On or near Walthall Street,E01018489,Cheshire East 043D,Anti-social behaviour,,
,2014-05,Cheshire Constabulary,Cheshire Constabulary,-2.444785,53.090164,On or near Westminster Street,E01018489,Cheshire East 043D,Anti-social behaviour,,
,2014-05,Cheshire Constabulary,Cheshire Constabulary,-2.449229,53.086722,On or near Smallman Road,E01018489,Cheshire East 043D,Anti-social behaviour,,
36b7157f0de6244ef7eadbfb69d13b2d8ebf93ebffdeba25a0cfed5a25aa1f74,2014-05,Cheshire Constabulary,Cheshire Constabulary,-2.444785,53.090164,On or near Westminster Street,E01018489,Cheshire East 043D,Criminal damage and arson,Under investigation,
e0eba4a931efbf785883f962ace1efc1d921e7ed3464bc0eea70debea746c4f2,2014-05,Cheshire Constabulary,Cheshire Constabulary,-2.446166,53.089449,On or near Owen Street,E01018489,Cheshire East 043D,Other theft,Unable to prosecute suspect,
b21510b718eaec3914d398e027e5a940cc847d080029d388119492fb3c5f4b62,2014-05,Cheshire Constabulary,Cheshire Constabulary,-2.449229,53.086722,On or near Smallman Road,E01018489,Cheshire East 043D,Other theft,Investigation complete; no suspect identified,
487d1427d0e38f76a7b34423ae4050238200015aba4d55f18af982bb073cdf00,2014-05,Cheshire Constabulary,Cheshire Constabulary,-2.445780,53.091068,On or near Walthall Street,E01018489,Cheshire East 043D,Vehicle crime,Offender fined,
8af65eace6782b74baca37b9afc2a58542c9240ce423eba2c031b561b002c3f4,2014-05,Cheshire Constabulary,Cheshire Constabulary,-2.449229,53.086722,On or near Smallman Road,E01018489,Cheshire East 043D,Violence and sexual offences,Unable to prosecute suspect,
ece20ac34e070c8a405bdca6f86ca6236737f2c6129f5e232e0711d0071bc338,2014-05,Cheshire Constabulary,Cheshire Constabulary,-2.443558,53.089908,On or near Nelson Street,E01018489,Cheshire East 043D,Violence and sexual offences,Under investigation,
,2014-05,Cheshire Constabulary,Cheshire Constabulary,-2.476303,53.091291,On or near Handforth Road,E01018510,Cheshire East 044A,Anti-social behaviour,,
,2014-05,Cheshire Constabulary,Cheshire Constabulary,-2.478264,53.093027,On or near Ullswater Avenue,E01018510,Cheshire East 044A,Anti-social behaviour,,
,2014-05,Cheshire Constabulary,Cheshire Constabulary,-2.474887,53.092798,On or near Old Gorse Close,E01018510,Cheshire East 044A,Anti-social behaviour,,
,2014-05,Cheshire Constabulary,Cheshire Constabulary,-2.474887,53.092798,On or near Old Gorse Close,E01018510,Cheshire East 044A,Anti-social behaviour,,
,2014-05,Cheshire Constabulary,Cheshire Constabulary,-2.483672,53.091936,On or near Riverside Grove,E01018510,Cheshire East 044A,Anti-social behaviour,,
2d60262f6a0e88df023442871df3b9c01746f4aef5d01bdb438795540eb69ece,2014-05,Cheshire Constabulary,Cheshire Constabulary,-2.474887,53.092798,On or near Old Gorse Close,E01018510,Cheshire East 044A,Bicycle theft,Under investigation,
7d3a506cef89aaebc6de574fde36f36780e139ec2c8e66f07008ea37a6da60fa,2014-05,Cheshire Constabulary,Cheshire Constabulary,-2.491217,53.089640,On or near Nantwich Road,E01018510,Cheshire East 044A,Burglary,Under investigation,
11a4cd46443a2e6250b3c0ae181cfccc3e659825cb3c8eca512d4c137ff8e3ee,2014-05,Cheshire Constabulary,Cheshire Constabulary,-2.474887,53.092798,On or near Old Gorse Close,E01018510,Cheshire East 044A,Criminal damage and arson,Investigation complete; no suspect identified,
591af7ca09decb4afc86dd2d67b6b248deab6e207a6b4c73193e63651fff34ca,2014-05,Cheshire Constabulary,Cheshire Constabulary,-2.478264,53.093027,On or near Ullswater Avenue,E01018510,Cheshire East 044A,Criminal damage and arson,Investigation complete; no suspect identified,
3891bf4099468fc3c59c26ade7b3e5faf54afb70e8ea25d18cd6c4c542f16be1,2014-05,Cheshire Constabulary,Cheshire Constabulary,-2.491217,53.089640,On or near Nantwich Road,E01018510,Cheshire East 044A,Other theft,Investigation complete; no suspect identified,
,2014-05,Cheshire Constabulary,Cheshire Constabulary,-2.471955,53.089682,On or near Wistaston Green Road,E01018511,Cheshire East 044B,Anti-social behaviour,,
,2014-05,Cheshire Constabulary,Cheshire Constabulary,-2.470478,53.085687,On or near Sports/Recreation Area,E01018511,Cheshire East 044B,Anti-social behaviour,,
,2014-05,Cheshire Constabulary,Cheshire Constabulary,-2.471955,53.089682,On or near Wistaston Green Road,E01018511,Cheshire East 044B,Anti-social behaviour,,
10b6a6bc9b2f9625f325433ca6b98fb5a535226c082fff15e34f5dda79facf40,2014-05,Cheshire Constabulary,Cheshire Constabulary,-2.474657,53.089617,On or near Larch Road,E01018511,Cheshire East 044B,Burglary,Awaiting court outcome,
0d58f0778de9454e1da57c4b2381da5e729253493296792967c0f6e6f8f01062,2014-05,Cheshire Constabulary,Cheshire Constabulary,-2.476676,53.089879,On or near Ajmere Close,E01018511,Cheshire East 044B,Burglary,Under investigation,
21eff884c4c1129bbcb54ea90ca576a49c2d0cfb86e56ba6ab097f2b696edd81,2014-05,Cheshire Constabulary,Cheshire Constabulary,-2.468009,53.086479,On or near Valley Road,E01018511,Cheshire East 044B,Criminal damage and arson,Under investigation,
3afe5adc5879aec68282bb7391d566c6ee8598185e67d100bd4b0809600ae7fd,2014-05,Cheshire Constabulary,Cheshire Constabulary,-2.468009,53.086479,On or near Valley Road,E01018511,Cheshire East 044B,Other theft,Investigation complete; no suspect identified,
,2014-05,Cheshire Constabulary,Cheshire Constabulary,-2.465936,53.095018,On or near Alton Street,E01018512,Cheshire East 044C,Anti-social behaviour,,
,2014-05,Cheshire Constabulary,Cheshire Constabulary,-2.469669,53.092244,On or near Sweet Briar Crescent,E01018512,Cheshire East 044C,Anti-social behaviour,,
,2014-05,Cheshire Constabulary,Cheshire Constabulary,-2.463883,53.091565,On or near Aldersey Road,E01018512,Cheshire East 044C,Anti-social behaviour,,
,2014-05,Cheshire Constabulary,Cheshire Constabulary,-2.469876,53.090724,On or near Bramhall Road,E01018512,Cheshire East 044C,Anti-social behaviour,,
,2014-05,Cheshire Constabulary,Cheshire Constabulary,-2.468841,53.088858,On or near Moreton Road,E01018512,Cheshire East 044C,Anti-social behaviour,,
,2014-05,Cheshire Constabulary,Cheshire Constabulary,-2.465948,53.093400,On or near Hargrave Avenue,E01018512,Cheshire East 044C,Anti-social behaviour,,
ff95e9bb7d5d99a53d5f693fdd5674aaca06e74929ba08ccc135f7f32d55697e,2014-05,Cheshire Constabulary,Cheshire Constabulary,-2.469669,53.092244,On or near Sweet Briar Crescent,E01018512,Cheshire East 044C,Burglary,Investigation complete; no suspect identified,
5a323f8f4d7061543f4a064cf47244302ce6fa07f0b9fede5324081256134c6f,2014-05,Cheshire Constabulary,Cheshire Constabulary,-2.469876,53.090724,On or near Bramhall Road,E01018512,Cheshire East 044C,Burglary,Investigation complete; no suspect identified,
b799549f8cc62cf101ad41275f851cd89cfbb9c1ec0b809e501004acec7b668c,2014-05,Cheshire Constabulary,Cheshire Constabulary,-2.469876,53.090724,On or near Bramhall Road,E01018512,Cheshire East 044C,Shoplifting,Under investigation,
19cafe27394cb0a1c367750ab1279698205d3bfcdec1f90e2544006df7a914f1,2014-05,Cheshire Constabulary,Cheshire Constabulary,-2.465936,53.095018,On or near Alton Street,E01018512,Cheshire East 044C,Vehicle crime,Investigation complete; no suspect identified,
905125a01b0a339334d516f6869d765515fb5a9c5478ad405576ab365881cff1,2014-05,Cheshire Constabulary,Cheshire Constabulary,-2.465936,53.095018,On or near Alton Street,E01018512,Cheshire East 044C,Violence and sexual offences,Under investigation,
,2014-05,Cheshire Constabulary,Cheshire Constabulary,-2.462612,53.088622,On or near Flixton Drive,E01018513,Cheshire East 044D,Anti-social behaviour,,
4f3add64b1f587e8d3e4227b1e9cffad8b244a0f7da74f64c157b7c200cb5337,2014-05,Cheshire Constabulary,Cheshire Constabulary,-2.462612,53.088622,On or near Flixton Drive,E01018513,Cheshire East 044D,Vehicle crime,Investigation complete; no suspect identified,
21ddc6bda4e5f3b84ea4ce0641db42e23eb5248e0e4606dabd8441ffa1893982,2014-05,Cheshire Constabulary,Cheshire Constabulary,-2.463701,53.087107,On or near Thirlmere Road,E01018513,Cheshire East 044D,Violence and sexual offences,Unable to prosecute suspect,
,2014-05,Cheshire Constabulary,Cheshire Constabulary,-2.442453,53.081166,On or near The Birches,E01018445,Cheshire East 045A,Anti-social behaviour,,
,2014-05,Cheshire Constabulary,Cheshire Constabulary,-2.440712,53.081720,On or near Davenport Avenue,E01018445,Cheshire East 045A,Anti-social behaviour,,
,2014-05,Cheshire Constabulary,Cheshire Constabulary,-2.440712,53.081720,On or near Davenport Avenue,E01018445,Cheshire East 045A,Anti-social behaviour,,
,2014-05,Cheshire Constabulary,Cheshire Constabulary,-2.440712,53.081720,On or near Davenport Avenue,E01018445,Cheshire East 045A,Anti-social behaviour,,
,2014-05,Cheshire Constabulary,Cheshire Constabulary,-2.442453,53.081166,On or near The Birches,E01018445,Cheshire East 045A,Anti-social behaviour,,
,2014-05,Cheshire Constabulary,Cheshire Constabulary,-2.442453,53.081166,On or near The Birches,E01018445,Cheshire East 045A,Anti-social behaviour,,
,2014-05,Cheshire Constabulary,Cheshire Constabulary,-2.440712,53.081720,On or near Davenport Avenue,E01018445,Cheshire East 045A,Anti-social behaviour,,
,2014-05,Cheshire Constabulary,Cheshire Constabulary,-2.435725,53.081613,On or near Basford Road,E01018445,Cheshire East 045A,Anti-social behaviour,,
,2014-05,Cheshire Constabulary,Cheshire Constabulary,-2.442453,53.081166,On or near The Birches,E01018445,Cheshire East 045A,Anti-social behaviour,,
,2014-05,Cheshire Constabulary,Cheshire Constabulary,-2.440712,53.081720,On or near Davenport Avenue,E01018445,Cheshire East 045A,Anti-social behaviour,,
,2014-05,Cheshire Constabulary,Cheshire Constabulary,-2.442453,53.081166,On or near The Birches,E01018445,Cheshire East 045A,Anti-social behaviour,,
,2014-05,Cheshire Constabulary,Cheshire Constabulary,-2.435725,53.081613,On or near Basford Road,E01018445,Cheshire East 045A,Anti-social behaviour,,
,2014-05,Cheshire Constabulary,Cheshire Constabulary,-2.435725,53.081613,On or near Basford Road,E01018445,Cheshire East 045A,Anti-social behaviour,,
,2014-05,Cheshire Constabulary,Cheshire Constabulary,-2.442453,53.081166,On or near The Birches,E01018445,Cheshire East 045A,Anti-social behaviour,,
d76a27fee74458182432d3c837f6de9f9ebb9b641e6fc816c498fad0f501cb77,2014-05,Cheshire Constabulary,Cheshire Constabulary,-2.437191,53.084862,On or near Laura Street,E01018445,Cheshire East 045A,Burglary,Investigation complete; no suspect identified,
9123083263890e65fdac3230473dedb1055594058fdb2da90b7fd358f910b1cd,2014-05,Cheshire Constabulary,Cheshire Constabulary,-2.435738,53.087357,On or near Sports/Recreation Area,E01018445,Cheshire East 045A,Burglary,Under investigation,
721b1a266d7cb7ce31b26fb5ae79b7485af2606d067103ac6aafdf16cde8f7f2,2014-05,Cheshire Constabulary,Cheshire Constabulary,-2.442453,53.081166,On or near The Birches,E01018445,Cheshire East 045A,Criminal damage and arson,Investigation complete; no suspect identified,
eb10de73cc650c31f4c8e36b0e7222300c4b1ce5139ff7488b3c1d997cfea0d8,2014-05,Cheshire Constabulary,Cheshire Constabulary,-2.434090,53.082320,On or near Sports/Recreation Area,E01018445,Cheshire East 045A,Criminal damage and arson,Offender given community sentence,
541b524cdfa5934e73ca4a3da798a8e0e2cbbedf82f3413dc8d926dbc7e90345,2014-05,Cheshire Constabulary,Cheshire Constabulary,-2.442453,53.081166,On or near The Birches,E01018445,Cheshire East 045A,Drugs,Offender given a drugs possession warning,
21edc82fea362f60c5dcdb7c7e405faefc0bb4a14aa409069aa7d2deb0c5eada,2014-05,Cheshire Constabulary,Cheshire Constabulary,-2.437685,53.086451,On or near Manning Street,E01018445,Cheshire East 045A,Drugs,Offender given a caution,
5726533f3c46993ef3131e1590a1b51831c564928eb366534ef368a03bf4113f,2014-05,Cheshire Constabulary,Cheshire Constabulary,-2.435725,53.081613,On or near Basford Road,E01018445,Cheshire East 045A,Public order,Under investigation,
a09ee484b0b7c3f850b157dfe40e5540cd8ebcdd5aac439a141af6f6eb9762a7,2014-05,Cheshire Constabulary,Cheshire Constabulary,-2.442453,53.081166,On or near The Birches,E01018445,Cheshire East 045A,Violence and sexual offences,Under investigation,
d5800612d4a7bd7abbf491a12422a26d26d2519cf82ca31cd661b0b7f3a9bd65,2014-05,Cheshire Constabulary,Cheshire Constabulary,-2.437949,53.083106,On or near The Circle,E01018445,Cheshire East 045A,Violence and sexual offences,Under investigation,
,2014-05,Cheshire Constabulary,Cheshire Constabulary,-2.439711,53.083117,On or near Briggs Avenue,E01018446,Cheshire East 045B,Anti-social behaviour,,
,2014-05,Cheshire Constabulary,Cheshire Constabulary,-2.446247,53.078455,On or near Broadleigh Way,E01018446,Cheshire East 045B,Anti-social behaviour,,
,2014-05,Cheshire Constabulary,Cheshire Constabulary,-2.446639,53.081716,On or near Artle Road,E01018446,Cheshire East 045B,Anti-social behaviour,,
,2014-05,Cheshire Constabulary,Cheshire Constabulary,-2.446639,53.081716,On or near Artle Road,E01018446,Cheshire East 045B,Anti-social behaviour,,
,2014-05,Cheshire Constabulary,Cheshire Constabulary,-2.445692,53.082556,On or near Mere Brook Walk,E01018446,Cheshire East 045B,Anti-social behaviour,,
,2014-05,Cheshire Constabulary,Cheshire Constabulary,-2.446639,53.081716,On or near Artle Road,E01018446,Cheshire East 045B,Anti-social behaviour,,
,2014-05,Cheshire Constabulary,Cheshire Constabulary,-2.442083,53.079971,On or near Gresty Green Road,E01018446,Cheshire East 045B,Anti-social behaviour,,
5ee9348139bf7621b85e03f3e5d7526cddea08a3899201c53972589502c1cbbb,2014-05,Cheshire Constabulary,Cheshire Constabulary,-2.439711,53.083117,On or near Briggs Avenue,E01018446,Cheshire East 045B,Criminal damage and arson,Investigation complete; no suspect identified,
b0af670e188a5a50183ac5d803e338a63d228fa2c44e896f4b2cf4664df4c36b,2014-05,Cheshire Constabulary,Cheshire Constabulary,-2.439711,53.083117,On or near Briggs Avenue,E01018446,Cheshire East 045B,Criminal damage and arson,Under investigation,
,2014-05,Cheshire Constabulary,Cheshire Constabulary,-2.438398,53.089082,On or near Mill Street,E01018447,Cheshire East 045C,Anti-social behaviour,,
,2014-05,Cheshire Constabulary,Cheshire Constabulary,-2.441489,53.087632,On or near Frances Street,E01018447,Cheshire East 045C,Anti-social behaviour,,
,2014-05,Cheshire Constabulary,Cheshire Constabulary,-2.441094,53.088371,On or near Edleston Road,E01018447,Cheshire East 045C,Anti-social behaviour,,
,2014-05,Cheshire Constabulary,Cheshire Constabulary,-2.438701,53.088029,On or near Chambers Street,E01018447,Cheshire East 045C,Anti-social behaviour,,
,2014-05,Cheshire Constabulary,Cheshire Constabulary,-2.445506,53.087626,On or near Walthall Street,E01018447,Cheshire East 045C,Anti-social behaviour,,
,2014-05,Cheshire Constabulary,Cheshire Constabulary,-2.441094,53.088371,On or near Edleston Road,E01018447,Cheshire East 045C,Anti-social behaviour,,
,2014-05,Cheshire Constabulary,Cheshire Constabulary,-2.438398,53.089082,On or near Mill Street,E01018447,Cheshire East 045C,Anti-social behaviour,,
,2014-05,Cheshire Constabulary,Cheshire Constabulary,-2.441489,53.087632,On or near Frances Street,E01018447,Cheshire East 045C,Anti-social behaviour,,
,2014-05,Cheshire Constabulary,Cheshire Constabulary,-2.437430,53.089319,On or near Arthur Street,E01018447,Cheshire East 045C,Anti-social behaviour,,
,2014-05,Cheshire Constabulary,Cheshire Constabulary,-2.438398,53.089082,On or near Mill Street,E01018447,Cheshire East 045C,Anti-social behaviour,,
,2014-05,Cheshire Constabulary,Cheshire Constabulary,-2.444612,53.087854,On or near Westminster Street,E01018447,Cheshire East 045C,Anti-social behaviour,,
,2014-05,Cheshire Constabulary,Cheshire Constabulary,-2.439411,53.088836,On or near Longford Street,E01018447,Cheshire East 045C,Anti-social behaviour,,
,2014-05,Cheshire Constabulary,Cheshire Constabulary,-2.441489,53.087632,On or near Frances Street,E01018447,Cheshire East 045C,Anti-social behaviour,,
,2014-05,Cheshire Constabulary,Cheshire Constabulary,-2.441094,53.088371,On or near Edleston Road,E01018447,Cheshire East 045C,Anti-social behaviour,,
,2014-05,Cheshire Constabulary,Cheshire Constabulary,-2.445506,53.087626,On or near Walthall Street,E01018447,Cheshire East 045C,Anti-social behaviour,,
,2014-05,Cheshire Constabulary,Cheshire Constabulary,-2.437430,53.089319,On or near Arthur Street,E01018447,Cheshire East 045C,Anti-social behaviour,,
,2014-05,Cheshire Constabulary,Cheshire Constabulary,-2.438701,53.088029,On or near Chambers Street,E01018447,Cheshire East 045C,Anti-social behaviour,,
,2014-05,Cheshire Constabulary,Cheshire Constabulary,-2.443457,53.087328,On or near Culland Street,E01018447,Cheshire East 045C,Anti-social behaviour,,
,2014-05,Cheshire Constabulary,Cheshire Constabulary,-2.437430,53.089319,On or near Arthur Street,E01018447,Cheshire East 045C,Anti-social behaviour,,
,2014-05,Cheshire Constabulary,Cheshire Constabulary,-2.444612,53.087854,On or near Westminster Street,E01018447,Cheshire East 045C,Anti-social behaviour,,
,2014-05,Cheshire Constabulary,Cheshire Constabulary,-2.445506,53.087626,On or near Walthall Street,E01018447,Cheshire East 045C,Anti-social behaviour,,
,2014-05,Cheshire Constabulary,Cheshire Constabulary,-2.444612,53.087854,On or near Westminster Street,E01018447,Cheshire East 045C,Anti-social behaviour,,
,2014-05,Cheshire Constabulary,Cheshire Constabulary,-2.444612,53.087854,On or near Westminster Street,E01018447,Cheshire East 045C,Anti-social behaviour,,
,2014-05,Cheshire Constabulary,Cheshire Constabulary,-2.441094,53.088371,On or near Edleston Road,E01018447,Cheshire East 045C,Anti-social behaviour,,
,2014-05,Cheshire Constabulary,Cheshire Constabulary,-2.441489,53.087632,On or near Frances Street,E01018447,Cheshire East 045C,Anti-social behaviour,,
,2014-05,Cheshire Constabulary,Cheshire Constabulary,-2.441489,53.087632,On or near Frances Street,E01018447,Cheshire East 045C,Anti-social behaviour,,
,2014-05,Cheshire Constabulary,Cheshire Constabulary,-2.437430,53.089319,On or near Arthur Street,E01018447,Cheshire East 045C,Anti-social behaviour,,
,2014-05,Cheshire Constabulary,Cheshire Constabulary,-2.437430,53.089319,On or near Arthur Street,E01018447,Cheshire East 045C,Anti-social behaviour,,
,2014-05,Cheshire Constabulary,Cheshire Constabulary,-2.444612,53.087854,On or near Westminster Street,E01018447,Cheshire East 045C,Anti-social behaviour,,
,2014-05,Cheshire Constabulary,Cheshire Constabulary,-2.444612,53.087854,On or near Westminster Street,E01018447,Cheshire East 045C,Anti-social behaviour,,
,2014-05,Cheshire Constabulary,Cheshire Constabulary,-2.444612,53.087854,On or near Westminster Street,E01018447,Cheshire East 045C,Anti-social behaviour,,
,2014-05,Cheshire Constabulary,Cheshire Constabulary,-2.441489,53.087632,On or near Frances Street,E01018447,Cheshire East 045C,Anti-social behaviour,,
,2014-05,Cheshire Constabulary,Cheshire Constabulary,-2.444612,53.087854,On or near Westminster Street,E01018447,Cheshire East 045C,Anti-social behaviour,,
,2014-05,Cheshire Constabulary,Cheshire Constabulary,-2.437430,53.089319,On or near Arthur Street,E01018447,Cheshire East 045C,Anti-social behaviour,,
20fc898c46078d43ede81a6b2795412e53919395f0a60011e1e939b5de1a4284,2014-05,Cheshire Constabulary,Cheshire Constabulary,-2.442550,53.086199,On or near Ernest Street,E01018447,Cheshire East 045C,Bicycle theft,Investigation complete; no suspect identified,
9bdaaf7ad667c2d1e5a3adb0856a277631d3432cc8fac283952b8b946e16d179,2014-05,Cheshire Constabulary,Cheshire Constabulary,-2.437341,53.087890,On or near Parking Area,E01018447,Cheshire East 045C,Bicycle theft,Investigation complete; no suspect identified,
4afa358bfad59d05ff51e44841ca2c15360817d896eeafe2d3ef9ec16e99d3e1,2014-05,Cheshire Constabulary,Cheshire Constabulary,-2.437430,53.089319,On or near Arthur Street,E01018447,Cheshire East 045C,Burglary,Investigation complete; no suspect identified,
5d9fd0020856c5ba8a4ec5ea366f6494f415405ce840dd144638f753e6a0931f,2014-05,Cheshire Constabulary,Cheshire Constabulary,-2.442318,53.088330,On or near Brooklyn Street,E01018447,Cheshire East 045C,Burglary,Under investigation,
fa1e60d89cd57be295559327dc4da7ff16aaa97a51bb1df06b09a82c1d565477,2014-05,Cheshire Constabulary,Cheshire Constabulary,-2.438398,53.089082,On or near Mill Street,E01018447,Cheshire East 045C,Burglary,Under investigation,
fcaf327c20ee41c17ae3222e4ee3935f2d4a45d71dbd4c36151628372116c2cb,2014-05,Cheshire Constabulary,Cheshire Constabulary,-2.441094,53.088371,On or near Edleston Road,E01018447,Cheshire East 045C,Criminal damage and arson,Awaiting court outcome,
245ec7e0b31f0582c5df70e7b1f103661fffbc5ec2f7d6754299b832b848fbe3,2014-05,Cheshire Constabulary,Cheshire Constabulary,-2.442318,53.088330,On or near Brooklyn Street,E01018447,Cheshire East 045C,Criminal damage and arson,Unable to prosecute suspect,
219912799469177ba16e4c66e1938d7d423519395b320fb26c4bca676a816dbf,2014-05,Cheshire Constabulary,Cheshire Constabulary,-2.437341,53.087890,On or near Parking Area,E01018447,Cheshire East 045C,Criminal damage and arson,Unable to prosecute suspect,
268c3844cadca1845f42c46fcc9289c76fb5e9188900fba1cd7a494ffebac670,2014-05,Cheshire Constabulary,Cheshire Constabulary,-2.441489,53.087632,On or near Frances Street,E01018447,Cheshire East 045C,Other theft,Offender given a caution,
cc01a7ff385f6dc8ac6dbb6793b817a95b53f6800111eac7acba09da4034ecc9,2014-05,Cheshire Constabulary,Cheshire Constabulary,-2.438398,53.089082,On or near Mill Street,E01018447,Cheshire East 045C,Other theft,Investigation complete; no suspect identified,
6215cad6146758a9d85e865aebc69a88e967f9263161f0d607a4e30269c2f6e7,2014-05,Cheshire Constabulary,Cheshire Constabulary,-2.440956,53.088012,On or near Parking Area,E01018447,Cheshire East 045C,Possession of weapons,Under investigation,
b43b34500996813c1bf37ed2f3009759a2873bf1b281d3f9429a027723650685,2014-05,Cheshire Constabulary,Cheshire Constabulary,-2.439411,53.088836,On or near Longford Street,E01018447,Cheshire East 045C,Violence and sexual offences,Investigation complete; no suspect identified,
c6bf793ad378f08dc418a576a5e39455601f1a0a252ce54c5c9c82575ecb0a4d,2014-05,Cheshire Constabulary,Cheshire Constabulary,-2.440956,53.088012,On or near Parking Area,E01018447,Cheshire East 045C,Violence and sexual offences,Under investigation,
87cf408dc21192bfed4dc2b32ad553023da623fb4d02e726be84131ce2078e34,2014-05,Cheshire Constabulary,Cheshire Constabulary,-2.441115,53.086106,On or near Bedford Court,E01018447,Cheshire East 045C,Violence and sexual offences,Under investigation,
15cd875fe1640d0eb9f2b34e9a8c1bb84fa11f0e8186c0b248c0269129efd40f,2014-05,Cheshire Constabulary,Cheshire Constabulary,-2.440956,53.088012,On or near Parking Area,E01018447,Cheshire East 045C,Violence and sexual offences,Under investigation,
a406a4a7a005257d13b055e67ee71fffa8af6471f92d607b21f518461335046d,2014-05,Cheshire Constabulary,Cheshire Constabulary,-2.437430,53.089319,On or near Arthur Street,E01018447,Cheshire East 045C,Violence and sexual offences,Investigation complete; no suspect identified,
e7a6b6dc07a40bbc9e46a533b11191ce79e9ed451f0dd915f2f0744fcb25c33a,2014-05,Cheshire Constabulary,Cheshire Constabulary,-2.440956,53.088012,On or near Parking Area,E01018447,Cheshire East 045C,Violence and sexual offences,Under investigation,
fb205eefd4d94a495dc65af7a52c24f8888a6ef01d5c857e80be3cf354203c60,2014-05,Cheshire Constabulary,Cheshire Constabulary,-2.441094,53.088371,On or near Edleston Road,E01018447,Cheshire East 045C,Violence and sexual offences,Unable to prosecute suspect,
2f13deda6288d561eaa8b7e7bd1bc7152108e2a101e01d073678d1a3c0b15ac1,2014-05,Cheshire Constabulary,Cheshire Constabulary,-2.438980,53.086042,On or near Herbert Swindells Close,E01018447,Cheshire East 045C,Violence and sexual offences,Under investigation,
a8987faab3e41bacb6cafc660142f310a477832ca52097a91d86258e327daffb,2014-05,Cheshire Constabulary,Cheshire Constabulary,-2.440956,53.088012,On or near Parking Area,E01018447,Cheshire East 045C,Violence and sexual offences,Awaiting court outcome,
,2014-05,Cheshire Constabulary,Cheshire Constabulary,-2.445005,53.086846,On or near Sherwin Street,E01018448,Cheshire East 045D,Anti-social behaviour,,
,2014-05,Cheshire Constabulary,Cheshire Constabulary,-2.447856,53.086835,On or near Smallman Road,E01018448,Cheshire East 045D,Anti-social behaviour,,
,2014-05,Cheshire Constabulary,Cheshire Constabulary,-2.447856,53.086835,On or near Smallman Road,E01018448,Cheshire East 045D,Anti-social behaviour,,
,2014-05,Cheshire Constabulary,Cheshire Constabulary,-2.446927,53.085050,On or near Salisbury Avenue,E01018448,Cheshire East 045D,Anti-social behaviour,,
,2014-05,Cheshire Constabulary,Cheshire Constabulary,-2.450008,53.082683,On or near Balmoral Avenue,E01018448,Cheshire East 045D,Anti-social behaviour,,
,2014-05,Cheshire Constabulary,Cheshire Constabulary,-2.450008,53.082683,On or near Balmoral Avenue,E01018448,Cheshire East 045D,Anti-social behaviour,,
,2014-05,Cheshire Constabulary,Cheshire Constabulary,-2.450008,53.082683,On or near Balmoral Avenue,E01018448,Cheshire East 045D,Anti-social behaviour,,
,2014-05,Cheshire Constabulary,Cheshire Constabulary,-2.447856,53.086835,On or near Smallman Road,E01018448,Cheshire East 045D,Anti-social behaviour,,
,2014-05,Cheshire Constabulary,Cheshire Constabulary,-2.449894,53.086037,On or near Somerville Street,E01018448,Cheshire East 045D,Anti-social behaviour,,
,2014-05,Cheshire Constabulary,Cheshire Constabulary,-2.446288,53.083929,On or near Manor Way,E01018448,Cheshire East 045D,Anti-social behaviour,,
,2014-05,Cheshire Constabulary,Cheshire Constabulary,-2.450008,53.082683,On or near Balmoral Avenue,E01018448,Cheshire East 045D,Anti-social behaviour,,
10d80e39e84476cc9847aba265cc3f7bdcedaec6b43e0fa1b153f393117faa9e,2014-05,Cheshire Constabulary,Cheshire Constabulary,-2.447856,53.086835,On or near Smallman Road,E01018448,Cheshire East 045D,Burglary,Formal action is not in the public interest,
32b9ac5299da3108dd9d25320793eba04cb9ea7325e2547a65a3fcd3f4e48212,2014-05,Cheshire Constabulary,Cheshire Constabulary,-2.446288,53.083929,On or near Manor Way,E01018448,Cheshire East 045D,Other theft,Investigation complete; no suspect identified,
b3ce20483886a0db8847173e587896f57a62242d3bab7f3690692b564b9594b3,2014-05,Cheshire Constabulary,Cheshire Constabulary,-2.452158,53.085570,On or near Dane Bank Avenue,E01018448,Cheshire East 045D,Public order,Offender given a caution,
2692bfc731edd5d40da9d72a7df5bf8489b09f5ceb544b92c5b8f1d46d30ece1,2014-05,Cheshire Constabulary,Cheshire Constabulary,-2.447856,53.086835,On or near Smallman Road,E01018448,Cheshire East 045D,Vehicle crime,Investigation complete; no suspect identified,
,2014-05,Cheshire Constabulary,Cheshire Constabulary,-2.476560,53.080710,On or near Church Lane,E01018490,Cheshire East 046A,Anti-social behaviour,,
69633e1b95ca131e1a9fa55eb7507475d5752827a3765a34626c699f2d042858,2014-05,Cheshire Constabulary,Cheshire Constabulary,-2.474562,53.080979,On or near White Hart Lane,E01018490,Cheshire East 046A,Other theft,Investigation complete; no suspect identified,
,2014-05,Cheshire Constabulary,Cheshire Constabulary,-2.479904,53.071321,On or near John Gresty Drive,E01018491,Cheshire East 046B,Anti-social behaviour,,
,2014-05,Cheshire Constabulary,Cheshire Constabulary,-2.466364,53.080733,On or near Lear Drive,E01018492,Cheshire East 046C,Anti-social behaviour,,
c07dca4e120a42ceafdf5068882076f07cfa6dcb6cbaa0a0b6950506e207be8c,2014-05,Cheshire Constabulary,Cheshire Constabulary,-2.462204,53.081252,On or near Keats Drive,E01018492,Cheshire East 046C,Vehicle crime,Investigation complete; no suspect identified,
,2014-05,Cheshire Constabulary,Cheshire Constabulary,-2.454027,53.081616,On or near Kemble Close,E01018506,Cheshire East 046E,Anti-social behaviour,,
,2014-05,Cheshire Constabulary,Cheshire Constabulary,-2.456493,53.073373,On or near Sunart Close,E01018507,Cheshire East 046F,Anti-social behaviour,,
,2014-05,Cheshire Constabulary,Cheshire Constabulary,-2.458928,53.080555,On or near Cheriton Way,E01018507,Cheshire East 046F,Anti-social behaviour,,
c3b34f6fda5a3fdd66bbbf8bc0abdf45926df0c90ac37c5de3dca28530397e8e,2014-05,Cheshire Constabulary,Cheshire Constabulary,-2.458148,53.083030,On or near Supermarket,E01018507,Cheshire East 046F,Shoplifting,Awaiting court outcome,
343bcc51ec30a1ae10f1c59505d56b7d5cb54df3cb1c57881e7ac132e425c4a1,2014-05,Cheshire Constabulary,Cheshire Constabulary,-2.458148,53.083030,On or near Supermarket,E01018507,Cheshire East 046F,Vehicle crime,Investigation complete; no suspect identified,
e304c9629fa79601209bca06b9978911c80fa3f551c1a9a9c813cad064dafb80,2014-05,Cheshire Constabulary,Cheshire Constabulary,-2.456493,53.073373,On or near Sunart Close,E01018507,Cheshire East 046F,Violence and sexual offences,Unable to prosecute suspect,
,2014-05,Cheshire Constabulary,Cheshire Constabulary,-2.519329,53.070760,On or near Cowfields,E01018451,Cheshire East 047A,Anti-social behaviour,,
,2014-05,Cheshire Constabulary,Cheshire Constabulary,-2.516090,53.070693,On or near Baronia Place,E01018451,Cheshire East 047A,Anti-social behaviour,,
,2014-05,Cheshire Constabulary,Cheshire Constabulary,-2.516090,53.070693,On or near Baronia Place,E01018451,Cheshire East 047A,Anti-social behaviour,,
,2014-05,Cheshire Constabulary,Cheshire Constabulary,-2.518740,53.070160,On or near Bowyer Avenue,E01018451,Cheshire East 047A,Anti-social behaviour,,
,2014-05,Cheshire Constabulary,Cheshire Constabulary,-2.516090,53.070693,On or near Baronia Place,E01018451,Cheshire East 047A,Anti-social behaviour,,
3faa71454038e756276a06224aa026367731ade2581c458a4e62ba66d35b853e,2014-05,Cheshire Constabulary,Cheshire Constabulary,-2.518239,53.069488,On or near King Place,E01018451,Cheshire East 047A,Burglary,Investigation complete; no suspect identified,
47bd944b1ab7ef7b97b9c038e45eb612b951cf26fc5a19acaa675589d7fd50de,2014-05,Cheshire Constabulary,Cheshire Constabulary,-2.519329,53.070760,On or near Cowfields,E01018451,Cheshire East 047A,Burglary,Investigation complete; no suspect identified,
474322a56df97486d1ab71a7bea4988d0ee08432ead4f2d23786753e55dc054c,2014-05,Cheshire Constabulary,Cheshire Constabulary,-2.513444,53.067837,On or near Millstone Lane,E01018451,Cheshire East 047A,Criminal damage and arson,Investigation complete; no suspect identified,
ca4b88b853e3ef6edc45606e3ef7ed88624c3d8a9609f998d168e82c754c1288,2014-05,Cheshire Constabulary,Cheshire Constabulary,-2.513363,53.067280,On or near Turner Street,E01018451,Cheshire East 047A,Criminal damage and arson,Investigation complete; no suspect identified,
820290a25176eae8cb67de28a9bdc00d21e7d3c9de59ef01b86755b903a44384,2014-05,Cheshire Constabulary,Cheshire Constabulary,-2.512212,53.068427,On or near Imperial Court,E01018451,Cheshire East 047A,Violence and sexual offences,Under investigation,
,2014-05,Cheshire Constabulary,Cheshire Constabulary,-2.522179,53.070676,On or near Malbank,E01018454,Cheshire East 047B,Anti-social behaviour,,
2bed28fc2d91e992f6f170a0f7b604faaed245eb592e241211a8891cdd05cca2,2014-05,Cheshire Constabulary,Cheshire Constabulary,-2.520369,53.071609,On or near Weaver Road,E01018454,Cheshire East 047B,Bicycle theft,Investigation complete; no suspect identified,
1b962b7ff4193221585f57a5f3e93bb2d73c72ee2a2b10ccdf51b862ced66921,2014-05,Cheshire Constabulary,Cheshire Constabulary,-2.518160,53.071601,On or near Albert Street,E01018454,Cheshire East 047B,Burglary,Investigation complete; no suspect identified,
7305c8423e4e90fac72d6b3b9a826947c073470662f7145b3e84a59d2d37d150,2014-05,Cheshire Constabulary,Cheshire Constabulary,-2.520853,53.074565,On or near St Mary'S Road,E01018454,Cheshire East 047B,Criminal damage and arson,Investigation complete; no suspect identified,
e8a007c4aae7c37f08322323c07197e26d6cb4cbedc7c0c566fb0bcd85aeeb02,2014-05,Cheshire Constabulary,Cheshire Constabulary,-2.517545,53.071343,On or near Haighton Court,E01018454,Cheshire East 047B,Criminal damage and arson,Investigation complete; no suspect identified,
1b4dcab6eb564fa4796e189ea64d81bba29c599da69cb41364938c57db060a82,2014-05,Cheshire Constabulary,Cheshire Constabulary,-2.520083,53.073894,On or near Wall Fields Road,E01018454,Cheshire East 047B,Other theft,Investigation complete; no suspect identified,
6400306ad98a0f0caa82b1e6456c25cc7accbcd491f8765be6d586f1d48d01f1,2014-05,Cheshire Constabulary,Cheshire Constabulary,-2.521022,53.071274,On or near Prince Edward Street,E01018454,Cheshire East 047B,Violence and sexual offences,Under investigation,
,2014-05,Cheshire Constabulary,Cheshire Constabulary,-2.513467,53.071064,On or near Park View,E01018455,Cheshire East 047C,Anti-social behaviour,,
,2014-05,Cheshire Constabulary,Cheshire Constabulary,-2.518521,53.075510,On or near Barony Court,E01018455,Cheshire East 047C,Anti-social behaviour,,
d3dd301f435c12a6bf27804d0ba60a288797fbb4cb96c32e9f408d864d31253f,2014-05,Cheshire Constabulary,Cheshire Constabulary,-2.512456,53.071347,On or near Heathfield Close,E01018455,Cheshire East 047C,Burglary,Investigation complete; no suspect identified,
17b277c508b0e0aec3a63c4451babf7cb5e5c6842ea75b9f9a8d352110590bb4,2014-05,Cheshire Constabulary,Cheshire Constabulary,-2.514478,53.078242,On or near Petrol Station,E01018455,Cheshire East 047C,Criminal damage and arson,Investigation complete; no suspect identified,
542fbcb7190ca74f15710314157f37d28502873d80c48c480b97d9ccd8dee864,2014-05,Cheshire Constabulary,Cheshire Constabulary,-2.513440,53.073788,On or near Sandford Road,E01018455,Cheshire East 047C,Other theft,Investigation complete; no suspect identified,
1be84b324fb1814b77f794ea6d1b7f0ca1835532a1e38f43cd4ee31a42b8575a,2014-05,Cheshire Constabulary,Cheshire Constabulary,-2.513440,53.073788,On or near Sandford Road,E01018455,Cheshire East 047C,Vehicle crime,Investigation complete; no suspect identified,
71513b3d98d8ab5f3f31f179fd083692400effd1bee6d2eae168a852533f059a,2014-05,Cheshire Constabulary,Cheshire Constabulary,-2.514478,53.078242,On or near Petrol Station,E01018455,Cheshire East 047C,Violence and sexual offences,Under investigation,
,2014-05,Cheshire Constabulary,Cheshire Constabulary,-2.502909,53.066722,On or near Cedar Grove,E01018456,Cheshire East 047D,Anti-social behaviour,,
707e74e94e9c378f5ac360f1a2f75938c8c8a4d0235dffdb2325f2f55e221ee9,2014-05,Cheshire Constabulary,Cheshire Constabulary,-2.508559,53.069961,On or near Princess Drive,E01018456,Cheshire East 047D,Bicycle theft,Investigation complete; no suspect identified,
e8ff921283f9f2df1654f9ebfc837c2f0aa3c53367445ac8ce668f921da71a41,2014-05,Cheshire Constabulary,Cheshire Constabulary,-2.508828,53.068765,On or near Mount Drive,E01018456,Cheshire East 047D,Vehicle crime,Unable to prosecute suspect,
3a57c480a28a688b19dce98ac7d58e7a65ac4231e5e6a650a1862399244e8757,2014-05,Cheshire Constabulary,Cheshire Constabulary,-2.505674,53.064445,On or near Regents Gate,E01018456,Cheshire East 047D,Violence and sexual offences,Under investigation,
,2014-05,Cheshire Constabulary,Cheshire Constabulary,-2.518163,53.066891,On or near Rectory Close,E01018457,Cheshire East 047E,Anti-social behaviour,,
,2014-05,Cheshire Constabulary,Cheshire Constabulary,-2.515425,53.066246,On or near Rookery Close,E01018457,Cheshire East 047E,Anti-social behaviour,,
,2014-05,Cheshire Constabulary,Cheshire Constabulary,-2.518228,53.066063,On or near Hospital Street,E01018457,Cheshire East 047E,Anti-social behaviour,,
,2014-05,Cheshire Constabulary,Cheshire Constabulary,-2.518228,53.066063,On or near Hospital Street,E01018457,Cheshire East 047E,Anti-social behaviour,,
,2014-05,Cheshire Constabulary,Cheshire Constabulary,-2.515425,53.066246,On or near Rookery Close,E01018457,Cheshire East 047E,Anti-social behaviour,,
33390582b97379d3711dc9760c5ef4ebad825cf7414bd9001b8d85ebc0a977b9,2014-05,Cheshire Constabulary,Cheshire Constabulary,-2.515425,53.066246,On or near Rookery Close,E01018457,Cheshire East 047E,Burglary,Investigation complete; no suspect identified,
bd598fe769b6e66f87d0fb751b5cdac1169130c8a36e28aa9829afa813b2b70f,2014-05,Cheshire Constabulary,Cheshire Constabulary,-2.513095,53.064836,On or near Hastings Road,E01018457,Cheshire East 047E,Criminal damage and arson,Unable to prosecute suspect,
189cf7bbf32f0b22e6cb72d1c984a199f432660d5031f729695c14a718838151,2014-05,Cheshire Constabulary,Cheshire Constabulary,-2.518228,53.066063,On or near Hospital Street,E01018457,Cheshire East 047E,Violence and sexual offences,Offender given a caution,
481f7237c77381c83173c3b938bda059f44cd1674bae119ff710f27d6e4298be,2014-05,Cheshire Constabulary,Cheshire Constabulary,-2.518228,53.066063,On or near Hospital Street,E01018457,Cheshire East 047E,Violence and sexual offences,Offender given a caution,
,2014-05,Cheshire Constabulary,Cheshire Constabulary,-2.453280,53.061600,On or near Lords Mill Road,E01018493,Cheshire East 048A,Anti-social behaviour,,
,2014-05,Cheshire Constabulary,Cheshire Constabulary,-2.453280,53.061600,On or near Lords Mill Road,E01018493,Cheshire East 048A,Anti-social behaviour,,
,2014-05,Cheshire Constabulary,Cheshire Constabulary,-2.452200,53.065362,On or near Burlea Drive,E01018493,Cheshire East 048A,Anti-social behaviour,,
,2014-05,Cheshire Constabulary,Cheshire Constabulary,-2.453280,53.061600,On or near Lords Mill Road,E01018493,Cheshire East 048A,Anti-social behaviour,,
,2014-05,Cheshire Constabulary,Cheshire Constabulary,-2.453280,53.061600,On or near Lords Mill Road,E01018493,Cheshire East 048A,Anti-social behaviour,,
,2014-05,Cheshire Constabulary,Cheshire Constabulary,-2.453280,53.061600,On or near Lords Mill Road,E01018493,Cheshire East 048A,Anti-social behaviour,,
,2014-05,Cheshire Constabulary,Cheshire Constabulary,-2.453280,53.061600,On or near Lords Mill Road,E01018493,Cheshire East 048A,Anti-social behaviour,,
,2014-05,Cheshire Constabulary,Cheshire Constabulary,-2.450585,53.065053,On or near Rope Lane,E01018493,Cheshire East 048A,Anti-social behaviour,,
,2014-05,Cheshire Constabulary,Cheshire Constabulary,-2.453280,53.061600,On or near Lords Mill Road,E01018493,Cheshire East 048A,Anti-social behaviour,,
0b5bda1a89bb5d5a8faaea8a62ad1de40754808c6e66b42f2de08ebe4f8160b2,2014-05,Cheshire Constabulary,Cheshire Constabulary,-2.450638,53.062941,On or near Supermarket,E01018493,Cheshire East 048A,Other theft,Investigation complete; no suspect identified,
,2014-05,Cheshire Constabulary,Cheshire Constabulary,-2.445319,53.065253,On or near Southbank Avenue,E01018494,Cheshire East 048B,Anti-social behaviour,,
,2014-05,Cheshire Constabulary,Cheshire Constabulary,-2.445319,53.065253,On or near Southbank Avenue,E01018494,Cheshire East 048B,Anti-social behaviour,,
,2014-05,Cheshire Constabulary,Cheshire Constabulary,-2.445319,53.065253,On or near Southbank Avenue,E01018494,Cheshire East 048B,Anti-social behaviour,,
,2014-05,Cheshire Constabulary,Cheshire Constabulary,-2.445319,53.065253,On or near Southbank Avenue,E01018494,Cheshire East 048B,Anti-social behaviour,,
,2014-05,Cheshire Constabulary,Cheshire Constabulary,-2.445319,53.065253,On or near Southbank Avenue,E01018494,Cheshire East 048B,Anti-social behaviour,,
,2014-05,Cheshire Constabulary,Cheshire Constabulary,-2.445319,53.065253,On or near Southbank Avenue,E01018494,Cheshire East 048B,Anti-social behaviour,,
,2014-05,Cheshire Constabulary,Cheshire Constabulary,-2.440052,53.074073,On or near Hunter Avenue,E01018494,Cheshire East 048B,Anti-social behaviour,,
a8682523118eee5493cf1f43befae90e5813da86e43527b095d2e6f0d5383daf,2014-05,Cheshire Constabulary,Cheshire Constabulary,-2.442349,53.068069,On or near Crewe Road,E01018494,Cheshire East 048B,Bicycle theft,Investigation complete; no suspect identified,
a853e2ae7ad02aaef46ebe6e5557f4ffadfe8ce318a661aa1665f89603652c83,2014-05,Cheshire Constabulary,Cheshire Constabulary,-2.448648,53.066814,On or near Northfield Place,E01018494,Cheshire East 048B,Violence and sexual offences,Unable to prosecute suspect,
d8156309cb7c5f2dbf557585484199e8519902b78d043df2e07371551f8eded9,2014-05,Cheshire Constabulary,Cheshire Constabulary,-2.447522,53.060364,On or near Camelot Grove,E01018495,Cheshire East 048C,Bicycle theft,Investigation complete; no suspect identified,
ee45e584024d2d41db30725f72de6ab62f507aaea72a3c673ba5251f49caf7d5,2014-05,Cheshire Constabulary,Cheshire Constabulary,-2.454166,53.059332,On or near Regent Close,E01018495,Cheshire East 048C,Vehicle crime,Investigation complete; no suspect identified,
,2014-05,Cheshire Constabulary,Cheshire Constabulary,-2.478712,53.067514,On or near Tricketts Mews,E01018509,Cheshire East 048E,Anti-social behaviour,,
2210d2221b6bb43f49f3ba5ca8ccfb1401916fcbf00fb68e36d5d90519bf8f0c,2014-05,Cheshire Constabulary,Cheshire Constabulary,-2.480927,53.069402,On or near Cedar Court,E01018509,Cheshire East 048E,Burglary,Investigation complete; no suspect identified,
,2014-05,Cheshire Constabulary,Cheshire Constabulary,-2.568459,53.028610,On or near Wrenbury Heath Road,E01018444,Cheshire East 049A,Anti-social behaviour,,
,2014-05,Cheshire Constabulary,Cheshire Constabulary,-2.518794,53.042392,On or near Crisham Avenue,E01018444,Cheshire East 049A,Anti-social behaviour,,
,2014-05,Cheshire Constabulary,Cheshire Constabulary,-2.576161,53.106302,On or near Bankside Close,E01018444,Cheshire East 049A,Anti-social behaviour,,
,2014-05,Cheshire Constabulary,Cheshire Constabulary,-2.560347,53.025079,On or near Whitchurch Road,E01018444,Cheshire East 049A,Anti-social behaviour,,
,2014-05,Cheshire Constabulary,Cheshire Constabulary,-2.561044,53.085636,On or near A51,E01018444,Cheshire East 049A,Anti-social behaviour,,
,2014-05,Cheshire Constabulary,Cheshire Constabulary,-2.560347,53.025079,On or near Whitchurch Road,E01018444,Cheshire East 049A,Anti-social behaviour,,
,2014-05,Cheshire Constabulary,Cheshire Constabulary,-2.552815,53.079589,On or near Chester Road,E01018444,Cheshire East 049A,Anti-social behaviour,,
8f021fe0f2a33b68b282731cdaa1074e03f03c47e873cd4e02cc44b33e994b50,2014-05,Cheshire Constabulary,Cheshire Constabulary,-2.552815,53.079589,On or near Chester Road,E01018444,Cheshire East 049A,Burglary,Investigation complete; no suspect identified,
6c7f78fccd357fcd523873c166aba89deca043f0cedd0b8aaa9e8f2cb903c311,2014-05,Cheshire Constabulary,Cheshire Constabulary,-2.561044,53.085636,On or near A51,E01018444,Cheshire East 049A,Vehicle crime,Investigation complete; no suspect identified,
28cbc2d0afa021c9e9778225b04cacc16a6c34aace99748b74253dd93be01fea,2014-05,Cheshire Constabulary,Cheshire Constabulary,-2.566170,53.050779,On or near Barracks Lane,E01018444,Cheshire East 049A,Vehicle crime,Investigation complete; no suspect identified,
bb523e2cd3b9222ddda9f7cb18ef6c5e143c32d82aaf5bd022f58b28df9c59c4,2014-05,Cheshire Constabulary,Cheshire Constabulary,-2.566170,53.050779,On or near Barracks Lane,E01018444,Cheshire East 049A,Vehicle crime,Investigation complete; no suspect identified,
73e7f843e1bae7bbf74b3dc9ec6313f152d42c0aa98191dbe104ce3b63c12ba8,2014-05,Cheshire Constabulary,Cheshire Constabulary,-2.566170,53.050779,On or near Barracks Lane,E01018444,Cheshire East 049A,Vehicle crime,Investigation complete; no suspect identified,
6f486857b174e74f12ba49463909061f831249b76a9638a2848568e411a0c6e4,2014-05,Cheshire Constabulary,Cheshire Constabulary,-2.574128,53.075964,On or near Shores Lane,E01018444,Cheshire East 049A,Violence and sexual offences,Unable to prosecute suspect,
,2014-05,Cheshire Constabulary,Cheshire Constabulary,-2.583461,53.147949,On or near Eaton Road,E01018480,Cheshire East 049B,Anti-social behaviour,,
,2014-05,Cheshire Constabulary,Cheshire Constabulary,-2.522715,53.078008,On or near Barony Road,E01018480,Cheshire East 049B,Anti-social behaviour,,
,2014-05,Cheshire Constabulary,Cheshire Constabulary,-2.475863,53.117685,On or near Hospital,E01018480,Cheshire East 049B,Anti-social behaviour,,
,2014-05,Cheshire Constabulary,Cheshire Constabulary,-2.557284,53.135499,On or near Chapel Close,E01018480,Cheshire East 049B,Anti-social behaviour,,
,2014-05,Cheshire Constabulary,Cheshire Constabulary,-2.475863,53.117685,On or near Hospital,E01018480,Cheshire East 049B,Anti-social behaviour,,
,2014-05,Cheshire Constabulary,Cheshire Constabulary,-2.475863,53.117685,On or near Hospital,E01018480,Cheshire East 049B,Anti-social behaviour,,
,2014-05,Cheshire Constabulary,Cheshire Constabulary,-2.475863,53.117685,On or near Hospital,E01018480,Cheshire East 049B,Anti-social behaviour,,
,2014-05,Cheshire Constabulary,Cheshire Constabulary,-2.475863,53.117685,On or near Hospital,E01018480,Cheshire East 049B,Anti-social behaviour,,
,2014-05,Cheshire Constabulary,Cheshire Constabulary,-2.514639,53.127960,On or near B5074,E01018480,Cheshire East 049B,Anti-social behaviour,,
,2014-05,Cheshire Constabulary,Cheshire Constabulary,-2.533257,53.087904,On or near Cinder Lane,E01018480,Cheshire East 049B,Anti-social behaviour,,
726f9443b76352979bea90e8021ec2876d7523245a9e84a4afc3219a68c77c41,2014-05,Cheshire Constabulary,Cheshire Constabulary,-2.531163,53.139717,On or near Woodgreen Lane,E01018480,Cheshire East 049B,Burglary,Under investigation,
9b29ce2efd32868b5ca918bb045fee2fc758373b976b1ea352e12a1a88196dc3,2014-05,Cheshire Constabulary,Cheshire Constabulary,-2.557810,53.135721,On or near Sports/Recreation Area,E01018480,Cheshire East 049B,Other theft,Investigation complete; no suspect identified,
e5e94d78b3045a7d587a0ec97de764422129f3e8ef1deb876dc1cd75d0f6b2be,2014-05,Cheshire Constabulary,Cheshire Constabulary,-2.475863,53.117685,On or near Hospital,E01018480,Cheshire East 049B,Public order,Awaiting court outcome,
15f8a6366193b9040e5b90f13eacb712c3132d5dc5f8f9fd1f725997fcc2731d,2014-05,Cheshire Constabulary,Cheshire Constabulary,-2.512423,53.103726,On or near Main Road,E01018480,Cheshire East 049B,Violence and sexual offences,Under investigation,
35819e470945c3ce957d9c1a78d9b32f60cd1e1a32a01e9da48c9c5ca8986637,2014-05,Cheshire Constabulary,Cheshire Constabulary,-2.433521,53.148976,On or near School Lane,E01018480,Cheshire East 049B,Violence and sexual offences,Under investigation,
,2014-05,Cheshire Constabulary,Cheshire Constabulary,-2.428741,53.056316,On or near Ellwood Green,E01018515,Cheshire East 049C,Anti-social behaviour,,
,2014-05,Cheshire Constabulary,Cheshire Constabulary,-2.432219,53.055063,On or near Walnut Close,E01018515,Cheshire East 049C,Anti-social behaviour,,
,2014-05,Cheshire Constabulary,Cheshire Constabulary,-2.432219,53.055063,On or near Walnut Close,E01018515,Cheshire East 049C,Anti-social behaviour,,
,2014-05,Cheshire Constabulary,Cheshire Constabulary,-2.428741,53.056316,On or near Ellwood Green,E01018515,Cheshire East 049C,Anti-social behaviour,,
,2014-05,Cheshire Constabulary,Cheshire Constabulary,-2.423469,53.037556,On or near Wrinehill Road,E01018515,Cheshire East 049C,Anti-social behaviour,,
84a0d3a51a5e4d42d6b51c3a119edbe71acb985933b6e68710d08b72bb63bf23,2014-05,Cheshire Constabulary,Cheshire Constabulary,-2.412885,53.034960,On or near Wrinehill Road,E01018515,Cheshire East 049C,Burglary,Under investigation,
a0cfeba854b147be39b646a8debf253817086d1318a034ae1da89518cc07aa41,2014-05,Cheshire Constabulary,Cheshire Constabulary,-2.428741,53.056316,On or near Ellwood Green,E01018515,Cheshire East 049C,Criminal damage and arson,Investigation complete; no suspect identified,
81ba11c6c315322607c2edce4210b2f23af38f139ff4423fb9463ee7a5b274fb,2014-05,Cheshire Constabulary,Cheshire Constabulary,-2.428741,53.056316,On or near Ellwood Green,E01018515,Cheshire East 049C,Criminal damage and arson,Investigation complete; no suspect identified,
9a2b2eb6f478ca9dc9669a25f0d2dd3098f20602700e929bde5c0bb6638267d8,2014-05,Cheshire Constabulary,Cheshire Constabulary,-2.417499,53.000084,On or near London Road,E01018515,Cheshire East 049C,Shoplifting,Under investigation,
a07cf33b23337774303567cebac47ada8843a907b0003d615f8888ce1c93f4fb,2014-05,Cheshire Constabulary,Cheshire Constabulary,-2.428493,53.055391,On or near Ridley Close,E01018515,Cheshire East 049C,Violence and sexual offences,Under investigation,
ded5fa196e4ec91ae57c924e4737d5678f5c2d5c8ec037f544e1cf47523a1000,2014-05,Cheshire Constabulary,Cheshire Constabulary,-2.479667,53.024479,On or near Audlem Road,E01018515,Cheshire East 049C,Other crime,Under investigation,
,2014-05,Cheshire Constabulary,Cheshire Constabulary,-2.449231,53.043952,On or near Petrol Station,E01018516,Cheshire East 049D,Anti-social behaviour,,
,2014-05,Cheshire Constabulary,Cheshire Constabulary,-2.446842,53.058110,On or near Nursery Close,E01018516,Cheshire East 049D,Anti-social behaviour,,
1a39513b120e8e2ddde83432a086717f60a43254966d6c989a5d5d64f302d907,2014-05,Cheshire Constabulary,Cheshire Constabulary,-2.449231,53.043952,On or near Petrol Station,E01018516,Cheshire East 049D,Burglary,Under investigation,
f6ab57c126fd95fb14baaa7c02050da8a5ba85b609ea7f26a72b071da9cc044e,2014-05,Cheshire Constabulary,Cheshire Constabulary,-2.455747,53.045186,On or near Church Way,E01018516,Cheshire East 049D,Criminal damage and arson,Investigation complete; no suspect identified,
36bfdbcf245e82efa635544395fcf27704a9aab3af9a17818228b3e92540bf3d,2014-05,Cheshire Constabulary,Cheshire Constabulary,-2.457855,53.046957,On or near Moorlands Drive,E01018516,Cheshire East 049D,Vehicle crime,Investigation complete; no suspect identified,
20ab7ab420cf4fb37368acc2c74f66e512d6299953657847ff6f023fdd1aeac0,2014-05,Cheshire Constabulary,Cheshire Constabulary,-2.505266,53.061526,On or near Dunnillow Field,E01033375,Cheshire East 049F,Criminal damage and arson,Investigation complete; no suspect identified,
,2014-05,Cheshire Constabulary,Cheshire Constabulary,-2.510973,53.060809,On or near Pickering Way,E01033376,Cheshire East 049G,Anti-social behaviour,,
,2014-05,Cheshire Constabulary,Cheshire Constabulary,-2.504354,53.062608,On or near Flowerscroft,E01033376,Cheshire East 049G,Anti-social behaviour,,
,2014-05,Cheshire Constabulary,Cheshire Constabulary,-2.511937,53.062873,On or near Birchall Close,E01033376,Cheshire East 049G,Anti-social behaviour,,
,2014-05,Cheshire Constabulary,Cheshire Constabulary,-2.511937,53.062873,On or near Birchall Close,E01033376,Cheshire East 049G,Anti-social behaviour,,
46622c8b887dd532dd93ca92278637b5d8d06f4a13a34cc26da9a8aafe32355d,2014-05,Cheshire Constabulary,Cheshire Constabulary,-2.504354,53.062608,On or near Flowerscroft,E01033376,Cheshire East 049G,Criminal damage and arson,Investigation complete; no suspect identified,
64b1580aecc76faad31791e1e3e7b08442810f50eb09e4ea09c651ae086d87a1,2014-05,Cheshire Constabulary,Cheshire Constabulary,-2.507494,53.061912,On or near Horton Way,E01033376,Cheshire East 049G,Vehicle crime,Investigation complete; no suspect identified,
03e3e78a5147d3c51281a9b0b5ae45b2773cb8831d7919ec54fe73faf5a29390,2014-05,Cheshire Constabulary,Cheshire Constabulary,-2.506479,53.063130,On or near Tenchersfield,E01033376,Cheshire East 049G,Violence and sexual offences,Unable to prosecute suspect,
,2014-05,Cheshire Constabulary,Cheshire Constabulary,-2.451796,53.036733,On or near London Road,E01033378,Cheshire East 049H,Anti-social behaviour,,
,2014-05,Cheshire Constabulary,Cheshire Constabulary,-2.498747,53.061661,On or near Deane Court,E01033378,Cheshire East 049H,Anti-social behaviour,,
,2014-05,Cheshire Constabulary,Cheshire Constabulary,-2.531754,53.061680,On or near Blagg Avenue,E01018452,Cheshire East 050A,Anti-social behaviour,,
,2014-05,Cheshire Constabulary,Cheshire Constabulary,-2.531560,53.062903,On or near Gerard Drive,E01018452,Cheshire East 050A,Anti-social behaviour,,
,2014-05,Cheshire Constabulary,Cheshire Constabulary,-2.519152,53.064675,On or near Supermarket,E01018504,Cheshire East 050D,Anti-social behaviour,,
,2014-05,Cheshire Constabulary,Cheshire Constabulary,-2.519197,53.062239,On or near Hillfeild View,E01018504,Cheshire East 050D,Anti-social behaviour,,
,2014-05,Cheshire Constabulary,Cheshire Constabulary,-2.522189,53.065345,On or near Love Lane,E01018504,Cheshire East 050D,Anti-social behaviour,,
,2014-05,Cheshire Constabulary,Cheshire Constabulary,-2.519609,53.066732,On or near Parking Area,E01018504,Cheshire East 050D,Anti-social behaviour,,
,2014-05,Cheshire Constabulary,Cheshire Constabulary,-2.522803,53.066780,On or near Nightclub,E01018504,Cheshire East 050D,Anti-social behaviour,,
,2014-05,Cheshire Constabulary,Cheshire Constabulary,-2.519152,53.064675,On or near Supermarket,E01018504,Cheshire East 050D,Anti-social behaviour,,
204def3647c9e905a68be29cad642dc7c58d89b9dba3a33ef310882c657c5b06,2014-05,Cheshire Constabulary,Cheshire Constabulary,-2.518147,53.063052,On or near Station View,E01018504,Cheshire East 050D,Criminal damage and arson,Investigation complete; no suspect identified,
054920a7d3e677de8dfb2df28a84cbef8c47c50ce276faf63dacf66043b46f7c,2014-05,Cheshire Constabulary,Cheshire Constabulary,-2.521024,53.066537,On or near Church Lane,E01018504,Cheshire East 050D,Criminal damage and arson,Investigation complete; no suspect identified,
f422859b2661ebdbbe4d050f790d4fe6eefe58a70cf8d7a9fc291e890ae62af8,2014-05,Cheshire Constabulary,Cheshire Constabulary,-2.514096,53.062468,On or near Cronkinson Oak,E01018504,Cheshire East 050D,Criminal damage and arson,Investigation complete; no suspect identified,
d872a9390a716e8e01db8d28c2d436d3eec399d68a875cad553de4835f26dea5,2014-05,Cheshire Constabulary,Cheshire Constabulary,-2.522803,53.066780,On or near Nightclub,E01018504,Cheshire East 050D,Criminal damage and arson,Investigation complete; no suspect identified,
d5be3b695e48e98d7f588680532328d4ecef42eb223a18d94a19cae4d321ae3b,2014-05,Cheshire Constabulary,Cheshire Constabulary,-2.522803,53.066780,On or near Nightclub,E01018504,Cheshire East 050D,Drugs,Awaiting court outcome,
9abe360ea2ee7a2847cc887fbf0f5a09bc6b7ef1ff1183560c8b1f5d243e264c,2014-05,Cheshire Constabulary,Cheshire Constabulary,-2.522189,53.065345,On or near Love Lane,E01018504,Cheshire East 050D,Drugs,Offender given a caution,
30b6ebf89c480af567cadbec65357816f642cd150fdcfab5a9f11d74c3afd49c,2014-05,Cheshire Constabulary,Cheshire Constabulary,-2.523336,53.066383,On or near Mill Street,E01018504,Cheshire East 050D,Other theft,Under investigation,
c8ce5b0c720d9bc012e7bb9cef623d5abc5bf7507dc7a5bbf5ac7d55e07e7f19,2014-05,Cheshire Constabulary,Cheshire Constabulary,-2.523770,53.061572,On or near Shrewbridge Road,E01018504,Cheshire East 050D,Other theft,Under investigation,
30cee4091a1020edf74774909d61426af65397db3faba81ec16153c744851c23,2014-05,Cheshire Constabulary,Cheshire Constabulary,-2.522803,53.066780,On or near Nightclub,E01018504,Cheshire East 050D,Public order,Offender given penalty notice,
8647c8ff9684043e9be9b62cac5be8221304c8535a009762b811ebd6c67b28c9,2014-05,Cheshire Constabulary,Cheshire Constabulary,-2.522803,53.066780,On or near Nightclub,E01018504,Cheshire East 050D,Shoplifting,Offender given a caution,
829c617e586024995d7b79bac55feeeadc4f5b42172e577414a2e672d5f6e9e7,2014-05,Cheshire Constabulary,Cheshire Constabulary,-2.522803,53.066780,On or near Nightclub,E01018504,Cheshire East 050D,Shoplifting,Investigation complete; no suspect identified,
11f6598a26fb14d57d5c7d6be5b9ddb536bd77d64d0047cf89c2081806708a45,2014-05,Cheshire Constabulary,Cheshire Constabulary,-2.519152,53.064675,On or near Supermarket,E01018504,Cheshire East 050D,Vehicle crime,Investigation complete; no suspect identified,
4366e1e168402ff027e183cbe5c9a21182d2d3450740f9af4a13a1aefe4644af,2014-05,Cheshire Constabulary,Cheshire Constabulary,-2.522189,53.065345,On or near Love Lane,E01018504,Cheshire East 050D,Violence and sexual offences,Under investigation,
51c2dcd0ffe4e50938ed342509db9c289abca5ebe5f839b48344de32e900c434,2014-05,Cheshire Constabulary,Cheshire Constabulary,-2.514096,53.062468,On or near Cronkinson Oak,E01018504,Cheshire East 050D,Violence and sexual offences,Unable to prosecute suspect,
45fe77af8f5a34c93786975cdd981da116b00401baca9fc5f2502126be219161,2014-05,Cheshire Constabulary,Cheshire Constabulary,-2.522803,53.066780,On or near Nightclub,E01018504,Cheshire East 050D,Violence and sexual offences,Under investigation,
,2014-05,Cheshire Constabulary,Cheshire Constabulary,-2.531456,53.068944,On or near Lambert Crescent,E01033372,Cheshire East 050E,Anti-social behaviour,,
,2014-05,Cheshire Constabulary,Cheshire Constabulary,-2.531456,53.068944,On or near Lambert Crescent,E01033372,Cheshire East 050E,Anti-social behaviour,,
,2014-05,Cheshire Constabulary,Cheshire Constabulary,-2.534134,53.068276,On or near Sutton Close,E01033372,Cheshire East 050E,Anti-social behaviour,,
,2014-05,Cheshire Constabulary,Cheshire Constabulary,-2.528032,53.069652,On or near Ernley Close,E01033372,Cheshire East 050E,Anti-social behaviour,,
,2014-05,Cheshire Constabulary,Cheshire Constabulary,-2.527731,53.070678,On or near Waterlode,E01033372,Cheshire East 050E,Anti-social behaviour,,
84e4c59c8657f9e61b1c438af1b7290909685878e31d6e3633a66dfdd285a8c5,2014-05,Cheshire Constabulary,Cheshire Constabulary,-2.530509,53.070872,On or near Tydlesley Way,E01033372,Cheshire East 050E,Criminal damage and arson,Investigation complete; no suspect identified,
8923e539ac1eb220221b1922bd42cb4a33f3f8fd928eb8494e3b7c7a97e51343,2014-05,Cheshire Constabulary,Cheshire Constabulary,-2.532739,53.067698,On or near Nixon'S Row,E01033372,Cheshire East 050E,Criminal damage and arson,Investigation complete; no suspect identified,
06a6603dd2966328cdc3dac8fe93e9039a1585e9e0ed5d4c83771d5ef79a7586,2014-05,Cheshire Constabulary,Cheshire Constabulary,-2.534765,53.069847,On or near Welshmen'S Lane,E01033372,Cheshire East 050E,Other theft,Unable to prosecute suspect,
,2014-05,Cheshire Constabulary,Cheshire Constabulary,-2.520526,53.069766,On or near School Lane,E01033373,Cheshire East 050F,Anti-social behaviour,,
,2014-05,Cheshire Constabulary,Cheshire Constabulary,-2.534187,53.062901,On or near Marsh Lane,E01033373,Cheshire East 050F,Anti-social behaviour,,
,2014-05,Cheshire Constabulary,Cheshire Constabulary,-2.522883,53.068416,On or near Supermarket,E01033373,Cheshire East 050F,Anti-social behaviour,,
,2014-05,Cheshire Constabulary,Cheshire Constabulary,-2.520923,53.069261,On or near Dog Lane,E01033373,Cheshire East 050F,Anti-social behaviour,,
,2014-05,Cheshire Constabulary,Cheshire Constabulary,-2.534187,53.062901,On or near Marsh Lane,E01033373,Cheshire East 050F,Anti-social behaviour,,
,2014-05,Cheshire Constabulary,Cheshire Constabulary,-2.523041,53.067903,On or near Oat Market,E01033373,Cheshire East 050F,Anti-social behaviour,,
,2014-05,Cheshire Constabulary,Cheshire Constabulary,-2.528568,53.065883,On or near Dorfold Drive,E01033373,Cheshire East 050F,Anti-social behaviour,,
,2014-05,Cheshire Constabulary,Cheshire Constabulary,-2.523724,53.067594,On or near High Street,E01033373,Cheshire East 050F,Anti-social behaviour,,
,2014-05,Cheshire Constabulary,Cheshire Constabulary,-2.525274,53.067453,On or near Wych House Bank,E01033373,Cheshire East 050F,Anti-social behaviour,,
,2014-05,Cheshire Constabulary,Cheshire Constabulary,-2.527763,53.068395,On or near Red Lion Lane,E01033373,Cheshire East 050F,Anti-social behaviour,,
,2014-05,Cheshire Constabulary,Cheshire Constabulary,-2.527763,53.068395,On or near Red Lion Lane,E01033373,Cheshire East 050F,Anti-social behaviour,,
,2014-05,Cheshire Constabulary,Cheshire Constabulary,-2.525274,53.067453,On or near Wych House Bank,E01033373,Cheshire East 050F,Anti-social behaviour,,
,2014-05,Cheshire Constabulary,Cheshire Constabulary,-2.527763,53.068395,On or near Red Lion Lane,E01033373,Cheshire East 050F,Anti-social behaviour,,
,2014-05,Cheshire Constabulary,Cheshire Constabulary,-2.520526,53.069766,On or near School Lane,E01033373,Cheshire East 050F,Anti-social behaviour,,
,2014-05,Cheshire Constabulary,Cheshire Constabulary,-2.520842,53.067454,On or near Parking Area,E01033373,Cheshire East 050F,Anti-social behaviour,,
,2014-05,Cheshire Constabulary,Cheshire Constabulary,-2.525274,53.067453,On or near Wych House Bank,E01033373,Cheshire East 050F,Anti-social behaviour,,
203a7e06a6229d8b3e37d4053af9a419438abd55f9566a1b8cb0dd100b12d91c,2014-05,Cheshire Constabulary,Cheshire Constabulary,-2.530369,53.067934,On or near King'S Lane,E01033373,Cheshire East 050F,Burglary,Under investigation,
96d6a5719caa41f126ba20b9dcda3806abc78d99bf84a4ced57ed6705df02393,2014-05,Cheshire Constabulary,Cheshire Constabulary,-2.520526,53.069766,On or near School Lane,E01033373,Cheshire East 050F,Criminal damage and arson,Investigation complete; no suspect identified,
5b446dbd8f184285bc455487b4ed680ff0064473b5cf1a2d811dc051fc1deb4f,2014-05,Cheshire Constabulary,Cheshire Constabulary,-2.520842,53.067454,On or near Parking Area,E01033373,Cheshire East 050F,Criminal damage and arson,Investigation complete; no suspect identified,
aa5e7a162783b8188489f198a842c64e8807aab6ad13380dfd0eaf11f03d2e9e,2014-05,Cheshire Constabulary,Cheshire Constabulary,-2.520526,53.069766,On or near School Lane,E01033373,Cheshire East 050F,Criminal damage and arson,Awaiting court outcome,
e536d4ac2b9a95421ae35f026e49e9dcf7246885ad13cdc9a0bf0170b0319270,2014-05,Cheshire Constabulary,Cheshire Constabulary,-2.527465,53.064755,On or near Queen'S Drive,E01033373,Cheshire East 050F,Drugs,Offender given a caution,
5873a1998d7d597a52c80ea5cd313e179f7d8cf4359ca2e2cc0f6c9b0c418446,2014-05,Cheshire Constabulary,Cheshire Constabulary,-2.522883,53.068416,On or near Supermarket,E01033373,Cheshire East 050F,Other theft,Under investigation,
0f146b3713cc7eb53a394bb64e399b92b6a557ec5f542aa131d4720c80152b80,2014-05,Cheshire Constabulary,Cheshire Constabulary,-2.525274,53.067453,On or near Wych House Bank,E01033373,Cheshire East 050F,Other theft,Investigation complete; no suspect identified,
9e66bbeadf74a0ec89a71fb182404c35ee8767c8535ebba0f8809a5484c31c90,2014-05,Cheshire Constabulary,Cheshire Constabulary,-2.523041,53.067903,On or near Oat Market,E01033373,Cheshire East 050F,Other theft,Investigation complete; no suspect identified,
432c262e68dea3d7de476fee8d9cd875964e126debea88905fefb5dd66513af2,2014-05,Cheshire Constabulary,Cheshire Constabulary,-2.522085,53.069058,On or near Parking Area,E01033373,Cheshire East 050F,Other theft,Awaiting court outcome,
f02a50dfa2cecd356798de1bcba46ec79522468b2882d7c6c52231ea364b3d2a,2014-05,Cheshire Constabulary,Cheshire Constabulary,-2.525274,53.067453,On or near Wych House Bank,E01033373,Cheshire East 050F,Theft from the person,Investigation complete; no suspect identified,
67ad336dde603917f2f417163f36eea9336e144f81db84023017af65610e1e9e,2014-05,Cheshire Constabulary,Cheshire Constabulary,-2.526437,53.064895,On or near Riverside,E01033373,Cheshire East 050F,Vehicle crime,Offender given community sentence,
11c79c836f9fb8311fe15de20174bc1a175d6f2d90eb963c9060a16c9845815a,2014-05,Cheshire Constabulary,Cheshire Constabulary,-2.520526,53.069766,On or near School Lane,E01033373,Cheshire East 050F,Violence and sexual offences,Unable to prosecute suspect,
ca3f0b10b5050462cc1cfbdf8f2cf527966f9e2a6e9f656b8ad02cd5524b1b30,2014-05,Cheshire Constabulary,Cheshire Constabulary,-2.527763,53.068395,On or near Red Lion Lane,E01033373,Cheshire East 050F,Violence and sexual offences,Unable to prosecute suspect,
0f971f8e7d9ab5893c41402a9e2cfcfc6be5d7b91e8345bb0e36edfab988d5bd,2014-05,Cheshire Constabulary,Cheshire Constabulary,-2.525274,53.067453,On or near Wych House Bank,E01033373,Cheshire East 050F,Violence and sexual offences,Under investigation,
2e983074891949f1f8449e9b4854348273c57f2cf584ee7cff164c8df583966d,2014-05,Cheshire Constabulary,Cheshire Constabulary,-2.523822,53.069599,On or near Wall Lane,E01033373,Cheshire East 050F,Violence and sexual offences,Investigation complete; no suspect identified,
5fcf64089e854b2982d7935ad63715e6dc6c5be206dae690ea0aa155d3729b51,2014-05,Cheshire Constabulary,Cheshire Constabulary,-2.523041,53.067903,On or near Oat Market,E01033373,Cheshire East 050F,Violence and sexual offences,Under investigation,
26b669c48777ab6d1d654632b7e3395bbd3a4e1459782c34d4080366e9dab304,2014-05,Cheshire Constabulary,Cheshire Constabulary,-2.525274,53.067453,On or near Wych House Bank,E01033373,Cheshire East 050F,Violence and sexual offences,Offender given a caution,
c8cfc53f5b85a89ee2b59e200f7c28d2b18d79d84ee43f08346c6ab2c43c1d3c,2014-05,Cheshire Constabulary,Cheshire Constabulary,-2.523822,53.069599,On or near Wall Lane,E01033373,Cheshire East 050F,Violence and sexual offences,Under investigation,
,2014-05,Cheshire Constabulary,Cheshire Constabulary,-2.505543,52.989575,On or near St James Close,E01018449,Cheshire East 051A,Anti-social behaviour,,
e9af40bb5d4b9bbbb85f54d3b140645458602a1d09e6128ad1854d2c8c76c8da,2014-05,Cheshire Constabulary,Cheshire Constabulary,-2.504439,52.975367,On or near Bagley Lane,E01018449,Cheshire East 051A,Criminal damage and arson,Under investigation,
dc1a6ecd7810a6d7c0feec4f69d66b30f720568149f01550390855fbb3a56ffc,2014-05,Cheshire Constabulary,Cheshire Constabulary,-2.504636,52.992293,On or near Heathfield Road,E01018449,Cheshire East 051A,Other theft,Investigation complete; no suspect identified,
030f283e88b661f3febf913a893136519d7004c64e214b8d278edabb2e3845e9,2014-05,Cheshire Constabulary,Cheshire Constabulary,-2.505543,52.989575,On or near St James Close,E01018449,Cheshire East 051A,Violence and sexual offences,Unable to prosecute suspect,
,2014-05,Cheshire Constabulary,Cheshire Constabulary,-2.508274,52.988718,On or near The Square,E01018450,Cheshire East 051B,Anti-social behaviour,,
,2014-05,Cheshire Constabulary,Cheshire Constabulary,-2.565916,52.982372,On or near Whitchurch Road,E01018450,Cheshire East 051B,Anti-social behaviour,,
,2014-05,Cheshire Constabulary,Cheshire Constabulary,-2.565916,52.982372,On or near Whitchurch Road,E01018450,Cheshire East 051B,Anti-social behaviour,,
2f8ec60a9bfe412285e3bec51ea0b9a22e543d8df70d1a6d7175903667e42b37,2014-05,Cheshire Constabulary,Cheshire Constabulary,-2.508175,52.994283,On or near Daisy Bank Crescent,E01018450,Cheshire East 051B,Burglary,Investigation complete; no suspect identified,
806cc03ebd4fae8826f2f8503d4e91ce0cd43167e4f9a729454aaca75d8f3edb,2014-05,Cheshire Constabulary,Cheshire Constabulary,-2.508505,52.989328,On or near Aldelyme Court,E01018450,Cheshire East 051B,Criminal damage and arson,Investigation complete; no suspect identified,
d13c7377d7f0bf50b021e9b7f13e4b6fd6a8a8c75721965e7da471df2e560e05,2014-05,Cheshire Constabulary,Cheshire Constabulary,-2.533754,52.996490,On or near Coole Lane,E01018450,Cheshire East 051B,Violence and sexual offences,Under investigation,
20012d0f6567dea9173f210b1b45e9737755e9f0feac65945e0b508b8caf7dca,2014-05,Cheshire Constabulary,Cheshire Constabulary,-2.506442,52.988753,On or near School Lane,E01018450,Cheshire East 051B,Violence and sexual offences,Under investigation,
b6c35af183fa2f9df3036ee467a597d1df211f199de106b751145a426312c813,2014-05,Cheshire Constabulary,Cheshire Constabulary,-2.576354,53.013470,On or near Sheppenhall Grove,E01018450,Cheshire East 051B,Violence and sexual offences,Local resolution,
,2014-05,Cheshire Constabulary,Cheshire Constabulary,-2.583210,53.109549,On or near Wardle Avenue,E01018458,Cheshire East 051C,Anti-social behaviour,,
,2014-05,Cheshire Constabulary,Cheshire Constabulary,-2.655455,53.116607,On or near The Highlands,E01018458,Cheshire East 051C,Anti-social behaviour,,
,2014-05,Cheshire Constabulary,Cheshire Constabulary,-2.583210,53.109549,On or near Wardle Avenue,E01018458,Cheshire East 051C,Anti-social behaviour,,
26b9e7be6a69aabfe6f5de14a43267e9eed431fc01104f66838a8b33288d689a,2014-05,Cheshire Constabulary,Cheshire Constabulary,-2.583210,53.109549,On or near Wardle Avenue,E01018458,Cheshire East 051C,Criminal damage and arson,Under investigation,
374749f64b187a7b413b0ebe19d00206a796cf1a81026c6504409c479b5dd5ef,2014-05,Cheshire Constabulary,Cheshire Constabulary,-2.577535,53.107437,On or near Old Chester Road,E01018458,Cheshire East 051C,Criminal damage and arson,Investigation complete; no suspect identified,
e5e7d757dedfefa887f035d77c62038e4336ded302d55012490dda8a15a98d72,2014-05,Cheshire Constabulary,Cheshire Constabulary,-2.583210,53.109549,On or near Wardle Avenue,E01018458,Cheshire East 051C,Other theft,Investigation complete; no suspect identified,
0629bf97277767d1f525adf54339be4b51e230f6a98ac00886fd4752b51800d0,2014-05,Cheshire Constabulary,Cheshire Constabulary,-2.620023,53.136851,On or near Pinfold Lane,E01018458,Cheshire East 051C,Other theft,Investigation complete; no suspect identified,
6d74a518a2b0d676709f72d7dbc3a23009fa4a7b65d0d36ef98d98d2de105af0,2014-05,Cheshire Constabulary,Cheshire Constabulary,-2.610977,53.125077,On or near Gowy Court,E01018458,Cheshire East 051C,Public order,Investigation complete; no suspect identified,
,2014-05,Cheshire Constabulary,Cheshire Constabulary,-2.705216,53.089660,On or near Stone House Lane,E01018481,Cheshire East 051D,Anti-social behaviour,,
,2014-05,Cheshire Constabulary,Cheshire Constabulary,-2.618741,53.009077,On or near Hollyhurst Road,E01018514,Cheshire East 051E,Anti-social behaviour,,
,2014-05,Cheshire Constabulary,Cheshire Constabulary,-2.618741,53.009077,On or near Hollyhurst Road,E01018514,Cheshire East 051E,Anti-social behaviour,,
,2014-05,Cheshire Constabulary,Cheshire Constabulary,-2.618741,53.009077,On or near Hollyhurst Road,E01018514,Cheshire East 051E,Anti-social behaviour,,
fee0150240efbc4edc6f31c6714a84f1f7a2b86df120df5e6a34c3cab4ad8230,2014-05,Cheshire Constabulary,Cheshire Constabulary,-2.605715,53.023922,On or near Pinsley View,E01018514,Cheshire East 051E,Burglary,Investigation complete; no suspect identified,
5899cae36e274248373d244f5e42ac13a76d992b56876a68a7c72acbf1f5b884,2014-05,Cheshire Constabulary,Cheshire Constabulary,-2.608304,53.025743,On or near Church Farm,E01018514,Cheshire East 051E,Violence and sexual offences,Under investigation,
,2014-05,Cheshire Constabulary,Cheshire Constabulary,-3.062945,53.290808,On or near Parking Area,E01018534,Cheshire West and Chester 001A,Anti-social behaviour,,
,2014-05,Cheshire Constabulary,Cheshire Constabulary,-3.061082,53.294339,On or near Spenser Road,E01018534,Cheshire West and Chester 001A,Anti-social behaviour,,
,2014-05,Cheshire Constabulary,Cheshire Constabulary,-3.065639,53.296564,On or near Newheyes,E01018534,Cheshire West and Chester 001A,Anti-social behaviour,,
,2014-05,Cheshire Constabulary,Cheshire Constabulary,-3.061082,53.294339,On or near Spenser Road,E01018534,Cheshire West and Chester 001A,Anti-social behaviour,,
,2014-05,Cheshire Constabulary,Cheshire Constabulary,-3.061082,53.294339,On or near Spenser Road,E01018534,Cheshire West and Chester 001A,Anti-social behaviour,,
,2014-05,Cheshire Constabulary,Cheshire Constabulary,-3.062539,53.292591,On or near Sytch Croft,E01018534,Cheshire West and Chester 001A,Anti-social behaviour,,
,2014-05,Cheshire Constabulary,Cheshire Constabulary,-3.062945,53.290808,On or near Parking Area,E01018534,Cheshire West and Chester 001A,Anti-social behaviour,,
,2014-05,Cheshire Constabulary,Cheshire Constabulary,-3.060352,53.292692,On or near Raby Park Close,E01018534,Cheshire West and Chester 001A,Anti-social behaviour,,
,2014-05,Cheshire Constabulary,Cheshire Constabulary,-3.062945,53.290808,On or near Parking Area,E01018534,Cheshire West and Chester 001A,Anti-social behaviour,,
,2014-05,Cheshire Constabulary,Cheshire Constabulary,-3.061326,53.293861,On or near Jonson Road,E01018534,Cheshire West and Chester 001A,Anti-social behaviour,,
,2014-05,Cheshire Constabulary,Cheshire Constabulary,-3.062539,53.292591,On or near Sytch Croft,E01018534,Cheshire West and Chester 001A,Anti-social behaviour,,
,2014-05,Cheshire Constabulary,Cheshire Constabulary,-3.061082,53.294339,On or near Spenser Road,E01018534,Cheshire West and Chester 001A,Anti-social behaviour,,
,2014-05,Cheshire Constabulary,Cheshire Constabulary,-3.059849,53.297838,On or near Ringway,E01018534,Cheshire West and Chester 001A,Anti-social behaviour,,
,2014-05,Cheshire Constabulary,Cheshire Constabulary,-3.065698,53.289884,On or near Parkgate Road,E01018534,Cheshire West and Chester 001A,Anti-social behaviour,,
,2014-05,Cheshire Constabulary,Cheshire Constabulary,-3.062539,53.292591,On or near Sytch Croft,E01018534,Cheshire West and Chester 001A,Anti-social behaviour,,
ef0e5125897a15ed1c9c27d231c3b7c965f42a7e305c1586c0d07936b0d1f627,2014-05,Cheshire Constabulary,Cheshire Constabulary,-3.062064,53.293369,On or near Frobisher Road,E01018534,Cheshire West and Chester 001A,Burglary,Awaiting court outcome,
64b836dd0ef7a27993b3526a169701f9597542d05b76fef7a7eaccec69ac6994,2014-05,Cheshire Constabulary,Cheshire Constabulary,-3.064261,53.290625,On or near Supermarket,E01018534,Cheshire West and Chester 001A,Burglary,Under investigation,
f0c648b1f091e3db209b2930c4eb208a9401fecd34ed76b7df9c0d673151dd6e,2014-05,Cheshire Constabulary,Cheshire Constabulary,-3.065639,53.296564,On or near Newheyes,E01018534,Cheshire West and Chester 001A,Criminal damage and arson,Investigation complete; no suspect identified,
59970cca2511ac94dcae09b3a5f1f08227ef9835556ab7ecc28de0b85457bc04,2014-05,Cheshire Constabulary,Cheshire Constabulary,-3.062539,53.292591,On or near Sytch Croft,E01018534,Cheshire West and Chester 001A,Criminal damage and arson,Investigation complete; no suspect identified,
d527c55b7bd63ffe566f540434e4cadbce2301f3cb6893751988baeb5c0fdb6b,2014-05,Cheshire Constabulary,Cheshire Constabulary,-3.059849,53.297838,On or near Ringway,E01018534,Cheshire West and Chester 001A,Criminal damage and arson,Investigation complete; no suspect identified,
a274c131db15b6e5d570452df8ac93819e61ed177b271f0cbd374c7ef0985437,2014-05,Cheshire Constabulary,Cheshire Constabulary,-3.062064,53.293369,On or near Frobisher Road,E01018534,Cheshire West and Chester 001A,Public order,Under investigation,
04e31176574c0f0bdc383508654e186e5610a9649884fb079071cf2220ec06bc,2014-05,Cheshire Constabulary,Cheshire Constabulary,-3.062945,53.290808,On or near Parking Area,E01018534,Cheshire West and Chester 001A,Public order,Awaiting court outcome,
26cfe4cc4f62682dd86588cfa6da4825a81a014a99e5ed5d5da5e72df17136ad,2014-05,Cheshire Constabulary,Cheshire Constabulary,-3.059849,53.297838,On or near Ringway,E01018534,Cheshire West and Chester 001A,Public order,Awaiting court outcome,
aeb12ca6b5c1880269e7291412fa1dd0aa83a976f05536c2261c41cae8a048d7,2014-05,Cheshire Constabulary,Cheshire Constabulary,-3.062945,53.290808,On or near Parking Area,E01018534,Cheshire West and Chester 001A,Shoplifting,Under investigation,
72b475e445a3bac4e536203cfed671af3c71ed5e0ed6942ce3a033e9e0f8dfaf,2014-05,Cheshire Constabulary,Cheshire Constabulary,-3.063391,53.291838,On or near Parking Area,E01018534,Cheshire West and Chester 001A,Shoplifting,Investigation complete; no suspect identified,
768a2352b4e2955f3573510a8c566be3fa5167bf0e1d45dee3539a299e64cca2,2014-05,Cheshire Constabulary,Cheshire Constabulary,-3.060779,53.289955,On or near Gladstone Road,E01018534,Cheshire West and Chester 001A,Vehicle crime,Investigation complete; no suspect identified,
cf7516869f72013f850cba2386ebfd4076f51b52b9a0b5eea8473aff45e55bbe,2014-05,Cheshire Constabulary,Cheshire Constabulary,-3.063730,53.291583,On or near Ladies Walk,E01018534,Cheshire West and Chester 001A,Violence and sexual offences,Under investigation,
b46c238a5e869a955c6e0501b5bc3b6ea8d91029705ab8256cbf2a9e2392d874,2014-05,Cheshire Constabulary,Cheshire Constabulary,-3.061082,53.294339,On or near Spenser Road,E01018534,Cheshire West and Chester 001A,Violence and sexual offences,Under investigation,
3cba834ffcfd0834693f41f8068d2dfff5e4ffa68f998045953e9c855bc53ca8,2014-05,Cheshire Constabulary,Cheshire Constabulary,-3.061082,53.294339,On or near Spenser Road,E01018534,Cheshire West and Chester 001A,Violence and sexual offences,Under investigation,
db3aa0ff6367040d506938b8280e66e2d941b24a5b14fc1754af4f08e1734182,2014-05,Cheshire Constabulary,Cheshire Constabulary,-3.063730,53.291583,On or near Ladies Walk,E01018534,Cheshire West and Chester 001A,Violence and sexual offences,Offender given a caution,
,2014-05,Cheshire Constabulary,Cheshire Constabulary,-3.059621,53.300168,On or near Windle Court,E01018535,Cheshire West and Chester 001B,Anti-social behaviour,,
,2014-05,Cheshire Constabulary,Cheshire Constabulary,-3.059621,53.300168,On or near Windle Court,E01018535,Cheshire West and Chester 001B,Anti-social behaviour,,
,2014-05,Cheshire Constabulary,Cheshire Constabulary,-3.059621,53.300168,On or near Windle Court,E01018535,Cheshire West and Chester 001B,Anti-social behaviour,,
9ecefe55460220756c4330118dcdd6c5fa42c5c0094d9097ade8fe45b21b434a,2014-05,Cheshire Constabulary,Cheshire Constabulary,-3.057154,53.297457,On or near Westlands Close,E01018535,Cheshire West and Chester 001B,Drugs,Awaiting court outcome,
6a8ff9ccc9f09a51673ac56c6a50291b0566171d420d04056280ecb31777c481,2014-05,Cheshire Constabulary,Cheshire Constabulary,-3.057154,53.297457,On or near Westlands Close,E01018535,Cheshire West and Chester 001B,Drugs,Awaiting court outcome,
642aadf42d595321937acd65573b2bf80603e4d28c0d256ee4a49ff3f55aae7d,2014-05,Cheshire Constabulary,Cheshire Constabulary,-3.047128,53.299182,On or near Chester High Road,E01018535,Cheshire West and Chester 001B,Other theft,Investigation complete; no suspect identified,
565739b47c51721c038a707f8d89005bb91d31a77f3247c12567390513a5bf76,2014-05,Cheshire Constabulary,Cheshire Constabulary,-3.054860,53.295707,On or near Raby Park Road,E01018535,Cheshire West and Chester 001B,Violence and sexual offences,Under investigation,
,2014-05,Cheshire Constabulary,Cheshire Constabulary,-3.080682,53.299880,On or near Carlton Close,E01018536,Cheshire West and Chester 001C,Anti-social behaviour,,
b8c08a7be6a4b37dac4e989f937de03fbe3f505ce6cc3e687e41196647e1b452,2014-05,Cheshire Constabulary,Cheshire Constabulary,-3.081154,53.294833,On or near Sandheys,E01018536,Cheshire West and Chester 001C,Vehicle crime,Investigation complete; no suspect identified,
,2014-05,Cheshire Constabulary,Cheshire Constabulary,-3.074490,53.288745,On or near Manor Close,E01018537,Cheshire West and Chester 001D,Anti-social behaviour,,
,2014-05,Cheshire Constabulary,Cheshire Constabulary,-3.069366,53.292593,On or near Leighton Park,E01018537,Cheshire West and Chester 001D,Anti-social behaviour,,
,2014-05,Cheshire Constabulary,Cheshire Constabulary,-3.068261,53.289223,On or near Beechways Drive,E01018537,Cheshire West and Chester 001D,Anti-social behaviour,,
,2014-05,Cheshire Constabulary,Cheshire Constabulary,-3.080930,53.292462,On or near The Parade,E01018537,Cheshire West and Chester 001D,Anti-social behaviour,,
,2014-05,Cheshire Constabulary,Cheshire Constabulary,-3.074490,53.288745,On or near Manor Close,E01018537,Cheshire West and Chester 001D,Anti-social behaviour,,
23c12d33b8b4538e84ecaf7a7066f3ce3c1ab4453995a91bfbb2a2d37ba37249,2014-05,Cheshire Constabulary,Cheshire Constabulary,-3.074490,53.288745,On or near Manor Close,E01018537,Cheshire West and Chester 001D,Criminal damage and arson,Investigation complete; no suspect identified,
bd7d8d6e8a288e4ec1d06b169e9efe9464dfab425ce07a55d6f87bc3d4ffe242,2014-05,Cheshire Constabulary,Cheshire Constabulary,-3.074490,53.288745,On or near Manor Close,E01018537,Cheshire West and Chester 001D,Criminal damage and arson,Under investigation,
fd32890cc44155e1b9ad05ff640fd992cd79b15620e801e652accf9608e6d6f5,2014-05,Cheshire Constabulary,Cheshire Constabulary,-3.066726,53.290217,On or near Mill Street,E01018537,Cheshire West and Chester 001D,Other theft,Investigation complete; no suspect identified,
87ba8c7ae1caf7bbde00a8e7361fca4637921869347f32346713607d4b7690ad,2014-05,Cheshire Constabulary,Cheshire Constabulary,-3.064249,53.289529,On or near High Street,E01018537,Cheshire West and Chester 001D,Shoplifting,Awaiting court outcome,
,2014-05,Cheshire Constabulary,Cheshire Constabulary,-2.723211,53.299618,On or near Wayford Close,E01018685,Cheshire West and Chester 002A,Anti-social behaviour,,
7c14536d8b98d8e042eb0aa100ea3922325dc7927d2b7996ca6eddb418b50a72,2014-05,Cheshire Constabulary,Cheshire Constabulary,-2.716042,53.300704,On or near Riversdale,E01018685,Cheshire West and Chester 002A,Burglary,Under investigation,
eaa5fa564547b2ab03079e427a139e3297630bbea4df820cb9c1b66400fa1a0c,2014-05,Cheshire Constabulary,Cheshire Constabulary,-2.714342,53.300444,On or near Ashton Close,E01018685,Cheshire West and Chester 002A,Criminal damage and arson,Investigation complete; no suspect identified,
1d3b70d4e8ec20a8ad020802176544848f72df0397e577c403f5effedf1f801e,2014-05,Cheshire Constabulary,Cheshire Constabulary,-2.718725,53.300508,On or near Clifton Crescent,E01018685,Cheshire West and Chester 002A,Other theft,Investigation complete; no suspect identified,
fd4c636bb594ea61a65a148a1ddae18ba0be0b3ba8d5ad26bb5c4df663122aa0,2014-05,Cheshire Constabulary,Cheshire Constabulary,-2.714015,53.302415,On or near Marshgate Place,E01018685,Cheshire West and Chester 002A,Violence and sexual offences,Under investigation,
b9c4c3a4478fd8c0f7f7b2732dbb129749884cfb36a00d0d478e4fa068b10ffb,2014-05,Cheshire Constabulary,Cheshire Constabulary,-2.711980,53.297393,On or near Thirlmere Close,E01018686,Cheshire West and Chester 002B,Criminal damage and arson,Investigation complete; no suspect identified,
5d58ba05f5b0053a790325aaf814e62a97c6f7dd9a261a4f357931953748ece0,2014-05,Cheshire Constabulary,Cheshire Constabulary,-2.712585,53.300374,On or near Weaver Crescent,E01018686,Cheshire West and Chester 002B,Other theft,Investigation complete; no suspect identified,
9b20ea1c147a22e03b9855cc8ab0126e6dc0604ce455b69957fa353662b8f887,2014-05,Cheshire Constabulary,Cheshire Constabulary,-2.714013,53.298703,On or near Petrol Station,E01018686,Cheshire West and Chester 002B,Shoplifting,Under investigation,
23b9299edf899c14985d436d4774eed7fc03e87e41a4c3f5a9d52504193d594a,2014-05,Cheshire Constabulary,Cheshire Constabulary,-2.713626,53.288988,On or near Doric Avenue,E01018687,Cheshire West and Chester 002C,Burglary,Investigation complete; no suspect identified,
,2014-05,Cheshire Constabulary,Cheshire Constabulary,-2.724712,53.296130,On or near Supermarket,E01018688,Cheshire West and Chester 002D,Anti-social behaviour,,
,2014-05,Cheshire Constabulary,Cheshire Constabulary,-2.718886,53.294925,On or near The Willows,E01018688,Cheshire West and Chester 002D,Anti-social behaviour,,
,2014-05,Cheshire Constabulary,Cheshire Constabulary,-2.720986,53.297555,On or near Trinity Gardens,E01018688,Cheshire West and Chester 002D,Anti-social behaviour,,
,2014-05,Cheshire Constabulary,Cheshire Constabulary,-2.724712,53.296130,On or near Supermarket,E01018688,Cheshire West and Chester 002D,Anti-social behaviour,,
0a38b752a4bd549893a7efddd4e09edd95967e6a8e9a52938ac1f83860c32e22,2014-05,Cheshire Constabulary,Cheshire Constabulary,-2.721317,53.293202,On or near Church Close,E01018688,Cheshire West and Chester 002D,Burglary,Investigation complete; no suspect identified,
dedfc6c663deb016f22817beb7aa8bd30dda75b6914ce100594d318315caf622,2014-05,Cheshire Constabulary,Cheshire Constabulary,-2.732088,53.293128,On or near Millbank Court,E01018689,Cheshire West and Chester 002E,Criminal damage and arson,Investigation complete; no suspect identified,
,2014-05,Cheshire Constabulary,Cheshire Constabulary,-2.710010,53.283562,On or near Kingsley Road,E01018690,Cheshire West and Chester 002F,Anti-social behaviour,,
,2014-05,Cheshire Constabulary,Cheshire Constabulary,-2.721617,53.288724,On or near Middle Walk,E01018690,Cheshire West and Chester 002F,Anti-social behaviour,,
,2014-05,Cheshire Constabulary,Cheshire Constabulary,-2.728887,53.288392,On or near Howey Rise,E01018690,Cheshire West and Chester 002F,Anti-social behaviour,,
b9a6a53693ce097191013bd8f13e618248c8f7817fd6c03d93887d8b508d0ba8,2014-05,Cheshire Constabulary,Cheshire Constabulary,-2.741123,53.278627,On or near Tarvin Road,E01018690,Cheshire West and Chester 002F,Vehicle crime,Investigation complete; no suspect identified,
,2014-05,Cheshire Constabulary,Cheshire Constabulary,-2.576906,53.278896,On or near Church Road,E01018675,Cheshire West and Chester 003A,Anti-social behaviour,,
,2014-05,Cheshire Constabulary,Cheshire Constabulary,-2.524167,53.281926,On or near Parking Area,E01018675,Cheshire West and Chester 003A,Anti-social behaviour,,
,2014-05,Cheshire Constabulary,Cheshire Constabulary,-2.526677,53.279938,On or near Marbury Road,E01018675,Cheshire West and Chester 003A,Anti-social behaviour,,
,2014-05,Cheshire Constabulary,Cheshire Constabulary,-2.541322,53.275737,On or near Lydyett Lane,E01018675,Cheshire West and Chester 003A,Anti-social behaviour,,
,2014-05,Cheshire Constabulary,Cheshire Constabulary,-2.555407,53.285246,On or near Hough Lane,E01018675,Cheshire West and Chester 003A,Anti-social behaviour,,
,2014-05,Cheshire Constabulary,Cheshire Constabulary,-2.526677,53.279938,On or near Marbury Road,E01018675,Cheshire West and Chester 003A,Anti-social behaviour,,
ef449480758b903804f319af452c42385c9376d78c626723b38dbfb16a6483c3,2014-05,Cheshire Constabulary,Cheshire Constabulary,-2.569368,53.277117,On or near Hole House Lane,E01018675,Cheshire West and Chester 003A,Burglary,Investigation complete; no suspect identified,
bf8ba5bc48f2942b13d562807eea9d9da1c2d6e1aa511221a9cfe286fad72a36,2014-05,Cheshire Constabulary,Cheshire Constabulary,-2.532516,53.274267,On or near New Road,E01018675,Cheshire West and Chester 003A,Criminal damage and arson,Under investigation,
eed89c7c849a31126c6618d3c89df0781db631507933420650e609afef079d39,2014-05,Cheshire Constabulary,Cheshire Constabulary,-2.524167,53.281926,On or near Parking Area,E01018675,Cheshire West and Chester 003A,Drugs,Offender given a drugs possession warning,
,2014-05,Cheshire Constabulary,Cheshire Constabulary,-2.702938,53.303209,On or near Sutton Causeway,E01018708,Cheshire West and Chester 003B,Anti-social behaviour,,
,2014-05,Cheshire Constabulary,Cheshire Constabulary,-2.604022,53.270465,On or near Hill Top Road,E01018708,Cheshire West and Chester 003B,Anti-social behaviour,,
,2014-05,Cheshire Constabulary,Cheshire Constabulary,-2.598281,53.275968,On or near Warrington Road,E01018708,Cheshire West and Chester 003B,Anti-social behaviour,,
,2014-05,Cheshire Constabulary,Cheshire Constabulary,-2.699628,53.305377,On or near Clifton Road,E01018708,Cheshire West and Chester 003B,Anti-social behaviour,,
,2014-05,Cheshire Constabulary,Cheshire Constabulary,-2.625776,53.296933,On or near Lodge Lane,E01018708,Cheshire West and Chester 003B,Anti-social behaviour,,
1dd2c3d4635e44c6d2086bd0c0d76c0c10f7d2716e6c2c791e8ffa2cd6fdd44c,2014-05,Cheshire Constabulary,Cheshire Constabulary,-2.686214,53.309284,On or near Chester Road,E01018708,Cheshire West and Chester 003B,Burglary,Under investigation,
7d89754302ae0f80f9600d804915b38dd2bc2ced53ba0d01db332feef1f498ea,2014-05,Cheshire Constabulary,Cheshire Constabulary,-2.601807,53.266467,On or near Station Road,E01018708,Cheshire West and Chester 003B,Burglary,Investigation complete; no suspect identified,
136631bd407ef0c2c698b3538e85b038dff88a132d725332fa98c611fdb67b61,2014-05,Cheshire Constabulary,Cheshire Constabulary,-2.598281,53.275968,On or near Warrington Road,E01018708,Cheshire West and Chester 003B,Burglary,Investigation complete; no suspect identified,
885b441a2a77a3f1b4a020534de1854aaece650cbe45a5ce3204bf36cf0e310f,2014-05,Cheshire Constabulary,Cheshire Constabulary,-2.680756,53.313369,On or near Station Road,E01018708,Cheshire West and Chester 003B,Criminal damage and arson,Under investigation,
029fe39d37a0684a3d791c614ca33a27eab19f07b13310cfc16afa3ffb5b6bf7,2014-05,Cheshire Constabulary,Cheshire Constabulary,-2.680304,53.307583,On or near Aston Lane,E01018708,Cheshire West and Chester 003B,Other theft,Investigation complete; no suspect identified,
4f29ef3749a33aa5549b42d76e14cb2cae992452a234885db270491f58908693,2014-05,Cheshire Constabulary,Cheshire Constabulary,-2.680756,53.313369,On or near Station Road,E01018708,Cheshire West and Chester 003B,Vehicle crime,Under investigation,
3713f4a8ca14090153797638890044f82727e2a4ca838f35235ab37f5a40a107,2014-05,Cheshire Constabulary,Cheshire Constabulary,-2.636369,53.265677,On or near Kingsley Road,E01018708,Cheshire West and Chester 003B,Violence and sexual offences,Awaiting court outcome,
,2014-05,Cheshire Constabulary,Cheshire Constabulary,-2.579821,53.307017,On or near Street Lane,E01018721,Cheshire West and Chester 003C,Anti-social behaviour,,
,2014-05,Cheshire Constabulary,Cheshire Constabulary,-2.506961,53.293111,On or near High Street,E01018721,Cheshire West and Chester 003C,Anti-social behaviour,,
,2014-05,Cheshire Constabulary,Cheshire Constabulary,-2.496800,53.274619,On or near The Avenue,E01018721,Cheshire West and Chester 003C,Anti-social behaviour,,
c09915d07d2920013942b26e2d9ac5cebfff7b3865b5d2115e8951689d3473d0,2014-05,Cheshire Constabulary,Cheshire Constabulary,-2.507437,53.292758,On or near The Mount,E01018721,Cheshire West and Chester 003C,Burglary,Under investigation,
b898df9cc9d0a699b036c413f05047baae668f13be7aefb2c5dfab735f3264a8,2014-05,Cheshire Constabulary,Cheshire Constabulary,-2.498679,53.286611,On or near Hall Drive,E01018721,Cheshire West and Chester 003C,Vehicle crime,Investigation complete; no suspect identified,
,2014-05,Cheshire Constabulary,Cheshire Constabulary,-3.044538,53.276085,On or near Sports/Recreation Area,E01018518,Cheshire West and Chester 004A,Anti-social behaviour,,
,2014-05,Cheshire Constabulary,Cheshire Constabulary,-2.993487,53.296027,On or near Beech Hey Lane,E01018569,Cheshire West and Chester 004B,Anti-social behaviour,,
f5c3e377643dc1bef9891688b4630cc8fe97730cdc0bc26ec1cd818cdd0d9df8,2014-05,Cheshire Constabulary,Cheshire Constabulary,-3.003501,53.295036,On or near Briardale Road,E01018569,Cheshire West and Chester 004B,Other theft,Awaiting court outcome,
,2014-05,Cheshire Constabulary,Cheshire Constabulary,-2.955839,53.292515,On or near Orchard Lane,E01018570,Cheshire West and Chester 004C,Anti-social behaviour,,
,2014-05,Cheshire Constabulary,Cheshire Constabulary,-2.945197,53.301112,On or near Rivacre Road,E01018570,Cheshire West and Chester 004C,Anti-social behaviour,,
,2014-05,Cheshire Constabulary,Cheshire Constabulary,-2.954352,53.292446,On or near New Road,E01018570,Cheshire West and Chester 004C,Anti-social behaviour,,
,2014-05,Cheshire Constabulary,Cheshire Constabulary,-2.945197,53.301112,On or near Rivacre Road,E01018570,Cheshire West and Chester 004C,Anti-social behaviour,,
,2014-05,Cheshire Constabulary,Cheshire Constabulary,-2.945197,53.301112,On or near Rivacre Road,E01018570,Cheshire West and Chester 004C,Anti-social behaviour,,
e45f4ff8d58dd51fd719d8dfaca5bfc78f323e6bcdab08e2ba7bddad2fdfcee9,2014-05,Cheshire Constabulary,Cheshire Constabulary,-2.973726,53.297988,On or near Oak Road,E01018570,Cheshire West and Chester 004C,Burglary,Investigation complete; no suspect identified,
54fe136f1c74b7839a8843774d9054b66474769905be14b5a51ab8c86a684a4b,2014-05,Cheshire Constabulary,Cheshire Constabulary,-2.945197,53.301112,On or near Rivacre Road,E01018570,Cheshire West and Chester 004C,Burglary,Under investigation,
29e86c3419dc9176da68ab10e12e2636066198e20f71f06d7f1cc6f955b44f57,2014-05,Cheshire Constabulary,Cheshire Constabulary,-2.973726,53.297988,On or near Oak Road,E01018570,Cheshire West and Chester 004C,Burglary,Unable to prosecute suspect,
f5acfae9f70650af54e5f1e711e59b11768ae4dafefce581d96e631166b877a6,2014-05,Cheshire Constabulary,Cheshire Constabulary,-2.960283,53.300039,On or near Hooton Way,E01018570,Cheshire West and Chester 004C,Burglary,Investigation complete; no suspect identified,
95e3dabd0d5537a8eca8ac0c090396d1b0c29adb5ec607cbbb503c184b90bb89,2014-05,Cheshire Constabulary,Cheshire Constabulary,-2.952353,53.292938,On or near Woodland View,E01018570,Cheshire West and Chester 004C,Other theft,Unable to prosecute suspect,
6a583c6b76abcbbd16f85e09235f82f5d9d2124405f8264972e6f1737f33b1f6,2014-05,Cheshire Constabulary,Cheshire Constabulary,-2.954352,53.292446,On or near New Road,E01018570,Cheshire West and Chester 004C,Vehicle crime,Under investigation,
55cba6e4932467aceaa16e5537fe744aef9a37529cffa58cf3a7a7f31d3f7d2b,2014-05,Cheshire Constabulary,Cheshire Constabulary,-2.945197,53.301112,On or near Rivacre Road,E01018570,Cheshire West and Chester 004C,Vehicle crime,Investigation complete; no suspect identified,
,2014-05,Cheshire Constabulary,Cheshire Constabulary,-3.008829,53.293840,On or near Mill Green,E01018571,Cheshire West and Chester 004D,Anti-social behaviour,,
,2014-05,Cheshire Constabulary,Cheshire Constabulary,-3.025502,53.294030,On or near Hanns Hall Road,E01018571,Cheshire West and Chester 004D,Anti-social behaviour,,
3cea1aee18383e0a4238f23307b9f61e47fcfdd7b87cd2afc5811dda8faa8aac,2014-05,Cheshire Constabulary,Cheshire Constabulary,-3.011264,53.292120,On or near Broadlake,E01018571,Cheshire West and Chester 004D,Vehicle crime,Under investigation,
,2014-05,Cheshire Constabulary,Cheshire Constabulary,-2.928294,53.285586,On or near Ferguson Avenue,E01018546,Cheshire West and Chester 005A,Anti-social behaviour,,
,2014-05,Cheshire Constabulary,Cheshire Constabulary,-2.928294,53.285586,On or near Ferguson Avenue,E01018546,Cheshire West and Chester 005A,Anti-social behaviour,,
,2014-05,Cheshire Constabulary,Cheshire Constabulary,-2.920692,53.285052,On or near Straker Avenue,E01018546,Cheshire West and Chester 005A,Anti-social behaviour,,
5bb1f7222571749f447aa1b8fa788d5d6af1c0c9e2ee7474e2951ff1d1452abf,2014-05,Cheshire Constabulary,Cheshire Constabulary,-2.920692,53.285052,On or near Straker Avenue,E01018546,Cheshire West and Chester 005A,Burglary,Unable to prosecute suspect,
358e5202345fe9f57fb07e28679cdd8bf32eaec997266724bcb1ab28a86fcd62,2014-05,Cheshire Constabulary,Cheshire Constabulary,-2.926102,53.285522,On or near Crossley Avenue,E01018546,Cheshire West and Chester 005A,Criminal damage and arson,Investigation complete; no suspect identified,
870d57204e6a8acd9f6ca16a5e55514b03040d619b261b2ccf1a9269b80fa3d1,2014-05,Cheshire Constabulary,Cheshire Constabulary,-2.923964,53.285134,On or near Overpool Road,E01018546,Cheshire West and Chester 005A,Shoplifting,Under investigation,
708bf8e299667b792367400c39277546c6143eeb71085f683b4364714f071bd9,2014-05,Cheshire Constabulary,Cheshire Constabulary,-2.928013,53.287871,On or near Plantation Drive,E01018546,Cheshire West and Chester 005A,Violence and sexual offences,Unable to prosecute suspect,
,2014-05,Cheshire Constabulary,Cheshire Constabulary,-2.930892,53.286420,On or near Rossmore Road West,E01018547,Cheshire West and Chester 005B,Anti-social behaviour,,
,2014-05,Cheshire Constabulary,Cheshire Constabulary,-2.933013,53.289432,On or near Deerwood Close,E01018547,Cheshire West and Chester 005B,Anti-social behaviour,,
,2014-05,Cheshire Constabulary,Cheshire Constabulary,-2.933305,53.288369,On or near Veronica Way,E01018547,Cheshire West and Chester 005B,Anti-social behaviour,,
,2014-05,Cheshire Constabulary,Cheshire Constabulary,-2.933706,53.287512,On or near Eagle Lane,E01018547,Cheshire West and Chester 005B,Anti-social behaviour,,
2391d8e0e4f0bcc695f23dfbc996ba4539c6e481680fb0b53c7093c1aa6cae91,2014-05,Cheshire Constabulary,Cheshire Constabulary,-2.936039,53.285840,On or near Rossall Grove,E01018547,Cheshire West and Chester 005B,Criminal damage and arson,Investigation complete; no suspect identified,
,2014-05,Cheshire Constabulary,Cheshire Constabulary,-2.923584,53.291870,On or near Childwall Road,E01018548,Cheshire West and Chester 005C,Anti-social behaviour,,
,2014-05,Cheshire Constabulary,Cheshire Constabulary,-2.940290,53.296342,On or near Sports/Recreation Area,E01018548,Cheshire West and Chester 005C,Anti-social behaviour,,
e9223f0b76b18c8ee907a7a0a09b904df05ea8db3885da9355cbf3e8d17518ce,2014-05,Cheshire Constabulary,Cheshire Constabulary,-2.921884,53.293034,On or near Croughton Road,E01018548,Cheshire West and Chester 005C,Burglary,Under investigation,
606530c16b3f85cd22d81c1092bd1333a77e9da7e9b9f76db9005da0994fbad5,2014-05,Cheshire Constabulary,Cheshire Constabulary,-2.921884,53.293034,On or near Croughton Road,E01018548,Cheshire West and Chester 005C,Criminal damage and arson,Investigation complete; no suspect identified,
b3b4af54bca70c47e34d7d11aa0afba55f785b648cf6586a4d2e88681f5a1761,2014-05,Cheshire Constabulary,Cheshire Constabulary,-2.940290,53.296342,On or near Sports/Recreation Area,E01018548,Cheshire West and Chester 005C,Other theft,Investigation complete; no suspect identified,
b166c3283c1c2aa8b2048116c3dc130ac9b2edff3635af90b144265b4604f967,2014-05,Cheshire Constabulary,Cheshire Constabulary,-2.920971,53.286164,On or near Bailey Avenue,E01018548,Cheshire West and Chester 005C,Theft from the person,Awaiting court outcome,
e6dbafe129840f748485a1319d867267d0d3e438dd36ef2f0dc227a82f8d6d1f,2014-05,Cheshire Constabulary,Cheshire Constabulary,-2.920971,53.286164,On or near Bailey Avenue,E01018548,Cheshire West and Chester 005C,Violence and sexual offences,Awaiting court outcome,
09e513cb2bb009f2749c9926eaf6076469bdd310f2188fdae9f478ac3f555f62,2014-05,Cheshire Constabulary,Cheshire Constabulary,-2.920971,53.286164,On or near Bailey Avenue,E01018548,Cheshire West and Chester 005C,Violence and sexual offences,Awaiting court outcome,
2bdaaf672df0bd6e319d63d4ed9b0efe250f81a8f6feb73f19e935724b78031b,2014-05,Cheshire Constabulary,Cheshire Constabulary,-2.920971,53.286164,On or near Bailey Avenue,E01018548,Cheshire West and Chester 005C,Violence and sexual offences,Awaiting court outcome,
525f9baa0cef4884d04ff53330597b2037409823f8b0c8bfd69e9c96961faddc,2014-05,Cheshire Constabulary,Cheshire Constabulary,-2.920971,53.286164,On or near Bailey Avenue,E01018548,Cheshire West and Chester 005C,Violence and sexual offences,Under investigation,
,2014-05,Cheshire Constabulary,Cheshire Constabulary,-2.942958,53.286684,On or near Queens Road,E01018549,Cheshire West and Chester 005D,Anti-social behaviour,,
,2014-05,Cheshire Constabulary,Cheshire Constabulary,-2.940942,53.287752,On or near Sheepfield Close,E01018549,Cheshire West and Chester 005D,Anti-social behaviour,,
bc19f179885944bdf42aaf83176744bb11228175a34146e674bcd690a363cd10,2014-05,Cheshire Constabulary,Cheshire Constabulary,-2.943745,53.286292,On or near Kings Road,E01018549,Cheshire West and Chester 005D,Burglary,Investigation complete; no suspect identified,
a1f34f00f9fb7a91582729082933d9981cbe8df00ed98caf2dd7693ced889bce,2014-05,Cheshire Constabulary,Cheshire Constabulary,-2.943745,53.286292,On or near Kings Road,E01018549,Cheshire West and Chester 005D,Public order,Investigation complete; no suspect identified,
3f98c051b2bf295e29a6211aa169085a2687b46f6a617e58a79c5036a6b1b220,2014-05,Cheshire Constabulary,Cheshire Constabulary,-2.942298,53.285980,On or near Station Road,E01018549,Cheshire West and Chester 005D,Shoplifting,Under investigation,
1a8673f5a72203b426a6c352056a2769b3aa4b65946cd7675848d8a60490d480,2014-05,Cheshire Constabulary,Cheshire Constabulary,-2.942298,53.285980,On or near Station Road,E01018549,Cheshire West and Chester 005D,Shoplifting,Suspect charged as part of another case,
60c894c3787725c29cd5efe323df1345bd0d5bea1e979aa02db048bc707f009c,2014-05,Cheshire Constabulary,Cheshire Constabulary,-2.942298,53.285980,On or near Station Road,E01018549,Cheshire West and Chester 005D,Shoplifting,Suspect charged as part of another case,
ddbd3d7a085a0e8bfb1b045cd46393bffdc9aefa2f1d0110da733bd1a6f14858,2014-05,Cheshire Constabulary,Cheshire Constabulary,-2.942298,53.285980,On or near Station Road,E01018549,Cheshire West and Chester 005D,Shoplifting,Suspect charged as part of another case,
af3a392e59c1c81490bfb1ca88237de0007124225dec59ecffd97fbab2f8e10b,2014-05,Cheshire Constabulary,Cheshire Constabulary,-2.942298,53.285980,On or near Station Road,E01018549,Cheshire West and Chester 005D,Shoplifting,Under investigation,
1754bf012d5b5b8041f64f474753fa2802bffd9f964aa1865c6e2808fd8a6301,2014-05,Cheshire Constabulary,Cheshire Constabulary,-2.944878,53.286013,On or near Southfield Road,E01018549,Cheshire West and Chester 005D,Theft from the person,Under investigation,
9841c4eab5ba2480eabb91c07495ec15d47fe167ce733d4669d5f1476ba77fcd,2014-05,Cheshire Constabulary,Cheshire Constabulary,-2.939774,53.288570,On or near Pound Road,E01018549,Cheshire West and Chester 005D,Violence and sexual offences,Under investigation,
,2014-05,Cheshire Constabulary,Cheshire Constabulary,-3.055283,53.287910,On or near Station Close,E01018532,Cheshire West and Chester 006A,Anti-social behaviour,,
,2014-05,Cheshire Constabulary,Cheshire Constabulary,-3.058227,53.283218,On or near The Meadows,E01018532,Cheshire West and Chester 006A,Anti-social behaviour,,
,2014-05,Cheshire Constabulary,Cheshire Constabulary,-3.057561,53.287817,On or near Station Road,E01018532,Cheshire West and Chester 006A,Anti-social behaviour,,
,2014-05,Cheshire Constabulary,Cheshire Constabulary,-3.057561,53.287817,On or near Station Road,E01018532,Cheshire West and Chester 006A,Anti-social behaviour,,
,2014-05,Cheshire Constabulary,Cheshire Constabulary,-3.055283,53.287910,On or near Station Close,E01018532,Cheshire West and Chester 006A,Anti-social behaviour,,
084489a79e1e5d2ef30610df875d0ffd27424d4321407b242749ecde67b2354a,2014-05,Cheshire Constabulary,Cheshire Constabulary,-3.057561,53.287817,On or near Station Road,E01018532,Cheshire West and Chester 006A,Violence and sexual offences,Under investigation,
,2014-05,Cheshire Constabulary,Cheshire Constabulary,-3.053201,53.287452,On or near John Yeoman Close,E01018533,Cheshire West and Chester 006B,Anti-social behaviour,,
,2014-05,Cheshire Constabulary,Cheshire Constabulary,-3.062402,53.276178,On or near Darby Close,E01018544,Cheshire West and Chester 006C,Anti-social behaviour,,
,2014-05,Cheshire Constabulary,Cheshire Constabulary,-3.063142,53.278185,On or near New Street,E01018544,Cheshire West and Chester 006C,Anti-social behaviour,,
,2014-05,Cheshire Constabulary,Cheshire Constabulary,-3.064173,53.277421,On or near Sheldrake Grove,E01018544,Cheshire West and Chester 006C,Anti-social behaviour,,
,2014-05,Cheshire Constabulary,Cheshire Constabulary,-3.063142,53.278185,On or near New Street,E01018544,Cheshire West and Chester 006C,Anti-social behaviour,,
e1d8ad446bf5df0de522abc0dd068fedda6f8bb2b72f8850155e7e9ef01c36fa,2014-05,Cheshire Constabulary,Cheshire Constabulary,-3.066492,53.277212,On or near Quayside,E01018544,Cheshire West and Chester 006C,Drugs,Offender given a drugs possession warning,
,2014-05,Cheshire Constabulary,Cheshire Constabulary,-3.061926,53.282969,On or near Sutton Avenue,E01018545,Cheshire West and Chester 006D,Anti-social behaviour,,
,2014-05,Cheshire Constabulary,Cheshire Constabulary,-3.063878,53.284291,On or near Grasmere Road,E01018545,Cheshire West and Chester 006D,Anti-social behaviour,,
,2014-05,Cheshire Constabulary,Cheshire Constabulary,-3.063878,53.284291,On or near Grasmere Road,E01018545,Cheshire West and Chester 006D,Anti-social behaviour,,
9a5313105c221dfe2e90edf07cded305d12df02e56a791700a49555898d6f534,2014-05,Cheshire Constabulary,Cheshire Constabulary,-3.060372,53.283208,On or near Avon Close,E01018545,Cheshire West and Chester 006D,Burglary,Investigation complete; no suspect identified,
13ba0c53c63514d03c95e7d9ee3d69df77e68ef508b95e06b4c7856dbc1ad8e7,2014-05,Cheshire Constabulary,Cheshire Constabulary,-3.060764,53.286342,On or near Burton Road,E01018545,Cheshire West and Chester 006D,Criminal damage and arson,Investigation complete; no suspect identified,
27c454ab2de3356b24ed6d16bba80a0bc22b0513b8388c5ac76e1bdc15657d8b,2014-05,Cheshire Constabulary,Cheshire Constabulary,-3.062850,53.286988,On or near Church Lane,E01018545,Cheshire West and Chester 006D,Criminal damage and arson,Investigation complete; no suspect identified,
,2014-05,Cheshire Constabulary,Cheshire Constabulary,-2.902908,53.281763,On or near Briarfield Road,E01018519,Cheshire West and Chester 007A,Anti-social behaviour,,
,2014-05,Cheshire Constabulary,Cheshire Constabulary,-2.904218,53.277762,On or near Petrol Station,E01018519,Cheshire West and Chester 007A,Anti-social behaviour,,
,2014-05,Cheshire Constabulary,Cheshire Constabulary,-2.904117,53.279327,On or near Heathfield Road,E01018519,Cheshire West and Chester 007A,Anti-social behaviour,,
,2014-05,Cheshire Constabulary,Cheshire Constabulary,-2.904218,53.277762,On or near Petrol Station,E01018519,Cheshire West and Chester 007A,Anti-social behaviour,,
,2014-05,Cheshire Constabulary,Cheshire Constabulary,-2.900993,53.280573,On or near Victoria Road,E01018519,Cheshire West and Chester 007A,Anti-social behaviour,,
,2014-05,Cheshire Constabulary,Cheshire Constabulary,-2.901148,53.281524,On or near Priestfield Road,E01018519,Cheshire West and Chester 007A,Anti-social behaviour,,
,2014-05,Cheshire Constabulary,Cheshire Constabulary,-2.902453,53.282225,On or near Princes Road,E01018519,Cheshire West and Chester 007A,Anti-social behaviour,,
,2014-05,Cheshire Constabulary,Cheshire Constabulary,-2.904218,53.277762,On or near Petrol Station,E01018519,Cheshire West and Chester 007A,Anti-social behaviour,,
,2014-05,Cheshire Constabulary,Cheshire Constabulary,-2.904218,53.277762,On or near Petrol Station,E01018519,Cheshire West and Chester 007A,Anti-social behaviour,,
,2014-05,Cheshire Constabulary,Cheshire Constabulary,-2.904117,53.279327,On or near Heathfield Road,E01018519,Cheshire West and Chester 007A,Anti-social behaviour,,
,2014-05,Cheshire Constabulary,Cheshire Constabulary,-2.904218,53.277762,On or near Petrol Station,E01018519,Cheshire West and Chester 007A,Anti-social behaviour,,
26ee8cb436dfcb397ecaabf604600e4fe7c4a73d9573a5f8cfca42458609727d,2014-05,Cheshire Constabulary,Cheshire Constabulary,-2.904218,53.277762,On or near Petrol Station,E01018519,Cheshire West and Chester 007A,Bicycle theft,Investigation complete; no suspect identified,
59872ca54a110fc8ee7c9f980d5668c2262ad29bafbe5c9e2fab8934ce9d692b,2014-05,Cheshire Constabulary,Cheshire Constabulary,-2.904117,53.279327,On or near Heathfield Road,E01018519,Cheshire West and Chester 007A,Criminal damage and arson,Investigation complete; no suspect identified,
befb8b5d3b50be0c5893aba0c62f7ac4a0dabf378a19521166989cb6014399e1,2014-05,Cheshire Constabulary,Cheshire Constabulary,-2.906076,53.281199,On or near Flatt Lane,E01018519,Cheshire West and Chester 007A,Drugs,Offender given a drugs possession warning,
e79392bd31e9081fba6b65c90814537336f359865de903f463cc223773ac447e,2014-05,Cheshire Constabulary,Cheshire Constabulary,-2.904218,53.277762,On or near Petrol Station,E01018519,Cheshire West and Chester 007A,Other theft,Investigation complete; no suspect identified,
aee1a9453eab585deeeeeb72cd806d37f56675df7293dd780a7a86d035b0bd40,2014-05,Cheshire Constabulary,Cheshire Constabulary,-2.900749,53.277527,On or near Shopping Area,E01018519,Cheshire West and Chester 007A,Other theft,Investigation complete; no suspect identified,
6422c5933b11ee006b2f237ebdd212da7ae3066c605e0faa3ef7cfb1ec86455d,2014-05,Cheshire Constabulary,Cheshire Constabulary,-2.899391,53.277825,On or near Shopping Area,E01018519,Cheshire West and Chester 007A,Other theft,Investigation complete; no suspect identified,
82b27aa7d09346d7d1a55e59b4ba3bf4e67eddcc6b9cb85d180a9892bfaaea84,2014-05,Cheshire Constabulary,Cheshire Constabulary,-2.899391,53.277825,On or near Shopping Area,E01018519,Cheshire West and Chester 007A,Shoplifting,Under investigation,
af941a221decc2228a5c75a07dd2543299b3f4cf7fed3aa7fb3bb6e5492788ae,2014-05,Cheshire Constabulary,Cheshire Constabulary,-2.900749,53.277527,On or near Shopping Area,E01018519,Cheshire West and Chester 007A,Shoplifting,Unable to prosecute suspect,
ee717ef567820734d13f9d52ffa2bbec9f42663b5a99ab6e041634a80bec2755,2014-05,Cheshire Constabulary,Cheshire Constabulary,-2.900749,53.277527,On or near Shopping Area,E01018519,Cheshire West and Chester 007A,Shoplifting,Under investigation,
209a1eebf15e0e6e5f13e1a1697d4adc1867f2c650cef6719073b5783bbe9169,2014-05,Cheshire Constabulary,Cheshire Constabulary,-2.902511,53.277847,On or near Supermarket,E01018519,Cheshire West and Chester 007A,Shoplifting,Awaiting court outcome,
3b53040fc40c7018c4be6d407d9b35a20ad54f121064c003f6a4ede08931e781,2014-05,Cheshire Constabulary,Cheshire Constabulary,-2.902511,53.277847,On or near Supermarket,E01018519,Cheshire West and Chester 007A,Vehicle crime,Investigation complete; no suspect identified,
921a74c7a547a5058bc809ba86e04c4564f8d526f607e9cd5be0ad73feb44020,2014-05,Cheshire Constabulary,Cheshire Constabulary,-2.900993,53.280573,On or near Victoria Road,E01018519,Cheshire West and Chester 007A,Vehicle crime,Investigation complete; no suspect identified,
3e4d73df0420ba0cfa6d6eb460738eddbca95bbbc1f9d21bcd9327d8287f3506,2014-05,Cheshire Constabulary,Cheshire Constabulary,-2.902453,53.282225,On or near Princes Road,E01018519,Cheshire West and Chester 007A,Vehicle crime,Investigation complete; no suspect identified,
10fcd756e684fadba9b18d12a7fa1320f2e89c8d10d2393233d16704ef72858e,2014-05,Cheshire Constabulary,Cheshire Constabulary,-2.902615,53.279230,On or near Oldfield Road,E01018519,Cheshire West and Chester 007A,Violence and sexual offences,Formal action is not in the public interest,
69dacdab2cbdc396b1a507cb59eb31cfca631c4390958c7ea7cfe8fb168d4f8b,2014-05,Cheshire Constabulary,Cheshire Constabulary,-2.904218,53.277762,On or near Petrol Station,E01018519,Cheshire West and Chester 007A,Violence and sexual offences,Unable to prosecute suspect,
7bd72431c3950a888a60e4067b4da052284c5db4341d229c506e127e40b54ee0,2014-05,Cheshire Constabulary,Cheshire Constabulary,-2.904218,53.277762,On or near Petrol Station,E01018519,Cheshire West and Chester 007A,Violence and sexual offences,Unable to prosecute suspect,
19d049fdb23ba93d827f0b3435bfa3260012bbbe64afc9a5d35f11b9773c4b48,2014-05,Cheshire Constabulary,Cheshire Constabulary,-2.900749,53.277527,On or near Shopping Area,E01018519,Cheshire West and Chester 007A,Violence and sexual offences,Awaiting court outcome,
719538ce48ac451654ca5d313a0365e1410994c250a8c9d84398e671887a71cb,2014-05,Cheshire Constabulary,Cheshire Constabulary,-2.902511,53.277847,On or near Supermarket,E01018519,Cheshire West and Chester 007A,Violence and sexual offences,Formal action is not in the public interest,
,2014-05,Cheshire Constabulary,Cheshire Constabulary,-2.897515,53.280653,On or near Newton Road,E01018520,Cheshire West and Chester 007B,Anti-social behaviour,,
,2014-05,Cheshire Constabulary,Cheshire Constabulary,-2.896070,53.280376,On or near Holly Road,E01018520,Cheshire West and Chester 007B,Anti-social behaviour,,
,2014-05,Cheshire Constabulary,Cheshire Constabulary,-2.901863,53.277025,On or near Shopping Area,E01018520,Cheshire West and Chester 007B,Anti-social behaviour,,
,2014-05,Cheshire Constabulary,Cheshire Constabulary,-2.895120,53.279439,On or near Cambridge Road,E01018520,Cheshire West and Chester 007B,Anti-social behaviour,,
,2014-05,Cheshire Constabulary,Cheshire Constabulary,-2.896070,53.280376,On or near Holly Road,E01018520,Cheshire West and Chester 007B,Anti-social behaviour,,
,2014-05,Cheshire Constabulary,Cheshire Constabulary,-2.896792,53.280515,On or near Kingsley Road,E01018520,Cheshire West and Chester 007B,Anti-social behaviour,,
,2014-05,Cheshire Constabulary,Cheshire Constabulary,-2.898087,53.280046,On or near Exeter Road,E01018520,Cheshire West and Chester 007B,Anti-social behaviour,,
,2014-05,Cheshire Constabulary,Cheshire Constabulary,-2.898087,53.280046,On or near Exeter Road,E01018520,Cheshire West and Chester 007B,Anti-social behaviour,,
,2014-05,Cheshire Constabulary,Cheshire Constabulary,-2.897515,53.280653,On or near Newton Road,E01018520,Cheshire West and Chester 007B,Anti-social behaviour,,
,2014-05,Cheshire Constabulary,Cheshire Constabulary,-2.899273,53.280802,On or near Woodfield Road,E01018520,Cheshire West and Chester 007B,Anti-social behaviour,,
,2014-05,Cheshire Constabulary,Cheshire Constabulary,-2.897515,53.280653,On or near Newton Road,E01018520,Cheshire West and Chester 007B,Anti-social behaviour,,
,2014-05,Cheshire Constabulary,Cheshire Constabulary,-2.897515,53.280653,On or near Newton Road,E01018520,Cheshire West and Chester 007B,Anti-social behaviour,,
,2014-05,Cheshire Constabulary,Cheshire Constabulary,-2.896070,53.280376,On or near Holly Road,E01018520,Cheshire West and Chester 007B,Anti-social behaviour,,
,2014-05,Cheshire Constabulary,Cheshire Constabulary,-2.893605,53.277986,On or near Arthur Avenue,E01018520,Cheshire West and Chester 007B,Anti-social behaviour,,
,2014-05,Cheshire Constabulary,Cheshire Constabulary,-2.897372,53.281679,On or near Whitby Road,E01018520,Cheshire West and Chester 007B,Anti-social behaviour,,
,2014-05,Cheshire Constabulary,Cheshire Constabulary,-2.901413,53.278430,On or near Rivington Road,E01018520,Cheshire West and Chester 007B,Anti-social behaviour,,
,2014-05,Cheshire Constabulary,Cheshire Constabulary,-2.900499,53.279192,On or near Whitby Road,E01018520,Cheshire West and Chester 007B,Anti-social behaviour,,
,2014-05,Cheshire Constabulary,Cheshire Constabulary,-2.900499,53.279192,On or near Whitby Road,E01018520,Cheshire West and Chester 007B,Anti-social behaviour,,
,2014-05,Cheshire Constabulary,Cheshire Constabulary,-2.896070,53.280376,On or near Holly Road,E01018520,Cheshire West and Chester 007B,Anti-social behaviour,,
,2014-05,Cheshire Constabulary,Cheshire Constabulary,-2.898087,53.280046,On or near Exeter Road,E01018520,Cheshire West and Chester 007B,Anti-social behaviour,,
,2014-05,Cheshire Constabulary,Cheshire Constabulary,-2.895120,53.279439,On or near Cambridge Road,E01018520,Cheshire West and Chester 007B,Anti-social behaviour,,
6e1748ba2c9e754b838dee74c815028b5abd075422526491eb05b53b98d138ca,2014-05,Cheshire Constabulary,Cheshire Constabulary,-2.901413,53.278430,On or near Rivington Road,E01018520,Cheshire West and Chester 007B,Bicycle theft,Investigation complete; no suspect identified,
aa41229d71b4f4201225a6697afcbb8ced638031fcdf485bcd5e9c4dd80001aa,2014-05,Cheshire Constabulary,Cheshire Constabulary,-2.897515,53.280653,On or near Newton Road,E01018520,Cheshire West and Chester 007B,Bicycle theft,Investigation complete; no suspect identified,
1884c3cba95977c6602df07a20f40277b86a1d5734593901b7e70b6255f2d6d2,2014-05,Cheshire Constabulary,Cheshire Constabulary,-2.899896,53.279053,On or near York Road,E01018520,Cheshire West and Chester 007B,Criminal damage and arson,Under investigation,
d9cad76733b7dc0bdb64175fffdb9fb8b00f4effb541fa6c84a301cc9ad49d40,2014-05,Cheshire Constabulary,Cheshire Constabulary,-2.895120,53.279439,On or near Cambridge Road,E01018520,Cheshire West and Chester 007B,Criminal damage and arson,Under investigation,
1d030a7356b2a19af5a8fb80061da9de2843876abcb9fea2215e3506bbc52944,2014-05,Cheshire Constabulary,Cheshire Constabulary,-2.895120,53.279439,On or near Cambridge Road,E01018520,Cheshire West and Chester 007B,Criminal damage and arson,Investigation complete; no suspect identified,
040159bbf8a98a145632cc61c29827305c6ee0877ad4139c4b73a7476522931e,2014-05,Cheshire Constabulary,Cheshire Constabulary,-2.899896,53.279053,On or near York Road,E01018520,Cheshire West and Chester 007B,Criminal damage and arson,Investigation complete; no suspect identified,
4c935dfc09d888ce94b1a5e23f0337d8e90e55ecf72780f8db1aa33ccaa3bc14,2014-05,Cheshire Constabulary,Cheshire Constabulary,-2.901863,53.277025,On or near Shopping Area,E01018520,Cheshire West and Chester 007B,Shoplifting,Under investigation,
bab3e5978b6c219d223978af0fe8fb19ae3a79f11a2c92b237e93b61d9dc651f,2014-05,Cheshire Constabulary,Cheshire Constabulary,-2.901863,53.277025,On or near Shopping Area,E01018520,Cheshire West and Chester 007B,Shoplifting,Unable to prosecute suspect,
82176a5db2f1afff14fb9d91fe34c47390aa0b52ad85a0b16305cd7693e30947,2014-05,Cheshire Constabulary,Cheshire Constabulary,-2.901863,53.277025,On or near Shopping Area,E01018520,Cheshire West and Chester 007B,Shoplifting,Under investigation,
25452e1f11250d1c45b149ea6d8c3af41840a91e46dd562cb47f4cdb9cd15ac7,2014-05,Cheshire Constabulary,Cheshire Constabulary,-2.901413,53.278430,On or near Rivington Road,E01018520,Cheshire West and Chester 007B,Shoplifting,Offender given a caution,
cd978da1fdc9071ddceaff62d8f6c14befaaaa98528bbba077642a8b00656ad4,2014-05,Cheshire Constabulary,Cheshire Constabulary,-2.901413,53.278430,On or near Rivington Road,E01018520,Cheshire West and Chester 007B,Shoplifting,Under investigation,
1b4b41205edc9b3813629c34aea9fec2426f62438e20256b09d462121f9498da,2014-05,Cheshire Constabulary,Cheshire Constabulary,-2.901863,53.277025,On or near Shopping Area,E01018520,Cheshire West and Chester 007B,Shoplifting,Offender given a caution,
f574681ec7ebdd31eff0a562a15f699f60bc8f6a7c593b0283e58265fba6505e,2014-05,Cheshire Constabulary,Cheshire Constabulary,-2.896800,53.278708,On or near Supermarket,E01018520,Cheshire West and Chester 007B,Shoplifting,Under investigation,
bb388b404507700a70c2313473529f5c9c023b24ce4c57eb16930293a73d5e71,2014-05,Cheshire Constabulary,Cheshire Constabulary,-2.901413,53.278430,On or near Rivington Road,E01018520,Cheshire West and Chester 007B,Shoplifting,Investigation complete; no suspect identified,
d21e204bc94e4e26ff09aaa98f5eace5eb6669fec89c00fdafdb6890e277947f,2014-05,Cheshire Constabulary,Cheshire Constabulary,-2.901413,53.278430,On or near Rivington Road,E01018520,Cheshire West and Chester 007B,Shoplifting,Under investigation,
6b16e2a3f461d20dbd0891f716cf6ca6533fa69c0ee9d9aa9b37082bea23ed37,2014-05,Cheshire Constabulary,Cheshire Constabulary,-2.901863,53.277025,On or near Shopping Area,E01018520,Cheshire West and Chester 007B,Shoplifting,Unable to prosecute suspect,
9016927d1b732b983aad5fd7c805ae114de0e0fcc1207515ac4f20fd652dde73,2014-05,Cheshire Constabulary,Cheshire Constabulary,-2.901863,53.277025,On or near Shopping Area,E01018520,Cheshire West and Chester 007B,Theft from the person,Investigation complete; no suspect identified,
7f09667e283e7559db7328d8d5c674d0d0c204dfbd6433aa185561b2a68e539e,2014-05,Cheshire Constabulary,Cheshire Constabulary,-2.901863,53.277025,On or near Shopping Area,E01018520,Cheshire West and Chester 007B,Theft from the person,Investigation complete; no suspect identified,
d9cad76733b7dc0bdb64175fffdb9fb8b00f4effb541fa6c84a301cc9ad49d40,2014-05,Cheshire Constabulary,Cheshire Constabulary,-2.895120,53.279439,On or near Cambridge Road,E01018520,Cheshire West and Chester 007B,Violence and sexual offences,Unable to prosecute suspect,
caea840871348f4e60ec48c8bdf33336e5a89bbb6605b0d73a55f06b3a2b388c,2014-05,Cheshire Constabulary,Cheshire Constabulary,-2.899896,53.279053,On or near York Road,E01018520,Cheshire West and Chester 007B,Violence and sexual offences,Investigation complete; no suspect identified,
,2014-05,Cheshire Constabulary,Cheshire Constabulary,-2.911215,53.281628,On or near Deansgate,E01018525,Cheshire West and Chester 007C,Anti-social behaviour,,
,2014-05,Cheshire Constabulary,Cheshire Constabulary,-2.910440,53.279782,On or near Kensington Road,E01018525,Cheshire West and Chester 007C,Anti-social behaviour,,
,2014-05,Cheshire Constabulary,Cheshire Constabulary,-2.908265,53.281174,On or near Queens Gardens,E01018525,Cheshire West and Chester 007C,Anti-social behaviour,,
,2014-05,Cheshire Constabulary,Cheshire Constabulary,-2.908265,53.281174,On or near Queens Gardens,E01018525,Cheshire West and Chester 007C,Anti-social behaviour,,
edd81360d90280ac78af22257a320ece64d6407a01dbdafd87a460d62a8bb44f,2014-05,Cheshire Constabulary,Cheshire Constabulary,-2.914068,53.279718,On or near Sports/Recreation Area,E01018525,Cheshire West and Chester 007C,Criminal damage and arson,Investigation complete; no suspect identified,
37a13f515333e003efff369f115147a139cd1b80f540adbb068148a814941e1d,2014-05,Cheshire Constabulary,Cheshire Constabulary,-2.907271,53.280975,On or near Earls Gardens,E01018525,Cheshire West and Chester 007C,Criminal damage and arson,Under investigation,
7aca672061862a92d1a4a490fad24b5a0d3ada588f462dad5802d577e47219cc,2014-05,Cheshire Constabulary,Cheshire Constabulary,-2.910440,53.279782,On or near Kensington Road,E01018525,Cheshire West and Chester 007C,Other theft,Investigation complete; no suspect identified,
,2014-05,Cheshire Constabulary,Cheshire Constabulary,-2.919697,53.291073,On or near Nalor Place,E01018563,Cheshire West and Chester 007D,Anti-social behaviour,,
,2014-05,Cheshire Constabulary,Cheshire Constabulary,-2.907819,53.288431,On or near Slackswood Close,E01018563,Cheshire West and Chester 007D,Anti-social behaviour,,
,2014-05,Cheshire Constabulary,Cheshire Constabulary,-2.904679,53.286091,On or near Abbots Mews,E01018563,Cheshire West and Chester 007D,Anti-social behaviour,,
,2014-05,Cheshire Constabulary,Cheshire Constabulary,-2.902685,53.284695,On or near Redhill Mews,E01018563,Cheshire West and Chester 007D,Anti-social behaviour,,
,2014-05,Cheshire Constabulary,Cheshire Constabulary,-2.906535,53.287300,On or near Wellwood Close,E01018563,Cheshire West and Chester 007D,Anti-social behaviour,,
,2014-05,Cheshire Constabulary,Cheshire Constabulary,-2.911395,53.287982,On or near Rossbank Road,E01018563,Cheshire West and Chester 007D,Anti-social behaviour,,
,2014-05,Cheshire Constabulary,Cheshire Constabulary,-2.896882,53.285494,On or near Parking Area,E01018563,Cheshire West and Chester 007D,Anti-social behaviour,,
,2014-05,Cheshire Constabulary,Cheshire Constabulary,-2.897131,53.282373,On or near Pedestrian Subway,E01018563,Cheshire West and Chester 007D,Anti-social behaviour,,
,2014-05,Cheshire Constabulary,Cheshire Constabulary,-2.912054,53.285837,On or near Rosscliffe Road,E01018563,Cheshire West and Chester 007D,Anti-social behaviour,,
,2014-05,Cheshire Constabulary,Cheshire Constabulary,-2.912054,53.285837,On or near Rosscliffe Road,E01018563,Cheshire West and Chester 007D,Anti-social behaviour,,
,2014-05,Cheshire Constabulary,Cheshire Constabulary,-2.910466,53.283818,On or near Ross Road,E01018563,Cheshire West and Chester 007D,Anti-social behaviour,,
,2014-05,Cheshire Constabulary,Cheshire Constabulary,-2.906535,53.287300,On or near Wellwood Close,E01018563,Cheshire West and Chester 007D,Anti-social behaviour,,
,2014-05,Cheshire Constabulary,Cheshire Constabulary,-2.914744,53.289592,On or near Aire Close,E01018563,Cheshire West and Chester 007D,Anti-social behaviour,,
,2014-05,Cheshire Constabulary,Cheshire Constabulary,-2.896598,53.283402,On or near John Nicholas Crescent,E01018563,Cheshire West and Chester 007D,Anti-social behaviour,,
,2014-05,Cheshire Constabulary,Cheshire Constabulary,-2.913970,53.289841,On or near Swale Road,E01018563,Cheshire West and Chester 007D,Anti-social behaviour,,
,2014-05,Cheshire Constabulary,Cheshire Constabulary,-2.896882,53.285494,On or near Parking Area,E01018563,Cheshire West and Chester 007D,Anti-social behaviour,,
f424bb965376f4b53fcd0a11755a88d7619ffc788b635e722394eef8382fdc68,2014-05,Cheshire Constabulary,Cheshire Constabulary,-2.908420,53.294153,On or near M53,E01018563,Cheshire West and Chester 007D,Burglary,Investigation complete; no suspect identified,
0235de38a562513c67576a1d8a62337c6eb317fdd90f27f30a40efb7e94b0ce0,2014-05,Cheshire Constabulary,Cheshire Constabulary,-2.907135,53.287304,On or near Redhillswood Chase,E01018563,Cheshire West and Chester 007D,Burglary,Under investigation,
c2f28b9bb42c311a0eb5c6d19db5a4ab2319b0405ef1f5857d4b91526518f963,2014-05,Cheshire Constabulary,Cheshire Constabulary,-2.896598,53.283402,On or near John Nicholas Crescent,E01018563,Cheshire West and Chester 007D,Criminal damage and arson,Unable to prosecute suspect,
dbca0c998d9803c88ae8996a98cf10c92780c0dd9e41107258aeacb8a53de4c4,2014-05,Cheshire Constabulary,Cheshire Constabulary,-2.896882,53.285494,On or near Parking Area,E01018563,Cheshire West and Chester 007D,Criminal damage and arson,Investigation complete; no suspect identified,
adc6d5829e5262d1095a7c3889228b8283401ca3cc04207bedb3f85ac0770c44,2014-05,Cheshire Constabulary,Cheshire Constabulary,-2.897131,53.282373,On or near Pedestrian Subway,E01018563,Cheshire West and Chester 007D,Criminal damage and arson,Investigation complete; no suspect identified,
eb99e7bc672394304321444042d477481aba271646d1a6958941707f0086faae,2014-05,Cheshire Constabulary,Cheshire Constabulary,-2.908018,53.285769,On or near Broad Birches,E01018563,Cheshire West and Chester 007D,Criminal damage and arson,Investigation complete; no suspect identified,
c278315778040c96140fa8eb0e8be3b9017fe47ec814a9e58871c99a3ae55642,2014-05,Cheshire Constabulary,Cheshire Constabulary,-2.919376,53.290114,On or near Blackstairs Road,E01018563,Cheshire West and Chester 007D,Criminal damage and arson,Investigation complete; no suspect identified,
1d1292cca3799bd6415be2c2e5a845c6fe353676cde1d2f6ff5ea271bd33f1f0,2014-05,Cheshire Constabulary,Cheshire Constabulary,-2.902685,53.284695,On or near Redhill Mews,E01018563,Cheshire West and Chester 007D,Criminal damage and arson,Investigation complete; no suspect identified,
6e2660c041d3899d1fc177cfe3e97f05edf59dd0bc13e7dcff0d2cd4ee200599,2014-05,Cheshire Constabulary,Cheshire Constabulary,-2.913266,53.289891,On or near Rother Drive,E01018563,Cheshire West and Chester 007D,Criminal damage and arson,Awaiting court outcome,
ec22fa18e717bf4bd8c4a4bf5959dfd2a751cc246303b7d3b307c68d8ab81815,2014-05,Cheshire Constabulary,Cheshire Constabulary,-2.919697,53.291073,On or near Nalor Place,E01018563,Cheshire West and Chester 007D,Other theft,Investigation complete; no suspect identified,
2be786d89bf77dbce8df2a685f8c2030cf72c865c190ff3e4d08e148c23eaa6f,2014-05,Cheshire Constabulary,Cheshire Constabulary,-2.910466,53.283818,On or near Ross Road,E01018563,Cheshire West and Chester 007D,Other theft,Investigation complete; no suspect identified,
96f93463777810e3ad91542d782855182359a45573cbe709e6226ed668632edb,2014-05,Cheshire Constabulary,Cheshire Constabulary,-2.897131,53.282373,On or near Pedestrian Subway,E01018563,Cheshire West and Chester 007D,Other theft,Investigation complete; no suspect identified,
c364df1e5b02d7edb962bd6f7036ce58447fbc8e02d6ff7c725e527c081d1254,2014-05,Cheshire Constabulary,Cheshire Constabulary,-2.917829,53.290045,On or near Atlas Way,E01018563,Cheshire West and Chester 007D,Vehicle crime,Under investigation,
c70473df82a07f64dc7919483f6d453c41603f0bc389dad8242b89af1a987d5d,2014-05,Cheshire Constabulary,Cheshire Constabulary,-2.912546,53.284305,On or near Rossfield Road,E01018563,Cheshire West and Chester 007D,Vehicle crime,Investigation complete; no suspect identified,
f140ef909adcabaa85a83db3f36018413e49aed7e07de7249d7486f0b4ed8b7f,2014-05,Cheshire Constabulary,Cheshire Constabulary,-2.914170,53.288706,On or near Don Walk,E01018563,Cheshire West and Chester 007D,Vehicle crime,Investigation complete; no suspect identified,
a535ed12d8e0d9667d93d1a1ac7175ef11e20df69b66e0c9cfa6cea76b8d76da,2014-05,Cheshire Constabulary,Cheshire Constabulary,-2.912546,53.284305,On or near Rossfield Road,E01018563,Cheshire West and Chester 007D,Vehicle crime,Investigation complete; no suspect identified,
d21922000d3cedd68739e3c8d512d4b98f9785300cb610e14c6970b03896a51a,2014-05,Cheshire Constabulary,Cheshire Constabulary,-2.913266,53.289891,On or near Rother Drive,E01018563,Cheshire West and Chester 007D,Violence and sexual offences,Offender given community sentence,
a865e0b97efbb9e66fcea8cc41222d145cd20f304cced48691c7a6f6c3227ad0,2014-05,Cheshire Constabulary,Cheshire Constabulary,-2.917829,53.290045,On or near Atlas Way,E01018563,Cheshire West and Chester 007D,Violence and sexual offences,Awaiting court outcome,
1532de5c98c6c7a7e1345bf31d61b9ca2102c3d0b678dda2be4fad616f91bd04,2014-05,Cheshire Constabulary,Cheshire Constabulary,-2.913266,53.289891,On or near Rother Drive,E01018563,Cheshire West and Chester 007D,Other crime,Offender sent to prison,
,2014-05,Cheshire Constabulary,Cheshire Constabulary,-2.899914,53.287745,On or near Livingstone Road,E01018564,Cheshire West and Chester 007E,Anti-social behaviour,,
,2014-05,Cheshire Constabulary,Cheshire Constabulary,-2.904445,53.288475,On or near Stour Court,E01018564,Cheshire West and Chester 007E,Anti-social behaviour,,
,2014-05,Cheshire Constabulary,Cheshire Constabulary,-2.903979,53.289135,On or near Frome Court,E01018564,Cheshire West and Chester 007E,Anti-social behaviour,,
,2014-05,Cheshire Constabulary,Cheshire Constabulary,-2.897710,53.287789,On or near Alexandra Street,E01018564,Cheshire West and Chester 007E,Anti-social behaviour,,
,2014-05,Cheshire Constabulary,Cheshire Constabulary,-2.894870,53.287558,On or near Dock Street,E01018564,Cheshire West and Chester 007E,Anti-social behaviour,,
,2014-05,Cheshire Constabulary,Cheshire Constabulary,-2.900635,53.287084,On or near Whitemere Court,E01018564,Cheshire West and Chester 007E,Anti-social behaviour,,
,2014-05,Cheshire Constabulary,Cheshire Constabulary,-2.899884,53.284878,On or near Errington Avenue,E01018564,Cheshire West and Chester 007E,Anti-social behaviour,,
,2014-05,Cheshire Constabulary,Cheshire Constabulary,-2.894870,53.287558,On or near Dock Street,E01018564,Cheshire West and Chester 007E,Anti-social behaviour,,
,2014-05,Cheshire Constabulary,Cheshire Constabulary,-2.900176,53.288777,On or near Nelson Road,E01018564,Cheshire West and Chester 007E,Anti-social behaviour,,
,2014-05,Cheshire Constabulary,Cheshire Constabulary,-2.898306,53.286184,On or near Wilkinson Street North,E01018564,Cheshire West and Chester 007E,Anti-social behaviour,,
,2014-05,Cheshire Constabulary,Cheshire Constabulary,-2.895586,53.289504,On or near Lower Mersey Street,E01018564,Cheshire West and Chester 007E,Anti-social behaviour,,
,2014-05,Cheshire Constabulary,Cheshire Constabulary,-2.898306,53.286184,On or near Wilkinson Street North,E01018564,Cheshire West and Chester 007E,Anti-social behaviour,,
,2014-05,Cheshire Constabulary,Cheshire Constabulary,-2.898106,53.285224,On or near Church Street,E01018564,Cheshire West and Chester 007E,Anti-social behaviour,,
,2014-05,Cheshire Constabulary,Cheshire Constabulary,-2.895447,53.282898,On or near Cook Street,E01018564,Cheshire West and Chester 007E,Anti-social behaviour,,
,2014-05,Cheshire Constabulary,Cheshire Constabulary,-2.897123,53.288396,On or near Upper Mersey Street,E01018564,Cheshire West and Chester 007E,Anti-social behaviour,,
,2014-05,Cheshire Constabulary,Cheshire Constabulary,-2.899466,53.288531,On or near Grafton Road,E01018564,Cheshire West and Chester 007E,Anti-social behaviour,,
,2014-05,Cheshire Constabulary,Cheshire Constabulary,-2.901478,53.283661,On or near Percival Road,E01018564,Cheshire West and Chester 007E,Anti-social behaviour,,
,2014-05,Cheshire Constabulary,Cheshire Constabulary,-2.897123,53.288396,On or near Upper Mersey Street,E01018564,Cheshire West and Chester 007E,Anti-social behaviour,,
,2014-05,Cheshire Constabulary,Cheshire Constabulary,-2.901478,53.283661,On or near Percival Road,E01018564,Cheshire West and Chester 007E,Anti-social behaviour,,
,2014-05,Cheshire Constabulary,Cheshire Constabulary,-2.898106,53.285224,On or near Church Street,E01018564,Cheshire West and Chester 007E,Anti-social behaviour,,
,2014-05,Cheshire Constabulary,Cheshire Constabulary,-2.897194,53.287505,On or near Edward Street,E01018564,Cheshire West and Chester 007E,Anti-social behaviour,,
,2014-05,Cheshire Constabulary,Cheshire Constabulary,-2.900385,53.285863,On or near Egerton Street,E01018564,Cheshire West and Chester 007E,Anti-social behaviour,,
,2014-05,Cheshire Constabulary,Cheshire Constabulary,-2.893848,53.287467,On or near Grosvenor Wharf Road,E01018564,Cheshire West and Chester 007E,Anti-social behaviour,,
,2014-05,Cheshire Constabulary,Cheshire Constabulary,-2.899884,53.284878,On or near Errington Avenue,E01018564,Cheshire West and Chester 007E,Anti-social behaviour,,
,2014-05,Cheshire Constabulary,Cheshire Constabulary,-2.898931,53.288804,On or near Stanley Road,E01018564,Cheshire West and Chester 007E,Anti-social behaviour,,
,2014-05,Cheshire Constabulary,Cheshire Constabulary,-2.899884,53.284878,On or near Errington Avenue,E01018564,Cheshire West and Chester 007E,Anti-social behaviour,,
,2014-05,Cheshire Constabulary,Cheshire Constabulary,-2.895586,53.289504,On or near Lower Mersey Street,E01018564,Cheshire West and Chester 007E,Anti-social behaviour,,
,2014-05,Cheshire Constabulary,Cheshire Constabulary,-2.895586,53.289504,On or near Lower Mersey Street,E01018564,Cheshire West and Chester 007E,Anti-social behaviour,,
,2014-05,Cheshire Constabulary,Cheshire Constabulary,-2.897883,53.288174,On or near A5032,E01018564,Cheshire West and Chester 007E,Anti-social behaviour,,
,2014-05,Cheshire Constabulary,Cheshire Constabulary,-2.897123,53.288396,On or near Upper Mersey Street,E01018564,Cheshire West and Chester 007E,Anti-social behaviour,,
f083f558462c1135350f3ca5140ddbd568d15694eee7e1c728ea3b6264104ec3,2014-05,Cheshire Constabulary,Cheshire Constabulary,-2.901478,53.283661,On or near Percival Road,E01018564,Cheshire West and Chester 007E,Burglary,Unable to prosecute suspect,
c939c2b078e01a6266d9c3a694061955386d5dc3fec1c8cc83bf643215695445,2014-05,Cheshire Constabulary,Cheshire Constabulary,-2.893848,53.287467,On or near Grosvenor Wharf Road,E01018564,Cheshire West and Chester 007E,Burglary,Under investigation,
721955b10fa23f727b64f3dafde4591a4ad1838aff00222a3f77d9b483aef67c,2014-05,Cheshire Constabulary,Cheshire Constabulary,-2.900946,53.289014,On or near Lime Street,E01018564,Cheshire West and Chester 007E,Burglary,Under investigation,
922b3d0af7cc4c53d897614529cd98ab9bd56864335945585c45f1b6bcd05427,2014-05,Cheshire Constabulary,Cheshire Constabulary,-2.900946,53.289014,On or near Lime Street,E01018564,Cheshire West and Chester 007E,Burglary,Under investigation,
980b7e9bf90f4e4dd8d0ffdf950dd15537f487afff4c0317f2b20d084566fa1f,2014-05,Cheshire Constabulary,Cheshire Constabulary,-2.893848,53.287467,On or near Grosvenor Wharf Road,E01018564,Cheshire West and Chester 007E,Burglary,Investigation complete; no suspect identified,
e0ee3e6b6ddadb23413aa5ce191817aa385169bfa29bb40da8b7d1ccc80ec6d9,2014-05,Cheshire Constabulary,Cheshire Constabulary,-2.900946,53.289014,On or near Lime Street,E01018564,Cheshire West and Chester 007E,Burglary,Under investigation,
71d2558af7d1b7fdefb8aa71200e59c8a301ccba16796fcb88a2fc4f98a51707,2014-05,Cheshire Constabulary,Cheshire Constabulary,-2.898106,53.285224,On or near Church Street,E01018564,Cheshire West and Chester 007E,Criminal damage and arson,Under investigation,
f21c5b3e17d835c2e254e9b7a1b8a719d813ae105e2794e1661860785b6461d4,2014-05,Cheshire Constabulary,Cheshire Constabulary,-2.898931,53.288804,On or near Stanley Road,E01018564,Cheshire West and Chester 007E,Criminal damage and arson,Investigation complete; no suspect identified,
d19949b31f2f35aac5c9e661c06dbdd19657ab01fbba95f8d9521b983118fd86,2014-05,Cheshire Constabulary,Cheshire Constabulary,-2.893848,53.287467,On or near Grosvenor Wharf Road,E01018564,Cheshire West and Chester 007E,Criminal damage and arson,Investigation complete; no suspect identified,
31d4c4b3981d1fffdba012c52d900f151bc5c2b4e8197eb6ba176b77082a5301,2014-05,Cheshire Constabulary,Cheshire Constabulary,-2.895765,53.285179,On or near Eleanor Street,E01018564,Cheshire West and Chester 007E,Criminal damage and arson,Investigation complete; no suspect identified,
43a4154cc3c50fd2cf0836d02fef7a91e866c090461229106cb63ff0b4ffb103,2014-05,Cheshire Constabulary,Cheshire Constabulary,-2.897123,53.288396,On or near Upper Mersey Street,E01018564,Cheshire West and Chester 007E,Criminal damage and arson,Investigation complete; no suspect identified,
3fe00c366674edbd809ee7a9e61f7760f35773d30a10d53f35b2b62d9d729782,2014-05,Cheshire Constabulary,Cheshire Constabulary,-2.895765,53.285179,On or near Eleanor Street,E01018564,Cheshire West and Chester 007E,Criminal damage and arson,Investigation complete; no suspect identified,
b4bbae635f2d6937a605142c97cbc65c0e2336f6158d90c5794dc0ef43be5849,2014-05,Cheshire Constabulary,Cheshire Constabulary,-2.898931,53.288804,On or near Stanley Road,E01018564,Cheshire West and Chester 007E,Criminal damage and arson,Investigation complete; no suspect identified,
10b07f0d18ba24e8ea54774592306de3aca27afbd6738445199fa92db61b5c08,2014-05,Cheshire Constabulary,Cheshire Constabulary,-2.892264,53.284162,On or near Crescent Road,E01018564,Cheshire West and Chester 007E,Other theft,Under investigation,
fc414eb0a87efe33eaaea6f1e1e827bf70e1876a8fed5d7b73ec38e15d177be3,2014-05,Cheshire Constabulary,Cheshire Constabulary,-2.895586,53.289504,On or near Lower Mersey Street,E01018564,Cheshire West and Chester 007E,Other theft,Investigation complete; no suspect identified,
ba6a86b003322f6595a22a476ee61ff55b8bad60d9a006b6b14f6d3715298dfd,2014-05,Cheshire Constabulary,Cheshire Constabulary,-2.896174,53.286776,On or near Old Church Close,E01018564,Cheshire West and Chester 007E,Other theft,Under investigation,
194ddf17cc1984d7f1e37d08d60c3084e2dd70bc8e7460de740dc5d7119d9c3f,2014-05,Cheshire Constabulary,Cheshire Constabulary,-2.903979,53.289135,On or near Frome Court,E01018564,Cheshire West and Chester 007E,Public order,Offender given community sentence,
52d64e22fdecc226f2a67ea201dbc625b16b3d906774e131cd9da5db667106a1,2014-05,Cheshire Constabulary,Cheshire Constabulary,-2.892264,53.284162,On or near Crescent Road,E01018564,Cheshire West and Chester 007E,Shoplifting,Under investigation,
678d793bf6e6f9f7bfcefc130a983051b6835959a25026660b769c05914610c7,2014-05,Cheshire Constabulary,Cheshire Constabulary,-2.892264,53.284162,On or near Crescent Road,E01018564,Cheshire West and Chester 007E,Shoplifting,Awaiting court outcome,
09681a1e797f3f63bee3a8c5302b5fcb5569b2d5b6cfe86cbaf3ee40bd08e558,2014-05,Cheshire Constabulary,Cheshire Constabulary,-2.892264,53.284162,On or near Crescent Road,E01018564,Cheshire West and Chester 007E,Shoplifting,Under investigation,
1f7851d65f8549217610a1c56811c12097e00c784b49449185340291020a3bb6,2014-05,Cheshire Constabulary,Cheshire Constabulary,-2.892264,53.284162,On or near Crescent Road,E01018564,Cheshire West and Chester 007E,Shoplifting,Investigation complete; no suspect identified,
27ed1f521e37462de04ae234e6c99a129208feaff4d60504424a653756a40b2e,2014-05,Cheshire Constabulary,Cheshire Constabulary,-2.892264,53.284162,On or near Crescent Road,E01018564,Cheshire West and Chester 007E,Shoplifting,Under investigation,
3b4d865b15bd14177a7f444fd67570f8a990b5ddaedffcb2105a475a8e78ef4c,2014-05,Cheshire Constabulary,Cheshire Constabulary,-2.892264,53.284162,On or near Crescent Road,E01018564,Cheshire West and Chester 007E,Shoplifting,Awaiting court outcome,
f310bc168b9c06d1a3b21442509d8af3e62c1ccc8ac941c79df150c8d3804237,2014-05,Cheshire Constabulary,Cheshire Constabulary,-2.895328,53.285056,On or near Fleming Street,E01018564,Cheshire West and Chester 007E,Shoplifting,Investigation complete; no suspect identified,
14e475afe5386767755cdec50c01fbd1d47d81d934634abcb2caa0c6dc8b5a30,2014-05,Cheshire Constabulary,Cheshire Constabulary,-2.900385,53.285863,On or near Egerton Street,E01018564,Cheshire West and Chester 007E,Theft from the person,Under investigation,
c2f2ced0cb9f3d9ddbb56323b68c8d80a24f90a9bc3b3fe877a53b20635fb24a,2014-05,Cheshire Constabulary,Cheshire Constabulary,-2.895586,53.289504,On or near Lower Mersey Street,E01018564,Cheshire West and Chester 007E,Vehicle crime,Investigation complete; no suspect identified,
7b5acf2da3236df1cdd0454318456c956c8f94b4b3b9701ff737596150738e8b,2014-05,Cheshire Constabulary,Cheshire Constabulary,-2.901419,53.287275,On or near Colemere Court,E01018564,Cheshire West and Chester 007E,Violence and sexual offences,Under investigation,
b75e2e941864dd956d120e778d77ff99282325259184e5b3c5c896764d2038bc,2014-05,Cheshire Constabulary,Cheshire Constabulary,-2.899914,53.287745,On or near Livingstone Road,E01018564,Cheshire West and Chester 007E,Violence and sexual offences,Unable to prosecute suspect,
1213e4d1e62d01018496d1d7714f202e6c50f5ddaec3248a439ff9c2f0d7e234,2014-05,Cheshire Constabulary,Cheshire Constabulary,-2.892264,53.284162,On or near Crescent Road,E01018564,Cheshire West and Chester 007E,Violence and sexual offences,Under investigation,
2439da0b74f5a0c602d1bf347bc3e7b1bc8d8270a74b3143c0d778aaa676f04c,2014-05,Cheshire Constabulary,Cheshire Constabulary,-2.897123,53.288396,On or near Upper Mersey Street,E01018564,Cheshire West and Chester 007E,Violence and sexual offences,Unable to prosecute suspect,
c5e0f5be93026058194696aff275d7041a11ac8b1576ad732bda1b661b0c871b,2014-05,Cheshire Constabulary,Cheshire Constabulary,-2.900385,53.285863,On or near Egerton Street,E01018564,Cheshire West and Chester 007E,Violence and sexual offences,Unable to prosecute suspect,
797457b473eade7d21ca34df4f7c0e7d8bef1ae337e81d62deb785e2f6504918,2014-05,Cheshire Constabulary,Cheshire Constabulary,-2.901419,53.287275,On or near Colemere Court,E01018564,Cheshire West and Chester 007E,Violence and sexual offences,Unable to prosecute suspect,
02f864a7514ef2dab843209b8f63757eb40934da62846fdbfd79ac54a580ed4e,2014-05,Cheshire Constabulary,Cheshire Constabulary,-2.897751,53.286899,On or near George Street,E01018564,Cheshire West and Chester 007E,Other crime,Under investigation,
,2014-05,Cheshire Constabulary,Cheshire Constabulary,-2.923725,53.280309,On or near Overpool Road,E01018523,Cheshire West and Chester 008A,Anti-social behaviour,,
,2014-05,Cheshire Constabulary,Cheshire Constabulary,-2.925733,53.276761,On or near Thelwall Road,E01018523,Cheshire West and Chester 008A,Anti-social behaviour,,
,2014-05,Cheshire Constabulary,Cheshire Constabulary,-2.925733,53.276761,On or near Thelwall Road,E01018523,Cheshire West and Chester 008A,Anti-social behaviour,,
884bafdf203eac5ef76e4e6bef4b3234410c8a46d4deaccf464398ae3760cd03,2014-05,Cheshire Constabulary,Cheshire Constabulary,-2.929590,53.277558,On or near Wilmslow Drive,E01018523,Cheshire West and Chester 008A,Burglary,Offender given community sentence,
3258186e4cdfef9635223b42b57fe75fff519d57fb78365633249c14c9ef57e0,2014-05,Cheshire Constabulary,Cheshire Constabulary,-2.927459,53.276819,On or near Alvanley Road,E01018523,Cheshire West and Chester 008A,Criminal damage and arson,Under investigation,
7cebd3738971a18a04e6dbf55f058afd0e105ba3c1e0e751081de3182bd7f942,2014-05,Cheshire Constabulary,Cheshire Constabulary,-2.929590,53.277558,On or near Wilmslow Drive,E01018523,Cheshire West and Chester 008A,Drugs,Awaiting court outcome,
1b089da930f757aa492f6681c8a93ca973636e9b296eb726cb09e621b7d6099e,2014-05,Cheshire Constabulary,Cheshire Constabulary,-2.925733,53.276761,On or near Thelwall Road,E01018523,Cheshire West and Chester 008A,Shoplifting,Under investigation,
41e22c49e33a040f379a1b7362f51325aad6e649212ac6b19ec15c0845374a28,2014-05,Cheshire Constabulary,Cheshire Constabulary,-2.924518,53.276743,On or near Tarporley Road,E01018523,Cheshire West and Chester 008A,Vehicle crime,Under investigation,
250b313a86a1f8f2b0bbcf688cced9220da9cfb06bdbcfaf4376c97a21920d77,2014-05,Cheshire Constabulary,Cheshire Constabulary,-2.925537,53.282255,On or near Farndon Road,E01018523,Cheshire West and Chester 008A,Violence and sexual offences,Awaiting court outcome,
8a58068fa6984404e7a7aeaa44ec00664230db844712e6e47e5726ab949e0a2c,2014-05,Cheshire Constabulary,Cheshire Constabulary,-2.924518,53.276743,On or near Tarporley Road,E01018523,Cheshire West and Chester 008A,Violence and sexual offences,Under investigation,
0195316020c30c84cc606c6e5735bc458d8e936e6eab21dbd6dede8ca1d4aab3,2014-05,Cheshire Constabulary,Cheshire Constabulary,-2.926357,53.281340,On or near Woodchurch Lane,E01018523,Cheshire West and Chester 008A,Violence and sexual offences,Unable to prosecute suspect,
7bd08b23b9b8c841fc24ab4cfbe0c33740da937b502108a13932baa534afb675,2014-05,Cheshire Constabulary,Cheshire Constabulary,-2.924518,53.276743,On or near Tarporley Road,E01018523,Cheshire West and Chester 008A,Violence and sexual offences,Unable to prosecute suspect,
4a9918f7cf3f8860436fae0a7c1c02682e94363afeb5299bf6fead4b7731473d,2014-05,Cheshire Constabulary,Cheshire Constabulary,-2.927459,53.276819,On or near Alvanley Road,E01018523,Cheshire West and Chester 008A,Violence and sexual offences,Formal action is not in the public interest,
,2014-05,Cheshire Constabulary,Cheshire Constabulary,-2.922385,53.283573,On or near Servite Close,E01018524,Cheshire West and Chester 008B,Anti-social behaviour,,
,2014-05,Cheshire Constabulary,Cheshire Constabulary,-2.913332,53.281755,On or near Hampton Gardens,E01018524,Cheshire West and Chester 008B,Anti-social behaviour,,
,2014-05,Cheshire Constabulary,Cheshire Constabulary,-2.913332,53.281755,On or near Hampton Gardens,E01018524,Cheshire West and Chester 008B,Anti-social behaviour,,
,2014-05,Cheshire Constabulary,Cheshire Constabulary,-2.921532,53.282969,On or near Marbury Gardens,E01018524,Cheshire West and Chester 008B,Anti-social behaviour,,
,2014-05,Cheshire Constabulary,Cheshire Constabulary,-2.913332,53.281755,On or near Hampton Gardens,E01018524,Cheshire West and Chester 008B,Anti-social behaviour,,
,2014-05,Cheshire Constabulary,Cheshire Constabulary,-2.913332,53.281755,On or near Hampton Gardens,E01018524,Cheshire West and Chester 008B,Anti-social behaviour,,
,2014-05,Cheshire Constabulary,Cheshire Constabulary,-2.922268,53.282298,On or near Norley Avenue,E01018524,Cheshire West and Chester 008B,Anti-social behaviour,,
,2014-05,Cheshire Constabulary,Cheshire Constabulary,-2.913332,53.281755,On or near Hampton Gardens,E01018524,Cheshire West and Chester 008B,Anti-social behaviour,,
,2014-05,Cheshire Constabulary,Cheshire Constabulary,-2.915395,53.282854,On or near Princes Road,E01018524,Cheshire West and Chester 008B,Anti-social behaviour,,
,2014-05,Cheshire Constabulary,Cheshire Constabulary,-2.915554,53.281873,On or near Stamford Street,E01018524,Cheshire West and Chester 008B,Anti-social behaviour,,
,2014-05,Cheshire Constabulary,Cheshire Constabulary,-2.915554,53.281873,On or near Stamford Street,E01018524,Cheshire West and Chester 008B,Anti-social behaviour,,
04d822e0a957825a07792e219c6d801523243ea899b83970765882d1a8f53d72,2014-05,Cheshire Constabulary,Cheshire Constabulary,-2.922385,53.283573,On or near Servite Close,E01018524,Cheshire West and Chester 008B,Bicycle theft,Investigation complete; no suspect identified,
199420fb9b82c05debb0652c5a90bb2023e8c1c5adc45852e984b9e845b2e041,2014-05,Cheshire Constabulary,Cheshire Constabulary,-2.913332,53.281755,On or near Hampton Gardens,E01018524,Cheshire West and Chester 008B,Criminal damage and arson,Under investigation,
1e1e207ab8f4f6502bc1e333a706a9fef747ec8f66608b95b565028eeeba6e95,2014-05,Cheshire Constabulary,Cheshire Constabulary,-2.919841,53.281031,On or near Barnston Avenue,E01018524,Cheshire West and Chester 008B,Criminal damage and arson,Investigation complete; no suspect identified,
5440f97c2f2c97c9c96b69fb3184275d865f502c91f5d70d97d1188290c1adb9,2014-05,Cheshire Constabulary,Cheshire Constabulary,-2.919841,53.281031,On or near Barnston Avenue,E01018524,Cheshire West and Chester 008B,Other theft,Unable to prosecute suspect,
ee3ec5d11b1c177039a0ed2e5d196a69500714803fe8614a98843b114beed2da,2014-05,Cheshire Constabulary,Cheshire Constabulary,-2.922385,53.283573,On or near Servite Close,E01018524,Cheshire West and Chester 008B,Vehicle crime,Investigation complete; no suspect identified,
d36d114e48b983499358995f1c411c7f41ad2a8afcd41002c9657a0b30b3bdd5,2014-05,Cheshire Constabulary,Cheshire Constabulary,-2.922268,53.282298,On or near Norley Avenue,E01018524,Cheshire West and Chester 008B,Vehicle crime,Investigation complete; no suspect identified,
db42de101a9ccdf1fe1229b2285772c6ba61a02bc2c439ed88eab30356196a68,2014-05,Cheshire Constabulary,Cheshire Constabulary,-2.922385,53.283573,On or near Servite Close,E01018524,Cheshire West and Chester 008B,Violence and sexual offences,Under investigation,
8470c0a6c78fc215b42d33f071e4e41abced0c2fe20e381ed5063665bf235625,2014-05,Cheshire Constabulary,Cheshire Constabulary,-2.922268,53.282298,On or near Norley Avenue,E01018524,Cheshire West and Chester 008B,Violence and sexual offences,Unable to prosecute suspect,
41c957e989a0d39428f7e94019038fc6936750b704e2518e0373fe47f46c2722,2014-05,Cheshire Constabulary,Cheshire Constabulary,-2.915554,53.281873,On or near Stamford Street,E01018524,Cheshire West and Chester 008B,Violence and sexual offences,Under investigation,
9a945249d83bb1b6e37a25d145be684c64071b5ae10bee3f3216cd597962760c,2014-05,Cheshire Constabulary,Cheshire Constabulary,-2.913332,53.281755,On or near Hampton Gardens,E01018524,Cheshire West and Chester 008B,Violence and sexual offences,Awaiting court outcome,
,2014-05,Cheshire Constabulary,Cheshire Constabulary,-2.934563,53.275928,On or near Neston Green,E01018541,Cheshire West and Chester 008C,Anti-social behaviour,,
,2014-05,Cheshire Constabulary,Cheshire Constabulary,-2.937889,53.279884,On or near Heywood Road,E01018541,Cheshire West and Chester 008C,Anti-social behaviour,,
,2014-05,Cheshire Constabulary,Cheshire Constabulary,-2.932182,53.278859,On or near Valley View,E01018541,Cheshire West and Chester 008C,Anti-social behaviour,,
,2014-05,Cheshire Constabulary,Cheshire Constabulary,-2.933994,53.280085,On or near Brook Road,E01018541,Cheshire West and Chester 008C,Anti-social behaviour,,
,2014-05,Cheshire Constabulary,Cheshire Constabulary,-2.931809,53.275500,On or near Upton Road,E01018541,Cheshire West and Chester 008C,Anti-social behaviour,,
2a77092e640a5388c888449bd825076d67300493f11f84808cbec497d47c325e,2014-05,Cheshire Constabulary,Cheshire Constabulary,-2.937182,53.277714,On or near Parking Area,E01018541,Cheshire West and Chester 008C,Burglary,Investigation complete; no suspect identified,
ceeaff0d29ff9da9743cc0749682684f4416c1f241e0203d1b5bde94f0b32910,2014-05,Cheshire Constabulary,Cheshire Constabulary,-2.934145,53.274646,On or near Sutton Way,E01018541,Cheshire West and Chester 008C,Other theft,Under investigation,
6db2551b2c8696f342d92d3cc418fe905d2eb493fb7a90cf913781a781b0d0e7,2014-05,Cheshire Constabulary,Cheshire Constabulary,-2.934145,53.274646,On or near Sutton Way,E01018541,Cheshire West and Chester 008C,Other theft,Investigation complete; no suspect identified,
d5df4dbc8e7806766de414f15bd81a9b331de4ea85bead3a5e1be0a3e05d13a0,2014-05,Cheshire Constabulary,Cheshire Constabulary,-2.936269,53.275060,On or near Petrol Station,E01018541,Cheshire West and Chester 008C,Other theft,Investigation complete; no suspect identified,
e8c074a37673bc4ce55df403bdcc7ef42deecf0e7346655d90b662991a188888,2014-05,Cheshire Constabulary,Cheshire Constabulary,-2.937077,53.276357,On or near Old Chester Road,E01018541,Cheshire West and Chester 008C,Shoplifting,Suspect charged as part of another case,
c4a87d62cc6d5d4d224692c50efe2ac47302554f571ef15b26649b5b3d1741a8,2014-05,Cheshire Constabulary,Cheshire Constabulary,-2.937077,53.276357,On or near Old Chester Road,E01018541,Cheshire West and Chester 008C,Shoplifting,Under investigation,
f703822c74fbb5ae62d5860aed1ae51b50e91d668c6a23079c902a5137d6cb92,2014-05,Cheshire Constabulary,Cheshire Constabulary,-2.935652,53.279083,On or near Whetstone Hey,E01018541,Cheshire West and Chester 008C,Vehicle crime,Under investigation,
fa0ad0ddf00f7c4ddb696a522b0c0e418c2434b3ff3a96d28aae43b4d3884659,2014-05,Cheshire Constabulary,Cheshire Constabulary,-2.933994,53.280085,On or near Brook Road,E01018541,Cheshire West and Chester 008C,Violence and sexual offences,Offender given community sentence,
eb2b17c2b94701e0e3727a95fdcb09524a174b5b99cb8b8c6b383272d54533f6,2014-05,Cheshire Constabulary,Cheshire Constabulary,-2.934563,53.275928,On or near Neston Green,E01018541,Cheshire West and Chester 008C,Violence and sexual offences,Under investigation,
d9e6f69f120aacfac49e59d49d5ed9902d7682af75799b1f5700aff12092f6b3,2014-05,Cheshire Constabulary,Cheshire Constabulary,-2.933994,53.280085,On or near Brook Road,E01018541,Cheshire West and Chester 008C,Violence and sexual offences,Offender sent to prison,
6509968cc7dc3865d9c751a745a5570f0946a77c617f37014785ea3836ba4881,2014-05,Cheshire Constabulary,Cheshire Constabulary,-2.934563,53.275928,On or near Neston Green,E01018541,Cheshire West and Chester 008C,Violence and sexual offences,Under investigation,
bb0a4677adf07135c78f48dc98d6c74abd20877381f72a4e60344c99fa59f9bc,2014-05,Cheshire Constabulary,Cheshire Constabulary,-2.933994,53.280085,On or near Brook Road,E01018541,Cheshire West and Chester 008C,Violence and sexual offences,Unable to prosecute suspect,
,2014-05,Cheshire Constabulary,Cheshire Constabulary,-2.934097,53.284129,On or near Parklea,E01018542,Cheshire West and Chester 008D,Anti-social behaviour,,
,2014-05,Cheshire Constabulary,Cheshire Constabulary,-2.935889,53.281706,On or near Parklands View,E01018542,Cheshire West and Chester 008D,Anti-social behaviour,,
256f9d313592593b8937e909767a2b66e4063efedfd421b80740948bb2a8a91e,2014-05,Cheshire Constabulary,Cheshire Constabulary,-2.933427,53.280935,On or near Valley Drive,E01018542,Cheshire West and Chester 008D,Vehicle crime,Formal action is not in the public interest,
5413247051c5fe4e87b963926b83886fc6f941b23467956b25da70d2fe2e6f18,2014-05,Cheshire Constabulary,Cheshire Constabulary,-2.936079,53.284204,On or near Parklands Gardens,E01018542,Cheshire West and Chester 008D,Vehicle crime,Investigation complete; no suspect identified,
e89e78257158dd5ae26bf27a8d74b8f3e4dcfd17b683793fbe0540528bba44d1,2014-05,Cheshire Constabulary,Cheshire Constabulary,-2.934097,53.284129,On or near Parklea,E01018542,Cheshire West and Chester 008D,Violence and sexual offences,Awaiting court outcome,
,2014-05,Cheshire Constabulary,Cheshire Constabulary,-2.942372,53.282554,On or near Fulwood Gardens,E01018543,Cheshire West and Chester 008E,Anti-social behaviour,,
,2014-05,Cheshire Constabulary,Cheshire Constabulary,-2.940807,53.280274,On or near Chester Road,E01018543,Cheshire West and Chester 008E,Anti-social behaviour,,
1e03e8b59ff9158fbd00937a715cfeb7c8ab76403e88b314ab64abc9c98aada9,2014-05,Cheshire Constabulary,Cheshire Constabulary,-2.941583,53.284196,On or near Briardale Road,E01018543,Cheshire West and Chester 008E,Other theft,Investigation complete; no suspect identified,
7b023e1fb8d36a6644ca88caa44bb41072f31678c44798fe8d78bc5b48a698fc,2014-05,Cheshire Constabulary,Cheshire Constabulary,-2.944566,53.284074,On or near Parking Area,E01018543,Cheshire West and Chester 008E,Robbery,Under investigation,
50d65a93cc66b5128b0724acd9a084663cfc6de9bccf1aa8d1d3589ff5cbe715,2014-05,Cheshire Constabulary,Cheshire Constabulary,-2.943669,53.284225,On or near Briardale Gardens,E01018543,Cheshire West and Chester 008E,Vehicle crime,Investigation complete; no suspect identified,
7d8c20be02b099da22d5090d3a6f3630b5eada1d20345c749fe3f3a3c850244a,2014-05,Cheshire Constabulary,Cheshire Constabulary,-2.943168,53.284651,On or near Dale Avenue,E01018543,Cheshire West and Chester 008E,Vehicle crime,Investigation complete; no suspect identified,
,2014-05,Cheshire Constabulary,Cheshire Constabulary,-2.941377,53.279587,On or near Calder Way,E01018528,Cheshire West and Chester 009A,Anti-social behaviour,,
3743e278fd3fda9681b7e748b605906173e72424df5d50de8e26f74179521970,2014-05,Cheshire Constabulary,Cheshire Constabulary,-2.942538,53.281213,On or near Supermarket,E01018528,Cheshire West and Chester 009A,Shoplifting,Awaiting court outcome,
9c111c93a81df12e5ebe605ac9ee942aeda230399ca7e2b14f29be2eb55d1134,2014-05,Cheshire Constabulary,Cheshire Constabulary,-2.942538,53.281213,On or near Supermarket,E01018528,Cheshire West and Chester 009A,Shoplifting,Offender given penalty notice,
b592d87207245eae6e779a41ae4391fef72b7b2825ca3c52fc749c1bded4f1ec,2014-05,Cheshire Constabulary,Cheshire Constabulary,-2.942538,53.281213,On or near Supermarket,E01018528,Cheshire West and Chester 009A,Shoplifting,Under investigation,
,2014-05,Cheshire Constabulary,Cheshire Constabulary,-2.943118,53.276229,On or near Philips Lane,E01018529,Cheshire West and Chester 009B,Anti-social behaviour,,
,2014-05,Cheshire Constabulary,Cheshire Constabulary,-2.939487,53.275485,On or near Glenmaye Road,E01018529,Cheshire West and Chester 009B,Anti-social behaviour,,
8756a45c6de811f27db3f978c7768920a4183f6f0945e445cae7589f0e212043,2014-05,Cheshire Constabulary,Cheshire Constabulary,-2.943856,53.278434,On or near Harfield Gardens,E01018529,Cheshire West and Chester 009B,Burglary,Investigation complete; no suspect identified,
06ec4d8e3f079175e1609bd79e4a05c881e74e1e3e689285fafae879bd9f2582,2014-05,Cheshire Constabulary,Cheshire Constabulary,-2.943118,53.276229,On or near Philips Lane,E01018529,Cheshire West and Chester 009B,Shoplifting,Suspect charged as part of another case,
,2014-05,Cheshire Constabulary,Cheshire Constabulary,-2.957369,53.285815,On or near Meadowbank Drive,E01018530,Cheshire West and Chester 009C,Anti-social behaviour,,
,2014-05,Cheshire Constabulary,Cheshire Constabulary,-2.963556,53.280794,On or near Selkirk Close,E01018530,Cheshire West and Chester 009C,Anti-social behaviour,,
,2014-05,Cheshire Constabulary,Cheshire Constabulary,-2.946992,53.284576,On or near Parking Area,E01018531,Cheshire West and Chester 009D,Anti-social behaviour,,
,2014-05,Cheshire Constabulary,Cheshire Constabulary,-2.947104,53.284243,On or near Parking Area,E01018531,Cheshire West and Chester 009D,Anti-social behaviour,,
e01cd5c2aaaa819c08c0ffc570b521f60b8cbda01d8491a3a6a3195fbd5f6cfc,2014-05,Cheshire Constabulary,Cheshire Constabulary,-2.947568,53.282819,On or near Dudleston Road,E01018531,Cheshire West and Chester 009D,Criminal damage and arson,Investigation complete; no suspect identified,
8d22a8d955f3386b13838208702e8e4253c5a40e2fe1b62a58377b462f0ed001,2014-05,Cheshire Constabulary,Cheshire Constabulary,-2.943659,53.282409,On or near Chester Road,E01018531,Cheshire West and Chester 009D,Drugs,Offender given a caution,
41249badd370217759f47f4f21eaddefae1b7c8a1ac6f53b6d19366ee5e340db,2014-05,Cheshire Constabulary,Cheshire Constabulary,-2.949040,53.286304,On or near Heathlands Road,E01018531,Cheshire West and Chester 009D,Other theft,Investigation complete; no suspect identified,
,2014-05,Cheshire Constabulary,Cheshire Constabulary,-2.941163,53.268460,On or near Shepsides Close,E01018560,Cheshire West and Chester 009E,Anti-social behaviour,,
,2014-05,Cheshire Constabulary,Cheshire Constabulary,-2.936096,53.265102,On or near Mason Close,E01018561,Cheshire West and Chester 009F,Anti-social behaviour,,
8d5901da55c71faa2d23623ab2665e2a8a332a9d14379a24b606d16ecc7190d8,2014-05,Cheshire Constabulary,Cheshire Constabulary,-2.933881,53.265955,On or near Mere Close,E01018561,Cheshire West and Chester 009F,Burglary,Under investigation,
,2014-05,Cheshire Constabulary,Cheshire Constabulary,-2.929632,53.260865,On or near Brecon Drive,E01018562,Cheshire West and Chester 009G,Anti-social behaviour,,
,2014-05,Cheshire Constabulary,Cheshire Constabulary,-2.932045,53.260819,On or near Oakwood Close,E01018562,Cheshire West and Chester 009G,Anti-social behaviour,,
b93ff4651017c1927ef7430e5cbb048768aa9ce6a5c30a641accf71d57d2e47a,2014-05,Cheshire Constabulary,Cheshire Constabulary,-2.924026,53.256710,On or near Canterbury Close,E01018562,Cheshire West and Chester 009G,Burglary,Investigation complete; no suspect identified,
72476610c5f2f5c0b8d3a60645549ccd0de3f8049422669d9684deef00016c2b,2014-05,Cheshire Constabulary,Cheshire Constabulary,-2.930533,53.260219,On or near Beechwood Drive,E01018562,Cheshire West and Chester 009G,Vehicle crime,Under investigation,
4cc05d1585ac5d8281160291f89f45c9a41dfd0bc7a39c2273889d0595b10564,2014-05,Cheshire Constabulary,Cheshire Constabulary,-2.930533,53.260219,On or near Beechwood Drive,E01018562,Cheshire West and Chester 009G,Vehicle crime,Under investigation,
441ae03c4727c786f21ad9ffe879432f374d638eeb96106ae3aa842fe42cef5c,2014-05,Cheshire Constabulary,Cheshire Constabulary,-2.932045,53.260819,On or near Oakwood Close,E01018562,Cheshire West and Chester 009G,Vehicle crime,Awaiting court outcome,
22cb60152ef161db6afee0a04f114178b9e73c95b4cdf21e2c95f3d20fe0a136,2014-05,Cheshire Constabulary,Cheshire Constabulary,-2.930168,53.260672,On or near Wakefield Road,E01018562,Cheshire West and Chester 009G,Vehicle crime,Under investigation,
0b62d6f7329662a949272a024ad1f4de46584e1755ec624ed2edc937ced64536,2014-05,Cheshire Constabulary,Cheshire Constabulary,-2.924619,53.255726,On or near Tewkesbury Close,E01018562,Cheshire West and Chester 009G,Violence and sexual offences,Under investigation,
,2014-05,Cheshire Constabulary,Cheshire Constabulary,-2.920190,53.277010,On or near The Boulevard,E01018522,Cheshire West and Chester 010A,Anti-social behaviour,,
,2014-05,Cheshire Constabulary,Cheshire Constabulary,-2.911990,53.280705,On or near Regent Street,E01018522,Cheshire West and Chester 010A,Anti-social behaviour,,
,2014-05,Cheshire Constabulary,Cheshire Constabulary,-2.920190,53.277010,On or near The Boulevard,E01018522,Cheshire West and Chester 010A,Anti-social behaviour,,
,2014-05,Cheshire Constabulary,Cheshire Constabulary,-2.920190,53.277010,On or near The Boulevard,E01018522,Cheshire West and Chester 010A,Anti-social behaviour,,
,2014-05,Cheshire Constabulary,Cheshire Constabulary,-2.920190,53.277010,On or near The Boulevard,E01018522,Cheshire West and Chester 010A,Anti-social behaviour,,
,2014-05,Cheshire Constabulary,Cheshire Constabulary,-2.918331,53.279847,On or near Pooltown Road,E01018522,Cheshire West and Chester 010A,Anti-social behaviour,,
,2014-05,Cheshire Constabulary,Cheshire Constabulary,-2.925061,53.278977,On or near Eccleston Avenue,E01018522,Cheshire West and Chester 010A,Anti-social behaviour,,
,2014-05,Cheshire Constabulary,Cheshire Constabulary,-2.911990,53.280705,On or near Regent Street,E01018522,Cheshire West and Chester 010A,Anti-social behaviour,,
,2014-05,Cheshire Constabulary,Cheshire Constabulary,-2.916287,53.278245,On or near Suffolk Avenue,E01018522,Cheshire West and Chester 010A,Anti-social behaviour,,
,2014-05,Cheshire Constabulary,Cheshire Constabulary,-2.924956,53.278277,On or near Waverton Road,E01018522,Cheshire West and Chester 010A,Anti-social behaviour,,
,2014-05,Cheshire Constabulary,Cheshire Constabulary,-2.925061,53.278977,On or near Eccleston Avenue,E01018522,Cheshire West and Chester 010A,Anti-social behaviour,,
,2014-05,Cheshire Constabulary,Cheshire Constabulary,-2.916287,53.278245,On or near Suffolk Avenue,E01018522,Cheshire West and Chester 010A,Anti-social behaviour,,
,2014-05,Cheshire Constabulary,Cheshire Constabulary,-2.916287,53.278245,On or near Suffolk Avenue,E01018522,Cheshire West and Chester 010A,Anti-social behaviour,,
,2014-05,Cheshire Constabulary,Cheshire Constabulary,-2.925061,53.278977,On or near Eccleston Avenue,E01018522,Cheshire West and Chester 010A,Anti-social behaviour,,
,2014-05,Cheshire Constabulary,Cheshire Constabulary,-2.911990,53.280705,On or near Regent Street,E01018522,Cheshire West and Chester 010A,Anti-social behaviour,,
,2014-05,Cheshire Constabulary,Cheshire Constabulary,-2.916287,53.278245,On or near Suffolk Avenue,E01018522,Cheshire West and Chester 010A,Anti-social behaviour,,
,2014-05,Cheshire Constabulary,Cheshire Constabulary,-2.920190,53.277010,On or near The Boulevard,E01018522,Cheshire West and Chester 010A,Anti-social behaviour,,
,2014-05,Cheshire Constabulary,Cheshire Constabulary,-2.918331,53.279847,On or near Pooltown Road,E01018522,Cheshire West and Chester 010A,Anti-social behaviour,,
10c5ef474a4eedc9da191285be539741877648610f8b88d8b604222260e951db,2014-05,Cheshire Constabulary,Cheshire Constabulary,-2.918775,53.278864,On or near The Crescent,E01018522,Cheshire West and Chester 010A,Burglary,Investigation complete; no suspect identified,
483616dab9882e29bfdafe21aa415105fab7e8732d068355c21f06447216321a,2014-05,Cheshire Constabulary,Cheshire Constabulary,-2.920190,53.277010,On or near The Boulevard,E01018522,Cheshire West and Chester 010A,Burglary,Under investigation,
1967bf8dbab408810f467904fa07fd7ae17998ba803b1b6314fffaf112effe8e,2014-05,Cheshire Constabulary,Cheshire Constabulary,-2.920190,53.277010,On or near The Boulevard,E01018522,Cheshire West and Chester 010A,Criminal damage and arson,Investigation complete; no suspect identified,
cf6fdf29548cd5e9d8355b7ef2cfb5181a89b51f5482124c9276606efdba57b8,2014-05,Cheshire Constabulary,Cheshire Constabulary,-2.920190,53.277010,On or near The Boulevard,E01018522,Cheshire West and Chester 010A,Criminal damage and arson,Under investigation,
19b129e640f106080dbda314a68d74a7a3987c18ea51f7cb4b731f1179adcd76,2014-05,Cheshire Constabulary,Cheshire Constabulary,-2.920190,53.277010,On or near The Boulevard,E01018522,Cheshire West and Chester 010A,Other theft,Unable to prosecute suspect,
0a2ba36ec9968329d8ba9214c61847e687adc1a3da6cbe19095cff36068fa62d,2014-05,Cheshire Constabulary,Cheshire Constabulary,-2.920190,53.277010,On or near The Boulevard,E01018522,Cheshire West and Chester 010A,Other theft,Under investigation,
46cb7a4055e30d7f668818bf21da65b3e5346c37ef56f8a84548c57afe6393a7,2014-05,Cheshire Constabulary,Cheshire Constabulary,-2.917342,53.281985,On or near Atherton Road,E01018522,Cheshire West and Chester 010A,Public order,Unable to prosecute suspect,
da3db4f5cc9d79723358056e48ca33005278f713795a6463a60d6ae5d7b2c730,2014-05,Cheshire Constabulary,Cheshire Constabulary,-2.918331,53.279847,On or near Pooltown Road,E01018522,Cheshire West and Chester 010A,Violence and sexual offences,Investigation complete; no suspect identified,
979223457e93afa093c2581dede700ef809887b1a5622d8846acf46ef56a17c0,2014-05,Cheshire Constabulary,Cheshire Constabulary,-2.920190,53.277010,On or near The Boulevard,E01018522,Cheshire West and Chester 010A,Violence and sexual offences,Unable to prosecute suspect,
0513a77a5e4d4b12d8aa89ef33179ee0a2a5572e1b3468309539edabdb8683bf,2014-05,Cheshire Constabulary,Cheshire Constabulary,-2.920190,53.277010,On or near The Boulevard,E01018522,Cheshire West and Chester 010A,Violence and sexual offences,Unable to prosecute suspect,
0b1a415d8676358e0f7f2287d024d0bc0ffbf0742f4adf9fa9210304b4a2805c,2014-05,Cheshire Constabulary,Cheshire Constabulary,-2.920190,53.277010,On or near The Boulevard,E01018522,Cheshire West and Chester 010A,Violence and sexual offences,Awaiting court outcome,
383e3b84e4c2954af1c398b871c4749d06f8775245e0653bfd939c7d378c0b15,2014-05,Cheshire Constabulary,Cheshire Constabulary,-2.920190,53.277010,On or near The Boulevard,E01018522,Cheshire West and Chester 010A,Violence and sexual offences,Under investigation,
85f73d478c972944da904951418ecf179479d8dcdc97b7529eafe521c633a330,2014-05,Cheshire Constabulary,Cheshire Constabulary,-2.920190,53.277010,On or near The Boulevard,E01018522,Cheshire West and Chester 010A,Violence and sexual offences,Unable to prosecute suspect,
440bd7a4d98f7ae24bca8961b237a3506e57f777311756c56f2ad01d178eb18d,2014-05,Cheshire Constabulary,Cheshire Constabulary,-2.920190,53.277010,On or near The Boulevard,E01018522,Cheshire West and Chester 010A,Violence and sexual offences,Awaiting court outcome,
,2014-05,Cheshire Constabulary,Cheshire Constabulary,-2.912559,53.275766,On or near Tennyson Road,E01018538,Cheshire West and Chester 010B,Anti-social behaviour,,
,2014-05,Cheshire Constabulary,Cheshire Constabulary,-2.916647,53.276849,On or near Sutton Way,E01018538,Cheshire West and Chester 010B,Anti-social behaviour,,
,2014-05,Cheshire Constabulary,Cheshire Constabulary,-2.916647,53.276849,On or near Sutton Way,E01018538,Cheshire West and Chester 010B,Anti-social behaviour,,
,2014-05,Cheshire Constabulary,Cheshire Constabulary,-2.919415,53.274463,On or near Pulford Road,E01018539,Cheshire West and Chester 010C,Anti-social behaviour,,
,2014-05,Cheshire Constabulary,Cheshire Constabulary,-2.918974,53.274898,On or near Hyde Close,E01018539,Cheshire West and Chester 010C,Anti-social behaviour,,
,2014-05,Cheshire Constabulary,Cheshire Constabulary,-2.917894,53.272075,On or near Grappenhall Road,E01018539,Cheshire West and Chester 010C,Anti-social behaviour,,
,2014-05,Cheshire Constabulary,Cheshire Constabulary,-2.918974,53.274898,On or near Hyde Close,E01018539,Cheshire West and Chester 010C,Anti-social behaviour,,
,2014-05,Cheshire Constabulary,Cheshire Constabulary,-2.917825,53.275860,On or near Malpas Road,E01018539,Cheshire West and Chester 010C,Anti-social behaviour,,
,2014-05,Cheshire Constabulary,Cheshire Constabulary,-2.920190,53.274233,On or near Bruera Road,E01018539,Cheshire West and Chester 010C,Anti-social behaviour,,
b0106f1f12d1ffe504005869977d3a17d0b14275be2868ba0afe9afde8d32003,2014-05,Cheshire Constabulary,Cheshire Constabulary,-2.920388,53.275795,On or near Singleton Road,E01018539,Cheshire West and Chester 010C,Burglary,Investigation complete; no suspect identified,
69c772f37075558dfd72db30f26440906eb63ea16c72dc3eef0929474cd4906b,2014-05,Cheshire Constabulary,Cheshire Constabulary,-2.917825,53.275860,On or near Malpas Road,E01018539,Cheshire West and Chester 010C,Criminal damage and arson,Under investigation,
f08c66c60229c9a113bf0ea8f61cade7f9b9f69eb8f79bb55dbfe4ef136658cb,2014-05,Cheshire Constabulary,Cheshire Constabulary,-2.918974,53.274898,On or near Hyde Close,E01018539,Cheshire West and Chester 010C,Other theft,Investigation complete; no suspect identified,
0faa978f2570365100fb92e24008279ad930e8a0812a3bfc50fe59972e11aaf6,2014-05,Cheshire Constabulary,Cheshire Constabulary,-2.918974,53.274898,On or near Hyde Close,E01018539,Cheshire West and Chester 010C,Violence and sexual offences,Under investigation,
b50d79da335f82bab1875fe1b23597e9f58b16cf61981d2ff266952b3477ef13,2014-05,Cheshire Constabulary,Cheshire Constabulary,-2.919154,53.272793,On or near Hurford Avenue,E01018539,Cheshire West and Chester 010C,Violence and sexual offences,Under investigation,
,2014-05,Cheshire Constabulary,Cheshire Constabulary,-2.914869,53.270148,On or near Sports/Recreation Area,E01018540,Cheshire West and Chester 010D,Anti-social behaviour,,
,2014-05,Cheshire Constabulary,Cheshire Constabulary,-2.911649,53.266100,On or near Fairview Road,E01018540,Cheshire West and Chester 010D,Anti-social behaviour,,
,2014-05,Cheshire Constabulary,Cheshire Constabulary,-2.914869,53.270148,On or near Sports/Recreation Area,E01018540,Cheshire West and Chester 010D,Anti-social behaviour,,
,2014-05,Cheshire Constabulary,Cheshire Constabulary,-2.920566,53.271515,On or near Petrol Station,E01018540,Cheshire West and Chester 010D,Anti-social behaviour,,
02940b431190d6774c9efe25f46e13e932ecd926c1ab63b458d669923d25c3e7,2014-05,Cheshire Constabulary,Cheshire Constabulary,-2.916540,53.272562,On or near Sports/Recreation Area,E01018540,Cheshire West and Chester 010D,Criminal damage and arson,Investigation complete; no suspect identified,
cf4d6514d60261e86d99ac840e9a4bb9f4a7b9cf51c28dcd7855393fb7d79315,2014-05,Cheshire Constabulary,Cheshire Constabulary,-2.916675,53.271842,On or near Appleton Drive,E01018540,Cheshire West and Chester 010D,Criminal damage and arson,Under investigation,
12e43f0023f50fb8faf1efbf9c5ba3852e28dfc68e4cf7725f5cae612c0dc9c2,2014-05,Cheshire Constabulary,Cheshire Constabulary,-2.916675,53.271842,On or near Appleton Drive,E01018540,Cheshire West and Chester 010D,Criminal damage and arson,Under investigation,
2ec5227cd13cf34b55645a39234d9db5f751a5bb21d2a2fac97c38a6279865ea,2014-05,Cheshire Constabulary,Cheshire Constabulary,-2.920566,53.271515,On or near Petrol Station,E01018540,Cheshire West and Chester 010D,Drugs,Offender given a caution,
5c0f7c4282d05b8d433b421f0f5cc0337556fc8a11a5e38982990a5e546b407d,2014-05,Cheshire Constabulary,Cheshire Constabulary,-2.912092,53.272839,On or near Supermarket,E01018540,Cheshire West and Chester 010D,Other theft,Under investigation,
1b37be1247637aaf9acd50930f73fcdc5132a7ab3bc6b2981955495b936f1586,2014-05,Cheshire Constabulary,Cheshire Constabulary,-2.910300,53.266830,On or near Chester Road,E01018540,Cheshire West and Chester 010D,Other theft,Investigation complete; no suspect identified,
a8be7905eeaa263e93caf7aae99e4ac6b875e3ae814fd4152439fa1fc318b0c9,2014-05,Cheshire Constabulary,Cheshire Constabulary,-2.912092,53.272839,On or near Supermarket,E01018540,Cheshire West and Chester 010D,Shoplifting,Defendant sent to Crown Court,
5b471e7480a3226356caa11a4c8adb7a833c1cc909e5f8a5182f7c176441f04e,2014-05,Cheshire Constabulary,Cheshire Constabulary,-2.910300,53.266830,On or near Chester Road,E01018540,Cheshire West and Chester 010D,Shoplifting,Investigation complete; no suspect identified,
e1155f2d6dff535e32511693182c3dc32649fb406a351a69fe95212e0d8987d1,2014-05,Cheshire Constabulary,Cheshire Constabulary,-2.912092,53.272839,On or near Supermarket,E01018540,Cheshire West and Chester 010D,Shoplifting,Awaiting court outcome,
6fed4664e84aa87fe1eb4025335d6fb00e71c6f5437d1a91b4890a5cea46c25a,2014-05,Cheshire Constabulary,Cheshire Constabulary,-2.920566,53.271515,On or near Petrol Station,E01018540,Cheshire West and Chester 010D,Violence and sexual offences,Under investigation,
,2014-05,Cheshire Constabulary,Cheshire Constabulary,-2.898958,53.275069,On or near Park Road,E01018521,Cheshire West and Chester 011A,Anti-social behaviour,,
,2014-05,Cheshire Constabulary,Cheshire Constabulary,-2.896745,53.271814,On or near The Oval,E01018521,Cheshire West and Chester 011A,Anti-social behaviour,,
,2014-05,Cheshire Constabulary,Cheshire Constabulary,-2.898958,53.275069,On or near Park Road,E01018521,Cheshire West and Chester 011A,Anti-social behaviour,,
,2014-05,Cheshire Constabulary,Cheshire Constabulary,-2.896745,53.271814,On or near The Oval,E01018521,Cheshire West and Chester 011A,Anti-social behaviour,,
,2014-05,Cheshire Constabulary,Cheshire Constabulary,-2.901354,53.276354,On or near Bus/Coach Station,E01018521,Cheshire West and Chester 011A,Anti-social behaviour,,
,2014-05,Cheshire Constabulary,Cheshire Constabulary,-2.897167,53.276215,On or near Mcgarva Way,E01018521,Cheshire West and Chester 011A,Anti-social behaviour,,
,2014-05,Cheshire Constabulary,Cheshire Constabulary,-2.901354,53.276354,On or near Bus/Coach Station,E01018521,Cheshire West and Chester 011A,Anti-social behaviour,,
,2014-05,Cheshire Constabulary,Cheshire Constabulary,-2.896934,53.275102,On or near Tarvin Close,E01018521,Cheshire West and Chester 011A,Anti-social behaviour,,
,2014-05,Cheshire Constabulary,Cheshire Constabulary,-2.901354,53.276354,On or near Bus/Coach Station,E01018521,Cheshire West and Chester 011A,Anti-social behaviour,,
,2014-05,Cheshire Constabulary,Cheshire Constabulary,-2.901354,53.276354,On or near Bus/Coach Station,E01018521,Cheshire West and Chester 011A,Anti-social behaviour,,
34c18c09369f4e316a54e48593612ed5a40cc11b7d6b344bc341089b8117df9a,2014-05,Cheshire Constabulary,Cheshire Constabulary,-2.902496,53.277146,On or near Civic Way,E01018521,Cheshire West and Chester 011A,Bicycle theft,Investigation complete; no suspect identified,
16c2761fded8c6b9f4fb53fba3b071436c7e0f2c2eb5f66119adffe6115e46c1,2014-05,Cheshire Constabulary,Cheshire Constabulary,-2.901354,53.276354,On or near Bus/Coach Station,E01018521,Cheshire West and Chester 011A,Bicycle theft,Investigation complete; no suspect identified,
285e72a09d78be71c757cdb9541ad034ca15234025186c9bc37c40237f741e9b,2014-05,Cheshire Constabulary,Cheshire Constabulary,-2.897167,53.276215,On or near Mcgarva Way,E01018521,Cheshire West and Chester 011A,Burglary,Under investigation,
58224fc6bb6de51bd8149f8fde1f62eb4ca6ec28067f12f3e637caef84ca2db1,2014-05,Cheshire Constabulary,Cheshire Constabulary,-2.898043,53.273647,On or near Green Lane,E01018521,Cheshire West and Chester 011A,Burglary,Investigation complete; no suspect identified,
bc144ba9f36c5c91c91948ab0f19239e2f3cc797dc8abbebadfc0beeb74e1842,2014-05,Cheshire Constabulary,Cheshire Constabulary,-2.897167,53.276215,On or near Mcgarva Way,E01018521,Cheshire West and Chester 011A,Burglary,Under investigation,
6ee9287bec3c7415f351a6d6c0acabe75c07946291d5928d648d70abceb55cf1,2014-05,Cheshire Constabulary,Cheshire Constabulary,-2.896324,53.272464,On or near Malvern Avenue,E01018521,Cheshire West and Chester 011A,Criminal damage and arson,Investigation complete; no suspect identified,
5e1a29a6bc50ade76478baf1a7d43ac13c51ef80735ca1e09601303a57db7b3c,2014-05,Cheshire Constabulary,Cheshire Constabulary,-2.896745,53.271814,On or near The Oval,E01018521,Cheshire West and Chester 011A,Criminal damage and arson,Under investigation,
7a1cf43bc3a5e35ffeae8e4d9d841303050e7e7b4d03ffbd4b4fc165ccdc0427,2014-05,Cheshire Constabulary,Cheshire Constabulary,-2.896494,53.276283,On or near Stanlaw Road,E01018521,Cheshire West and Chester 011A,Criminal damage and arson,Investigation complete; no suspect identified,
4b8e4d340c7c9765bf4c4902fc0898a63e589ec19bf8a885a0ac15d16b1b4ae0,2014-05,Cheshire Constabulary,Cheshire Constabulary,-2.898958,53.275069,On or near Park Road,E01018521,Cheshire West and Chester 011A,Criminal damage and arson,Investigation complete; no suspect identified,
83b3030536b1c21ea80c6180c309bc99455636910876320972f71203ca3551c8,2014-05,Cheshire Constabulary,Cheshire Constabulary,-2.897167,53.276215,On or near Mcgarva Way,E01018521,Cheshire West and Chester 011A,Drugs,Awaiting court outcome,
edee21c8e917d1654a237d38cf6616ad407dbfc9b8c22de13004338467630c50,2014-05,Cheshire Constabulary,Cheshire Constabulary,-2.900184,53.274880,On or near Coronation Road,E01018521,Cheshire West and Chester 011A,Other theft,Investigation complete; no suspect identified,
13b208cad60bb26985b32b658d53360415c7cfb64cb270a12c7cc1edd4065e98,2014-05,Cheshire Constabulary,Cheshire Constabulary,-2.897167,53.276215,On or near Mcgarva Way,E01018521,Cheshire West and Chester 011A,Other theft,Under investigation,
89d571475be58136a0f0c27a92d0d178af03e07c9c139bac149e02776065ecfc,2014-05,Cheshire Constabulary,Cheshire Constabulary,-2.897521,53.277327,On or near Grange Road,E01018521,Cheshire West and Chester 011A,Shoplifting,Under investigation,
449454a92e3f27c115d0c1282c59d145fd039c3ed3d848c75bb70ed9c11faabc,2014-05,Cheshire Constabulary,Cheshire Constabulary,-2.897167,53.276215,On or near Mcgarva Way,E01018521,Cheshire West and Chester 011A,Shoplifting,Offender sent to prison,
9226b762c6b8547b94aad3cec2a098bf0822f2b150dd70624ba468974dc091b2,2014-05,Cheshire Constabulary,Cheshire Constabulary,-2.897167,53.276215,On or near Mcgarva Way,E01018521,Cheshire West and Chester 011A,Shoplifting,Under investigation,
41995713c74f965cf680cea32310a2f100240f3b6160af945a2429bc09c50c2b,2014-05,Cheshire Constabulary,Cheshire Constabulary,-2.897167,53.276215,On or near Mcgarva Way,E01018521,Cheshire West and Chester 011A,Shoplifting,Under investigation,
eb0909d633e807b1b3a4ddc42b534186d164f08946c4ab54193767e66579edf2,2014-05,Cheshire Constabulary,Cheshire Constabulary,-2.897167,53.276215,On or near Mcgarva Way,E01018521,Cheshire West and Chester 011A,Shoplifting,Under investigation,
ba8d330332b536d74921b1456a100c84f6a75052ecb21b571524709ac377c241,2014-05,Cheshire Constabulary,Cheshire Constabulary,-2.896745,53.271814,On or near The Oval,E01018521,Cheshire West and Chester 011A,Shoplifting,Investigation complete; no suspect identified,
91cf0fd2cc92849960bb25042171dc9814bda6234e8d98d66b07168d0fae88c4,2014-05,Cheshire Constabulary,Cheshire Constabulary,-2.897167,53.276215,On or near Mcgarva Way,E01018521,Cheshire West and Chester 011A,Shoplifting,Offender sent to prison,
a3835b7f8410ce8b911c6ebe09b1a5b930c7e4fad5c7c30539999961803f7fad,2014-05,Cheshire Constabulary,Cheshire Constabulary,-2.897521,53.277327,On or near Grange Road,E01018521,Cheshire West and Chester 011A,Shoplifting,Offender given penalty notice,
83ed4772fe38c6419fcc1e9ef9e39880e0d6195ee13e5c137ea0fe5561859fa2,2014-05,Cheshire Constabulary,Cheshire Constabulary,-2.902496,53.277146,On or near Civic Way,E01018521,Cheshire West and Chester 011A,Theft from the person,Investigation complete; no suspect identified,
f82dbc99aa7c2b8e217b7515ad188dec032fe2e17a6c8e9217e7518685b8096d,2014-05,Cheshire Constabulary,Cheshire Constabulary,-2.897167,53.276215,On or near Mcgarva Way,E01018521,Cheshire West and Chester 011A,Theft from the person,Investigation complete; no suspect identified,
82a24e1c7457be9fa023b6a20b34eb21d81768f7ab13565c2dcab8b528282a6e,2014-05,Cheshire Constabulary,Cheshire Constabulary,-2.896745,53.271814,On or near The Oval,E01018521,Cheshire West and Chester 011A,Violence and sexual offences,Under investigation,
4cdaab7259ae68f7ac16a9a4cd3a227d513971566ba7f5a9fe1b55175aea4fa4,2014-05,Cheshire Constabulary,Cheshire Constabulary,-2.897167,53.276215,On or near Mcgarva Way,E01018521,Cheshire West and Chester 011A,Violence and sexual offences,Unable to prosecute suspect,
b23010ead6d126d49bdbc5fa3e84575702255f5de7fd74c12fddc3152efb7fab,2014-05,Cheshire Constabulary,Cheshire Constabulary,-2.898958,53.275069,On or near Park Road,E01018521,Cheshire West and Chester 011A,Violence and sexual offences,Under investigation,
,2014-05,Cheshire Constabulary,Cheshire Constabulary,-2.882649,53.272485,On or near Thornton Road,E01018550,Cheshire West and Chester 011B,Anti-social behaviour,,
,2014-05,Cheshire Constabulary,Cheshire Constabulary,-2.882649,53.272485,On or near Thornton Road,E01018550,Cheshire West and Chester 011B,Anti-social behaviour,,
2bb54866a5ed5f5e1fdbf073e4cd5ab3dc059af8666af4c37c06e6d9ee95b52a,2014-05,Cheshire Constabulary,Cheshire Constabulary,-2.883743,53.271740,On or near Ludlow Drive,E01018550,Cheshire West and Chester 011B,Burglary,Investigation complete; no suspect identified,
35569889fb60313e7df45141bbc9274ca919627d9deb899f532711c5e0737844,2014-05,Cheshire Constabulary,Cheshire Constabulary,-2.883615,53.267732,On or near Warwick Court,E01018550,Cheshire West and Chester 011B,Criminal damage and arson,Under investigation,
539d744f222755bbb8db0235ef9c1de7506b1d93974af536f4a432d67167d3d7,2014-05,Cheshire Constabulary,Cheshire Constabulary,-2.882640,53.268449,On or near Kenilworth Court,E01018550,Cheshire West and Chester 011B,Criminal damage and arson,Investigation complete; no suspect identified,
0905ee90ddac8d4d27aaf7732f9f23891ea4a37ad14610d297b536112252879f,2014-05,Cheshire Constabulary,Cheshire Constabulary,-2.883743,53.271740,On or near Ludlow Drive,E01018550,Cheshire West and Chester 011B,Criminal damage and arson,Investigation complete; no suspect identified,
5c2472b7c89f9d44f33847a85069bb85e181f98331e8fe86b9f3dc623d17aa8e,2014-05,Cheshire Constabulary,Cheshire Constabulary,-2.883743,53.271740,On or near Ludlow Drive,E01018550,Cheshire West and Chester 011B,Criminal damage and arson,Investigation complete; no suspect identified,
b05109ff4ef1a2d0c01a60a5bad43806f764d56dee0156f8f4f880ca8dd107de,2014-05,Cheshire Constabulary,Cheshire Constabulary,-2.882640,53.268449,On or near Kenilworth Court,E01018550,Cheshire West and Chester 011B,Criminal damage and arson,Investigation complete; no suspect identified,
dcdc2e51c63d5ccff923750b53006c43555d7ff6d661852902356c5d16fda21c,2014-05,Cheshire Constabulary,Cheshire Constabulary,-2.883743,53.271740,On or near Ludlow Drive,E01018550,Cheshire West and Chester 011B,Criminal damage and arson,Unable to prosecute suspect,
8a0810ada8525cb35266c238a42aeb16a33771a8e478719d089cc3d5db0fbfb2,2014-05,Cheshire Constabulary,Cheshire Constabulary,-2.883615,53.267732,On or near Warwick Court,E01018550,Cheshire West and Chester 011B,Criminal damage and arson,Investigation complete; no suspect identified,
13c2fcce7e490e8f966eac998f4e0dbd77a8a4093154473b7e0b109ce080ffac,2014-05,Cheshire Constabulary,Cheshire Constabulary,-2.886489,53.269670,On or near Richmond Court,E01018550,Cheshire West and Chester 011B,Public order,Under investigation,
785990575a8c1d8e71195ad4a9a89fbc64ed17a76b95364446b4328bc96d56c2,2014-05,Cheshire Constabulary,Cheshire Constabulary,-2.886489,53.269670,On or near Richmond Court,E01018550,Cheshire West and Chester 011B,Public order,Unable to prosecute suspect,
960b49373d303354baa646dd385a265c42ed73f2f98879755c61f08583fbcd9a,2014-05,Cheshire Constabulary,Cheshire Constabulary,-2.883743,53.271740,On or near Ludlow Drive,E01018550,Cheshire West and Chester 011B,Public order,Offender given a caution,
6fbc553ffd3fd172ce86b676e2dfb4b58352e20803807f3d8f0dd30117b6a252,2014-05,Cheshire Constabulary,Cheshire Constabulary,-2.882640,53.268449,On or near Kenilworth Court,E01018550,Cheshire West and Chester 011B,Violence and sexual offences,Unable to prosecute suspect,
e49d8c09f4e81364185c4c64b85b5b4b3991ea01421ae3d941931b4f9b03e359,2014-05,Cheshire Constabulary,Cheshire Constabulary,-2.883743,53.271740,On or near Ludlow Drive,E01018550,Cheshire West and Chester 011B,Violence and sexual offences,Awaiting court outcome,
7a5c64fbb1df86e9d4ff36741e337d233ee02b91342acaf00ba977b599ea703e,2014-05,Cheshire Constabulary,Cheshire Constabulary,-2.883743,53.271740,On or near Ludlow Drive,E01018550,Cheshire West and Chester 011B,Violence and sexual offences,Awaiting court outcome,
,2014-05,Cheshire Constabulary,Cheshire Constabulary,-2.889929,53.267802,On or near Flint Court,E01018551,Cheshire West and Chester 011C,Anti-social behaviour,,
,2014-05,Cheshire Constabulary,Cheshire Constabulary,-2.886472,53.270299,On or near Raby Court,E01018551,Cheshire West and Chester 011C,Anti-social behaviour,,
,2014-05,Cheshire Constabulary,Cheshire Constabulary,-2.889497,53.266483,On or near Ewloe Court,E01018551,Cheshire West and Chester 011C,Anti-social behaviour,,
,2014-05,Cheshire Constabulary,Cheshire Constabulary,-2.891916,53.268883,On or near Conway Court,E01018551,Cheshire West and Chester 011C,Anti-social behaviour,,
,2014-05,Cheshire Constabulary,Cheshire Constabulary,-2.886472,53.270299,On or near Raby Court,E01018551,Cheshire West and Chester 011C,Anti-social behaviour,,
,2014-05,Cheshire Constabulary,Cheshire Constabulary,-2.883900,53.266983,On or near Bodiam Court,E01018551,Cheshire West and Chester 011C,Anti-social behaviour,,
,2014-05,Cheshire Constabulary,Cheshire Constabulary,-2.885780,53.267275,On or near Alnwick Drive,E01018551,Cheshire West and Chester 011C,Anti-social behaviour,,
,2014-05,Cheshire Constabulary,Cheshire Constabulary,-2.886893,53.271078,On or near Doune Court,E01018551,Cheshire West and Chester 011C,Anti-social behaviour,,
,2014-05,Cheshire Constabulary,Cheshire Constabulary,-2.886472,53.270299,On or near Raby Court,E01018551,Cheshire West and Chester 011C,Anti-social behaviour,,
,2014-05,Cheshire Constabulary,Cheshire Constabulary,-2.883900,53.266983,On or near Bodiam Court,E01018551,Cheshire West and Chester 011C,Anti-social behaviour,,
,2014-05,Cheshire Constabulary,Cheshire Constabulary,-2.886553,53.267692,On or near Bunbury Green,E01018551,Cheshire West and Chester 011C,Anti-social behaviour,,
,2014-05,Cheshire Constabulary,Cheshire Constabulary,-2.883359,53.264039,On or near Shopping Area,E01018551,Cheshire West and Chester 011C,Anti-social behaviour,,
,2014-05,Cheshire Constabulary,Cheshire Constabulary,-2.880986,53.270394,On or near Sports/Recreation Area,E01018551,Cheshire West and Chester 011C,Anti-social behaviour,,
,2014-05,Cheshire Constabulary,Cheshire Constabulary,-2.873824,53.264064,On or near Stanney Mill Lane,E01018551,Cheshire West and Chester 011C,Anti-social behaviour,,
,2014-05,Cheshire Constabulary,Cheshire Constabulary,-2.879099,53.263217,On or near Supermarket,E01018551,Cheshire West and Chester 011C,Anti-social behaviour,,
,2014-05,Cheshire Constabulary,Cheshire Constabulary,-2.880986,53.270394,On or near Sports/Recreation Area,E01018551,Cheshire West and Chester 011C,Anti-social behaviour,,
,2014-05,Cheshire Constabulary,Cheshire Constabulary,-2.883359,53.264039,On or near Shopping Area,E01018551,Cheshire West and Chester 011C,Anti-social behaviour,,
,2014-05,Cheshire Constabulary,Cheshire Constabulary,-2.891916,53.268883,On or near Conway Court,E01018551,Cheshire West and Chester 011C,Anti-social behaviour,,
0312a0503144681f8e5a016716028f875072d09a94e81d477af82881044bea04,2014-05,Cheshire Constabulary,Cheshire Constabulary,-2.886893,53.271078,On or near Doune Court,E01018551,Cheshire West and Chester 011C,Burglary,Offender given conditional discharge,
f549b309a2f83b0c9de426c3419148d4ae24067830dbd0df27f8eb96791a9a13,2014-05,Cheshire Constabulary,Cheshire Constabulary,-2.883359,53.264039,On or near Shopping Area,E01018551,Cheshire West and Chester 011C,Criminal damage and arson,Under investigation,
107ce45af73bfad77466a07cf4e9672e64cb9baefd71b4a7a447baa16461f2fb,2014-05,Cheshire Constabulary,Cheshire Constabulary,-2.879099,53.263217,On or near Supermarket,E01018551,Cheshire West and Chester 011C,Criminal damage and arson,Investigation complete; no suspect identified,
a3638a0df8afbb4dbe2abcb5282785b0eb808e096e66380ffb95a8d24a72b8c1,2014-05,Cheshire Constabulary,Cheshire Constabulary,-2.889497,53.266483,On or near Ewloe Court,E01018551,Cheshire West and Chester 011C,Drugs,Awaiting court outcome,
594ca65d812a0fb7d2e144c071c9c4d780098658c38a9956e459564145050120,2014-05,Cheshire Constabulary,Cheshire Constabulary,-2.880986,53.270394,On or near Sports/Recreation Area,E01018551,Cheshire West and Chester 011C,Possession of weapons,Awaiting court outcome,
abfa817ad15fd49a9e6720fb06c23c157e1086c27b6600aafe632c70f686d397,2014-05,Cheshire Constabulary,Cheshire Constabulary,-2.880986,53.270394,On or near Sports/Recreation Area,E01018551,Cheshire West and Chester 011C,Public order,Awaiting court outcome,
68a7a5617c71d4a54489a0d3d5658cbf42bc88b38f46507d1d2fb5334255fe10,2014-05,Cheshire Constabulary,Cheshire Constabulary,-2.876900,53.266379,On or near Stanney Mill Road,E01018551,Cheshire West and Chester 011C,Shoplifting,Under investigation,
2994a495c825a640793f1cdb348b861229c00f46f2476671441bb3f1163ff168,2014-05,Cheshire Constabulary,Cheshire Constabulary,-2.881172,53.264136,On or near Cheshire Oaks Way,E01018551,Cheshire West and Chester 011C,Shoplifting,Under investigation,
8b3bb9da50328e18499d53555da6eb184bb574b6e064b5418b3c87768b41d531,2014-05,Cheshire Constabulary,Cheshire Constabulary,-2.881172,53.264136,On or near Cheshire Oaks Way,E01018551,Cheshire West and Chester 011C,Shoplifting,Unable to prosecute suspect,
a95b1d2c0aa36aa43a6b077dce2ee9f9625758c028438ecdb32c1f68cd9fed4e,2014-05,Cheshire Constabulary,Cheshire Constabulary,-2.879521,53.267708,On or near Parking Area,E01018551,Cheshire West and Chester 011C,Shoplifting,Investigation complete; no suspect identified,
fb3c14c6d14c07e9a0ef416fb37fe1b2efaec56f1ad1d0161c39a28302448584,2014-05,Cheshire Constabulary,Cheshire Constabulary,-2.881664,53.266883,On or near Shopping Area,E01018551,Cheshire West and Chester 011C,Shoplifting,Offender sent to prison,
693ea2c0f503369b1a0a00b9ea0fdac91a1b66051a3f5cdebf0b5ed98ce51c56,2014-05,Cheshire Constabulary,Cheshire Constabulary,-2.879521,53.267708,On or near Parking Area,E01018551,Cheshire West and Chester 011C,Shoplifting,Investigation complete; no suspect identified,
c4e9c4156203346e4886d4c0cc86020c85d00b1ef80ba6838cad0bf60fae984b,2014-05,Cheshire Constabulary,Cheshire Constabulary,-2.879521,53.267708,On or near Parking Area,E01018551,Cheshire West and Chester 011C,Shoplifting,Investigation complete; no suspect identified,
2369cd39c51f0816c0ef981739f62c129df599d305430b7fc91072c66d256636,2014-05,Cheshire Constabulary,Cheshire Constabulary,-2.880986,53.270394,On or near Sports/Recreation Area,E01018551,Cheshire West and Chester 011C,Vehicle crime,Under investigation,
73afd8d4e72d9ed87133eafb0afec65a8a3220f21cbadb8b2105f33cccedb8bf,2014-05,Cheshire Constabulary,Cheshire Constabulary,-2.883900,53.266983,On or near Bodiam Court,E01018551,Cheshire West and Chester 011C,Violence and sexual offences,Awaiting court outcome,
dc4701446fc538176ea81e368fefd73f4f5b63d9d707de3fd226f6d443dddfae,2014-05,Cheshire Constabulary,Cheshire Constabulary,-2.886472,53.270299,On or near Raby Court,E01018551,Cheshire West and Chester 011C,Violence and sexual offences,Under investigation,
0868a7617f931a792658305221b855e4628cfd3c624495678f2ae0f717d2127a,2014-05,Cheshire Constabulary,Cheshire Constabulary,-2.885687,53.270027,On or near Barnard Drive,E01018551,Cheshire West and Chester 011C,Violence and sexual offences,Formal action is not in the public interest,
0653205620ce9afad110ebdf65a6b57e8bc81ee5d72c97340d6bf1343a66dd69,2014-05,Cheshire Constabulary,Cheshire Constabulary,-2.879521,53.267708,On or near Parking Area,E01018551,Cheshire West and Chester 011C,Other crime,Under investigation,
5af81fc9fb630f58204eb996535badb49df52687587ee430c9c7047181f0b353,2014-05,Cheshire Constabulary,Cheshire Constabulary,-2.889497,53.266483,On or near Ewloe Court,E01018551,Cheshire West and Chester 011C,Other crime,Awaiting court outcome,
,2014-05,Cheshire Constabulary,Cheshire Constabulary,-2.884326,53.274585,On or near Telford Road,E01018552,Cheshire West and Chester 011D,Anti-social behaviour,,
,2014-05,Cheshire Constabulary,Cheshire Constabulary,-2.887660,53.274066,On or near Repton Road,E01018552,Cheshire West and Chester 011D,Anti-social behaviour,,
,2014-05,Cheshire Constabulary,Cheshire Constabulary,-2.885980,53.276964,On or near Darwin Way,E01018552,Cheshire West and Chester 011D,Anti-social behaviour,,
,2014-05,Cheshire Constabulary,Cheshire Constabulary,-2.887660,53.274066,On or near Repton Road,E01018552,Cheshire West and Chester 011D,Anti-social behaviour,,
,2014-05,Cheshire Constabulary,Cheshire Constabulary,-2.886498,53.275908,On or near Homerton Close,E01018552,Cheshire West and Chester 011D,Anti-social behaviour,,
,2014-05,Cheshire Constabulary,Cheshire Constabulary,-2.888289,53.272596,On or near Ruskin Drive,E01018552,Cheshire West and Chester 011D,Anti-social behaviour,,
,2014-05,Cheshire Constabulary,Cheshire Constabulary,-2.889001,53.284492,On or near Pedestrian Subway,E01018552,Cheshire West and Chester 011D,Anti-social behaviour,,
,2014-05,Cheshire Constabulary,Cheshire Constabulary,-2.885242,53.276799,On or near Robinson Road,E01018552,Cheshire West and Chester 011D,Anti-social behaviour,,
,2014-05,Cheshire Constabulary,Cheshire Constabulary,-2.889675,53.275040,On or near Eton Road,E01018552,Cheshire West and Chester 011D,Anti-social behaviour,,
c8a4e3a13eb6ae3bff251749297673bb689afb2e19ac98a6e4eb3fa908883ecb,2014-05,Cheshire Constabulary,Cheshire Constabulary,-2.889853,53.276432,On or near Girton Road,E01018552,Cheshire West and Chester 011D,Burglary,Investigation complete; no suspect identified,
5618ee69187742334b7f23bc8f0a6b2a32e22d2624ccf1d88fd9aa4f11edd84a,2014-05,Cheshire Constabulary,Cheshire Constabulary,-2.888042,53.276580,On or near Marchwiel Road,E01018552,Cheshire West and Chester 011D,Criminal damage and arson,Under investigation,
feb34902d305c2dc6c6f85f3633045d4d14082d3a97362577f3e13f6b3c5fd83,2014-05,Cheshire Constabulary,Cheshire Constabulary,-2.889001,53.284492,On or near Pedestrian Subway,E01018552,Cheshire West and Chester 011D,Criminal damage and arson,Investigation complete; no suspect identified,
ffa3959a146b4ca2c20c7576637bbeafec46b093262b91650e18a92ddb59f380,2014-05,Cheshire Constabulary,Cheshire Constabulary,-2.873906,53.273952,On or near New Bridge Road,E01018552,Cheshire West and Chester 011D,Other theft,Under investigation,
36ff03a1a9daac09fe856dd2381d1719f5b5f83e034ed3b8bf347b4b97e0ec21,2014-05,Cheshire Constabulary,Cheshire Constabulary,-2.885242,53.276799,On or near Robinson Road,E01018552,Cheshire West and Chester 011D,Theft from the person,Investigation complete; no suspect identified,
10465f79c3a535fafe9900840410a98228ae95cfb5641fab4983ea81c855ead0,2014-05,Cheshire Constabulary,Cheshire Constabulary,-2.823062,53.279770,On or near Station Road,E01018552,Cheshire West and Chester 011D,Vehicle crime,Investigation complete; no suspect identified,
46d4590456743bb24554a89d643c302fbc23027d6c152adbb020ae458068d63f,2014-05,Cheshire Constabulary,Cheshire Constabulary,-2.887660,53.274066,On or near Repton Road,E01018552,Cheshire West and Chester 011D,Vehicle crime,Under investigation,
d6cc3c547c73f15fc3d33894dc27faeb28f475418bb239fb6f97d18de1de0b98,2014-05,Cheshire Constabulary,Cheshire Constabulary,-2.884326,53.274585,On or near Telford Road,E01018552,Cheshire West and Chester 011D,Vehicle crime,Investigation complete; no suspect identified,
bb85dad478c867246c70806629c1b42c6ab60e1ceb3a27edc9300c944814944d,2014-05,Cheshire Constabulary,Cheshire Constabulary,-2.888289,53.272596,On or near Ruskin Drive,E01018552,Cheshire West and Chester 011D,Vehicle crime,Investigation complete; no suspect identified,
59efb2b81432931a1a63f09dec3e2b9059107e3cb757dc392fa5ba2d153ee903,2014-05,Cheshire Constabulary,Cheshire Constabulary,-2.885920,53.272623,On or near St Andrew'S Road,E01018552,Cheshire West and Chester 011D,Violence and sexual offences,Formal action is not in the public interest,
,2014-05,Cheshire Constabulary,Cheshire Constabulary,-2.893958,53.274765,On or near Jubilee Green,E01018553,Cheshire West and Chester 011E,Anti-social behaviour,,
,2014-05,Cheshire Constabulary,Cheshire Constabulary,-2.886490,53.264645,On or near Coliseum Way,E01018553,Cheshire West and Chester 011E,Anti-social behaviour,,
,2014-05,Cheshire Constabulary,Cheshire Constabulary,-2.892020,53.266689,On or near Stanney Lane,E01018553,Cheshire West and Chester 011E,Anti-social behaviour,,
,2014-05,Cheshire Constabulary,Cheshire Constabulary,-2.892408,53.270219,On or near Harlech Way,E01018553,Cheshire West and Chester 011E,Anti-social behaviour,,
,2014-05,Cheshire Constabulary,Cheshire Constabulary,-2.891727,53.275672,On or near Milton Close,E01018553,Cheshire West and Chester 011E,Anti-social behaviour,,
,2014-05,Cheshire Constabulary,Cheshire Constabulary,-2.893128,53.268766,On or near Balmoral Gardens,E01018553,Cheshire West and Chester 011E,Anti-social behaviour,,
,2014-05,Cheshire Constabulary,Cheshire Constabulary,-2.893128,53.268766,On or near Balmoral Gardens,E01018553,Cheshire West and Chester 011E,Anti-social behaviour,,
,2014-05,Cheshire Constabulary,Cheshire Constabulary,-2.886490,53.264645,On or near Coliseum Way,E01018553,Cheshire West and Chester 011E,Anti-social behaviour,,
,2014-05,Cheshire Constabulary,Cheshire Constabulary,-2.893625,53.269599,On or near Rugby Road,E01018553,Cheshire West and Chester 011E,Anti-social behaviour,,
,2014-05,Cheshire Constabulary,Cheshire Constabulary,-2.895731,53.272064,On or near The Oval,E01018553,Cheshire West and Chester 011E,Anti-social behaviour,,
,2014-05,Cheshire Constabulary,Cheshire Constabulary,-2.884429,53.263582,On or near Shopping Area,E01018553,Cheshire West and Chester 011E,Anti-social behaviour,,
,2014-05,Cheshire Constabulary,Cheshire Constabulary,-2.894231,53.273495,On or near Oakley Court,E01018553,Cheshire West and Chester 011E,Anti-social behaviour,,
945f0f513d67840cfc03eae40dbd195abdd5d3099a55dbebdefc21db56d4d837,2014-05,Cheshire Constabulary,Cheshire Constabulary,-2.895731,53.272064,On or near The Oval,E01018553,Cheshire West and Chester 011E,Burglary,Under investigation,
618fbdc54c3fb2ca611034056bc9bb26add5c505724d6001dc8e829550842762,2014-05,Cheshire Constabulary,Cheshire Constabulary,-2.892398,53.268260,On or near Buckingham Gardens,E01018553,Cheshire West and Chester 011E,Burglary,Under investigation,
5d9605f4d9f190c7dcbfeccee87cd4470045c4fd3d41e7b7bfbfece099200e87,2014-05,Cheshire Constabulary,Cheshire Constabulary,-2.895731,53.272064,On or near The Oval,E01018553,Cheshire West and Chester 011E,Burglary,Investigation complete; no suspect identified,
6bb512c6c7c6479ac57111402c8891efb872e7e2ca8efa3d9f6e0f8e1d77b7a3,2014-05,Cheshire Constabulary,Cheshire Constabulary,-2.892408,53.270219,On or near Harlech Way,E01018553,Cheshire West and Chester 011E,Criminal damage and arson,Investigation complete; no suspect identified,
c2eea82a25c3b221ac40cacdf03a7627414a5f411131d4f4b065644e549fd7b7,2014-05,Cheshire Constabulary,Cheshire Constabulary,-2.892408,53.270219,On or near Harlech Way,E01018553,Cheshire West and Chester 011E,Other theft,Investigation complete; no suspect identified,
1d40deca72a352a64a5ebe688260a3eaf5fcde8009ee234b580e97cccf40178b,2014-05,Cheshire Constabulary,Cheshire Constabulary,-2.884141,53.264896,On or near Shopping Area,E01018553,Cheshire West and Chester 011E,Other theft,Investigation complete; no suspect identified,
1e9d20e2fd02e011df96d27be6b9df2142f6abf8d6896a02e32120c8fb750d91,2014-05,Cheshire Constabulary,Cheshire Constabulary,-2.886490,53.264645,On or near Coliseum Way,E01018553,Cheshire West and Chester 011E,Other theft,Investigation complete; no suspect identified,
389ba07fc74ac1029e3d35731ab787aa5d5ebe4ddc438afa24745bd6cbfed69d,2014-05,Cheshire Constabulary,Cheshire Constabulary,-2.890485,53.274350,On or near Milton Road,E01018553,Cheshire West and Chester 011E,Shoplifting,Under investigation,
e5f68bd19c934acc53d6f9641179d6332d886e5da08e2779fee8b867070a9f9a,2014-05,Cheshire Constabulary,Cheshire Constabulary,-2.884429,53.263582,On or near Shopping Area,E01018553,Cheshire West and Chester 011E,Shoplifting,Offender sent to prison,
0d9c5d18b99532d9828a5b7119db86c0921c23d9909dd2437cc614b8426c1e61,2014-05,Cheshire Constabulary,Cheshire Constabulary,-2.886490,53.264645,On or near Coliseum Way,E01018553,Cheshire West and Chester 011E,Shoplifting,Awaiting court outcome,
8a4c7c3cf011afdea7acb813d0c71ccd3ba0651391b287571319ea305c136a96,2014-05,Cheshire Constabulary,Cheshire Constabulary,-2.884429,53.263582,On or near Shopping Area,E01018553,Cheshire West and Chester 011E,Shoplifting,Investigation complete; no suspect identified,
ca73def926a9ae7beea6d78cda5818dea869cc0c4aabd3dfcff2d20bc0c96762,2014-05,Cheshire Constabulary,Cheshire Constabulary,-2.886490,53.264645,On or near Coliseum Way,E01018553,Cheshire West and Chester 011E,Theft from the person,Investigation complete; no suspect identified,
0e34041acddede6e5d9ab28b72845129a6a386c179cf2747c12f34915ea9e084,2014-05,Cheshire Constabulary,Cheshire Constabulary,-2.894139,53.269100,On or near Denbigh Gardens,E01018553,Cheshire West and Chester 011E,Violence and sexual offences,Awaiting court outcome,
cdc2443d67ca78e1031b9639ff1dae48546e1978bb4bce77f7afd3fc0cd4e6c1,2014-05,Cheshire Constabulary,Cheshire Constabulary,-2.892686,53.274900,On or near Chesham Court,E01018553,Cheshire West and Chester 011E,Violence and sexual offences,Under investigation,
f987ac3a208b264c52dd33b282860cc61fdb121d089f0dc389ff39ea303be90d,2014-05,Cheshire Constabulary,Cheshire Constabulary,-2.886490,53.264645,On or near Coliseum Way,E01018553,Cheshire West and Chester 011E,Other crime,Offender fined,
,2014-05,Cheshire Constabulary,Cheshire Constabulary,-2.549739,53.274908,On or near Townfield Lane,E01018671,Cheshire West and Chester 012A,Anti-social behaviour,,
,2014-05,Cheshire Constabulary,Cheshire Constabulary,-2.555845,53.277396,On or near Coronation Grove,E01018672,Cheshire West and Chester 012B,Anti-social behaviour,,
,2014-05,Cheshire Constabulary,Cheshire Constabulary,-2.551781,53.272777,On or near Central Drive,E01018672,Cheshire West and Chester 012B,Anti-social behaviour,,
,2014-05,Cheshire Constabulary,Cheshire Constabulary,-2.555845,53.277396,On or near Coronation Grove,E01018672,Cheshire West and Chester 012B,Anti-social behaviour,,
,2014-05,Cheshire Constabulary,Cheshire Constabulary,-2.553955,53.272767,On or near Grange Road,E01018672,Cheshire West and Chester 012B,Anti-social behaviour,,
,2014-05,Cheshire Constabulary,Cheshire Constabulary,-2.557225,53.276275,On or near Westfield Grove,E01018672,Cheshire West and Chester 012B,Anti-social behaviour,,
,2014-05,Cheshire Constabulary,Cheshire Constabulary,-2.554510,53.275074,On or near Beech Lane,E01018672,Cheshire West and Chester 012B,Anti-social behaviour,,
df50e34e3e9110ec82c562df01d2e08232d4a0a61ac2c8b2916a24ad44479e8a,2014-05,Cheshire Constabulary,Cheshire Constabulary,-2.558638,53.275361,On or near Petrol Station,E01018672,Cheshire West and Chester 012B,Shoplifting,Under investigation,
1c2acede32494ec38643a01510bca4b03486ab9c4111d7cb003990fb70868722,2014-05,Cheshire Constabulary,Cheshire Constabulary,-2.552565,53.273070,On or near Green Avenue,E01018672,Cheshire West and Chester 012B,Violence and sexual offences,Formal action is not in the public interest,
821b6f308e4774b8158d8ebb38b250c761f287aca3475cdc2d431cf0489764ec,2014-05,Cheshire Constabulary,Cheshire Constabulary,-2.556455,53.277043,On or near Hawthorne Grove,E01018672,Cheshire West and Chester 012B,Violence and sexual offences,Awaiting court outcome,
,2014-05,Cheshire Constabulary,Cheshire Constabulary,-2.548697,53.273151,On or near Hindley Crescent,E01018673,Cheshire West and Chester 012C,Anti-social behaviour,,
33dc5fed57eb932a11f259240cee6509b02717a6bd72dd7668c44239e348b7f9,2014-05,Cheshire Constabulary,Cheshire Constabulary,-2.548697,53.273151,On or near Hindley Crescent,E01018673,Cheshire West and Chester 012C,Bicycle theft,Investigation complete; no suspect identified,
f86028ee1c0fa080f9740e35e83ff2fb6789e632cad540a9cbe596864442f528,2014-05,Cheshire Constabulary,Cheshire Constabulary,-2.548697,53.273151,On or near Hindley Crescent,E01018673,Cheshire West and Chester 012C,Burglary,Under investigation,
732b715d7c877c5f01000341b7657dbb1d0101ada28c9816d1f7cc9505f9894e,2014-05,Cheshire Constabulary,Cheshire Constabulary,-2.548697,53.273151,On or near Hindley Crescent,E01018673,Cheshire West and Chester 012C,Violence and sexual offences,Under investigation,
,2014-05,Cheshire Constabulary,Cheshire Constabulary,-2.552202,53.270564,On or near Plumbs Fold,E01018674,Cheshire West and Chester 012D,Anti-social behaviour,,
,2014-05,Cheshire Constabulary,Cheshire Constabulary,-2.550220,53.270294,On or near Princes Park,E01018674,Cheshire West and Chester 012D,Anti-social behaviour,,
461613ff1abf7b7a61a9d4e5bd592c01e9aabadeafb7c52dab1e1a57a5a7b0d2,2014-05,Cheshire Constabulary,Cheshire Constabulary,-2.546512,53.269988,On or near Manor Drive,E01018674,Cheshire West and Chester 012D,Criminal damage and arson,Under investigation,
a65c8e28c21568138da99d313d2003ab1f84d4fc4a078e79cce8ed771160c36e,2014-05,Cheshire Constabulary,Cheshire Constabulary,-2.552202,53.270564,On or near Plumbs Fold,E01018674,Cheshire West and Chester 012D,Other theft,Under investigation,
896302854a46ecca7e93ee88272167b921a51d0be69b8455a430afc70a1e2678,2014-05,Cheshire Constabulary,Cheshire Constabulary,-2.546512,53.269988,On or near Manor Drive,E01018674,Cheshire West and Chester 012D,Other theft,Investigation complete; no suspect identified,
96de3c5be304f75d744c685fc31d1ea888e497ca271dd014015bc62f9d147fb6,2014-05,Cheshire Constabulary,Cheshire Constabulary,-2.545296,53.271036,On or near George Street,E01018674,Cheshire West and Chester 012D,Other theft,Investigation complete; no suspect identified,
a7ba84356619745003a590bdf8533fc10592712c14c4dac7982d0665653c0485,2014-05,Cheshire Constabulary,Cheshire Constabulary,-2.548894,53.272143,On or near Emmett Street,E01018674,Cheshire West and Chester 012D,Public order,Awaiting court outcome,
1d69db2f37a87f056f5c794b0c11aa538f5a7e6cb0d30ca4f6f58e4879cf3bfc,2014-05,Cheshire Constabulary,Cheshire Constabulary,-2.544316,53.270591,On or near Hill Top,E01018674,Cheshire West and Chester 012D,Vehicle crime,Investigation complete; no suspect identified,
e2455d26371fdb4f1bc6c774432df85b929c512d6369b59c3da7515f4f0daa17,2014-05,Cheshire Constabulary,Cheshire Constabulary,-2.547554,53.270522,On or near Old School Close,E01018674,Cheshire West and Chester 012D,Violence and sexual offences,Unable to prosecute suspect,
209102a465bdbc23449abda80c0750de9b9a30ab9545307df68ac39d0257f7c1,2014-05,Cheshire Constabulary,Cheshire Constabulary,-2.548894,53.272143,On or near Emmett Street,E01018674,Cheshire West and Chester 012D,Violence and sexual offences,Awaiting court outcome,
00b47552c5a35d6bdf0a2a1fabf1350d224f7e6e56df8e336244e740e9135dc7,2014-05,Cheshire Constabulary,Cheshire Constabulary,-2.547554,53.270522,On or near Old School Close,E01018674,Cheshire West and Chester 012D,Violence and sexual offences,Awaiting court outcome,
,2014-05,Cheshire Constabulary,Cheshire Constabulary,-2.935446,53.273772,On or near Greystones,E01018556,Cheshire West and Chester 013A,Anti-social behaviour,,
,2014-05,Cheshire Constabulary,Cheshire Constabulary,-2.928546,53.269530,On or near Knowle Close,E01018556,Cheshire West and Chester 013A,Anti-social behaviour,,
8eb229b5630ba2e572c9559e02dcd110a0934d49f6cb937affe5bd56a4073e18,2014-05,Cheshire Constabulary,Cheshire Constabulary,-2.934145,53.271194,On or near Aintree Grove,E01018556,Cheshire West and Chester 013A,Burglary,Investigation complete; no suspect identified,
d90e94c8c74389423e79108d7cf18387519484ccbc732e4f5335467bfc1aea32,2014-05,Cheshire Constabulary,Cheshire Constabulary,-2.935326,53.269656,On or near Chester Road,E01018556,Cheshire West and Chester 013A,Burglary,Under investigation,
19ccd9186cf6871c1ae9cd35141410c5c8d1c081dec2abaedc0c19b42ab61d8e,2014-05,Cheshire Constabulary,Cheshire Constabulary,-2.930931,53.270284,On or near Goodwood Grove,E01018556,Cheshire West and Chester 013A,Criminal damage and arson,Investigation complete; no suspect identified,
e2ec388f184737f0fb8ead9fbaa598594f0d39d3e95a241ba37208712f0662d9,2014-05,Cheshire Constabulary,Cheshire Constabulary,-2.928546,53.269530,On or near Knowle Close,E01018556,Cheshire West and Chester 013A,Drugs,Under investigation,
5e85fb53b4f84983cc2ffc30ce5dd1110aa867e8bc2d5d155d0015294346121b,2014-05,Cheshire Constabulary,Cheshire Constabulary,-2.935670,53.270993,On or near Warren Court,E01018556,Cheshire West and Chester 013A,Vehicle crime,Investigation complete; no suspect identified,
18cae76d1f93de77bf89345ced8598a29ee61599f323f374a655a75bda537460,2014-05,Cheshire Constabulary,Cheshire Constabulary,-2.932685,53.272338,On or near Church Lane,E01018556,Cheshire West and Chester 013A,Vehicle crime,Investigation complete; no suspect identified,
,2014-05,Cheshire Constabulary,Cheshire Constabulary,-2.923840,53.272443,On or near Charter Crescent,E01018557,Cheshire West and Chester 013B,Anti-social behaviour,,
,2014-05,Cheshire Constabulary,Cheshire Constabulary,-2.923840,53.272443,On or near Charter Crescent,E01018557,Cheshire West and Chester 013B,Anti-social behaviour,,
,2014-05,Cheshire Constabulary,Cheshire Constabulary,-2.924629,53.272850,On or near Peckforton Drive,E01018557,Cheshire West and Chester 013B,Anti-social behaviour,,
de20f2032b703a5bef65ed7a2acd68ea4eb20d26f0d572dde265d08c400cd225,2014-05,Cheshire Constabulary,Cheshire Constabulary,-2.923608,53.275582,On or near Sutton Way,E01018557,Cheshire West and Chester 013B,Burglary,Under investigation,
13c0c0b52eb99feaf8e0fc794a4863346e1f0b3fdc4552ff77e05d8c529b5b48,2014-05,Cheshire Constabulary,Cheshire Constabulary,-2.926084,53.273558,On or near Burns Close,E01018557,Cheshire West and Chester 013B,Vehicle crime,Investigation complete; no suspect identified,
8218a1a71079c4f23c30ee93038587ac1e4c10feb9e30698d2f8b2a9471cccd1,2014-05,Cheshire Constabulary,Cheshire Constabulary,-2.920209,53.269558,On or near Talbot Road,E01018558,Cheshire West and Chester 013C,Other theft,Investigation complete; no suspect identified,
,2014-05,Cheshire Constabulary,Cheshire Constabulary,-2.926613,53.266138,On or near Painswick Road,E01018559,Cheshire West and Chester 013D,Anti-social behaviour,,
,2014-05,Cheshire Constabulary,Cheshire Constabulary,-2.927473,53.265673,On or near Dolphin Crescent,E01018559,Cheshire West and Chester 013D,Anti-social behaviour,,
,2014-05,Cheshire Constabulary,Cheshire Constabulary,-2.926613,53.266138,On or near Painswick Road,E01018559,Cheshire West and Chester 013D,Anti-social behaviour,,
442a393064e4cc596332dcd27904ce588a55cbcfbebd61f4d9cfda2d720b5f40,2014-05,Cheshire Constabulary,Cheshire Constabulary,-2.926469,53.268512,On or near Brunswick Crescent,E01018559,Cheshire West and Chester 013D,Burglary,Investigation complete; no suspect identified,
1393d00ae9bcdc7c6151d5e5621f7dcad6ca72b80aa14cb83e8815378278512c,2014-05,Cheshire Constabulary,Cheshire Constabulary,-2.926613,53.266138,On or near Painswick Road,E01018559,Cheshire West and Chester 013D,Burglary,Investigation complete; no suspect identified,
e0a7a00a8db7c78333601b3080e236353c36e72a04ec906da8c8b95d7beab9f5,2014-05,Cheshire Constabulary,Cheshire Constabulary,-2.929132,53.266819,On or near Kendal Drive,E01018559,Cheshire West and Chester 013D,Other theft,Investigation complete; no suspect identified,
4318d9c9d1d9e315d90ea9b7fb53c95680c9a4b38f13ab4b9f4354895cb09792,2014-05,Cheshire Constabulary,Cheshire Constabulary,-2.929132,53.266819,On or near Kendal Drive,E01018559,Cheshire West and Chester 013D,Violence and sexual offences,Under investigation,
,2014-05,Cheshire Constabulary,Cheshire Constabulary,-2.907959,53.274533,On or near Dawn Gardens,E01018565,Cheshire West and Chester 014A,Anti-social behaviour,,
,2014-05,Cheshire Constabulary,Cheshire Constabulary,-2.905458,53.268278,On or near Deeside,E01018565,Cheshire West and Chester 014A,Anti-social behaviour,,
,2014-05,Cheshire Constabulary,Cheshire Constabulary,-2.909431,53.273201,On or near Parking Area,E01018565,Cheshire West and Chester 014A,Anti-social behaviour,,
,2014-05,Cheshire Constabulary,Cheshire Constabulary,-2.903401,53.270271,On or near Park Drive,E01018565,Cheshire West and Chester 014A,Anti-social behaviour,,
,2014-05,Cheshire Constabulary,Cheshire Constabulary,-2.903401,53.270271,On or near Park Drive,E01018565,Cheshire West and Chester 014A,Anti-social behaviour,,
,2014-05,Cheshire Constabulary,Cheshire Constabulary,-2.907237,53.274395,On or near St Thomas' View,E01018565,Cheshire West and Chester 014A,Anti-social behaviour,,
,2014-05,Cheshire Constabulary,Cheshire Constabulary,-2.905378,53.276566,On or near Police Station,E01018565,Cheshire West and Chester 014A,Anti-social behaviour,,
,2014-05,Cheshire Constabulary,Cheshire Constabulary,-2.903401,53.270271,On or near Park Drive,E01018565,Cheshire West and Chester 014A,Anti-social behaviour,,
,2014-05,Cheshire Constabulary,Cheshire Constabulary,-2.906413,53.273053,On or near Thamesdale,E01018565,Cheshire West and Chester 014A,Anti-social behaviour,,
,2014-05,Cheshire Constabulary,Cheshire Constabulary,-2.909022,53.274435,On or near Whitby Road,E01018565,Cheshire West and Chester 014A,Anti-social behaviour,,
,2014-05,Cheshire Constabulary,Cheshire Constabulary,-2.905378,53.276566,On or near Police Station,E01018565,Cheshire West and Chester 014A,Anti-social behaviour,,
,2014-05,Cheshire Constabulary,Cheshire Constabulary,-2.907959,53.274533,On or near Dawn Gardens,E01018565,Cheshire West and Chester 014A,Anti-social behaviour,,
,2014-05,Cheshire Constabulary,Cheshire Constabulary,-2.903401,53.270271,On or near Park Drive,E01018565,Cheshire West and Chester 014A,Anti-social behaviour,,
,2014-05,Cheshire Constabulary,Cheshire Constabulary,-2.905378,53.276566,On or near Police Station,E01018565,Cheshire West and Chester 014A,Anti-social behaviour,,
,2014-05,Cheshire Constabulary,Cheshire Constabulary,-2.907830,53.275487,On or near Chapel Mews,E01018565,Cheshire West and Chester 014A,Anti-social behaviour,,
,2014-05,Cheshire Constabulary,Cheshire Constabulary,-2.906804,53.270982,On or near Tynesdale,E01018565,Cheshire West and Chester 014A,Anti-social behaviour,,
,2014-05,Cheshire Constabulary,Cheshire Constabulary,-2.903401,53.270271,On or near Park Drive,E01018565,Cheshire West and Chester 014A,Anti-social behaviour,,
,2014-05,Cheshire Constabulary,Cheshire Constabulary,-2.903401,53.270271,On or near Park Drive,E01018565,Cheshire West and Chester 014A,Anti-social behaviour,,
d94d39f7de048a5c7be9b96cc38e729fbf6d3b2e70c1aea1e8a04436cf41a8a9,2014-05,Cheshire Constabulary,Cheshire Constabulary,-2.908124,53.270262,On or near Ribblesdale,E01018565,Cheshire West and Chester 014A,Bicycle theft,Investigation complete; no suspect identified,
3511bedd355425e1b21416e9e16ded8ef93f8ee0703bee8018f7fa20770e8cdb,2014-05,Cheshire Constabulary,Cheshire Constabulary,-2.907959,53.274533,On or near Dawn Gardens,E01018565,Cheshire West and Chester 014A,Other theft,Investigation complete; no suspect identified,
ccc39655eed5a4715787d24f5410c2894ec373d2872ba5c833d8190aa19c1065,2014-05,Cheshire Constabulary,Cheshire Constabulary,-2.905378,53.276566,On or near Police Station,E01018565,Cheshire West and Chester 014A,Public order,Awaiting court outcome,
5e41daabfa3d764ff02675faf36d7629523787d99c7288db0ddace8454c45e37,2014-05,Cheshire Constabulary,Cheshire Constabulary,-2.905378,53.276566,On or near Police Station,E01018565,Cheshire West and Chester 014A,Violence and sexual offences,Under investigation,
93068b1cfe18d5d7f3a931e9320f5dd6df976659110b763164fcec9fcee4188f,2014-05,Cheshire Constabulary,Cheshire Constabulary,-2.906413,53.273053,On or near Thamesdale,E01018565,Cheshire West and Chester 014A,Violence and sexual offences,Offender given a caution,
f8382928bf368739f51580bec0e7a558e8530e7bbb459046dde233c7cde7b5a2,2014-05,Cheshire Constabulary,Cheshire Constabulary,-2.907237,53.274395,On or near St Thomas' View,E01018565,Cheshire West and Chester 014A,Violence and sexual offences,Under investigation,
82f73ebf1a43f7a04be1755b4589adcf40edb31ce75ddff0ab043c93ecc78cf0,2014-05,Cheshire Constabulary,Cheshire Constabulary,-2.898048,53.267453,On or near Grasmere Road,E01018566,Cheshire West and Chester 014B,Burglary,Investigation complete; no suspect identified,
7eda61ceb47aa02b160c2ca930b5adabd4ebffc3a0dba40e95c7b7a24c5fad4a,2014-05,Cheshire Constabulary,Cheshire Constabulary,-2.896354,53.270306,On or near Stanney Lane,E01018566,Cheshire West and Chester 014B,Burglary,Under investigation,
70dbe7df118e27631a150f75643b4e171402edc90705ea0631dcc3724cedfafe,2014-05,Cheshire Constabulary,Cheshire Constabulary,-2.894433,53.262347,On or near Wight Close,E01018566,Cheshire West and Chester 014B,Vehicle crime,Investigation complete; no suspect identified,
bd37f5ae4085bc04b26f072762c430b72f5c163af2031d2f144c8c34b7528b79,2014-05,Cheshire Constabulary,Cheshire Constabulary,-2.902598,53.264911,On or near Greenlea Close,E01018566,Cheshire West and Chester 014B,Vehicle crime,Investigation complete; no suspect identified,
a44ee4b39b4b460738d583a4955805c6e20ef19ce6c53dbf8a18cfe3b04775b2,2014-05,Cheshire Constabulary,Cheshire Constabulary,-2.895819,53.268414,On or near Weaver Road,E01018566,Cheshire West and Chester 014B,Vehicle crime,Investigation complete; no suspect identified,
,2014-05,Cheshire Constabulary,Cheshire Constabulary,-2.904056,53.265799,On or near Laurel Drive,E01018567,Cheshire West and Chester 014C,Anti-social behaviour,,
,2014-05,Cheshire Constabulary,Cheshire Constabulary,-2.900210,53.267590,On or near Underwood Drive,E01018567,Cheshire West and Chester 014C,Anti-social behaviour,,
16d72cd5aca2a15a794a4d6688260d9979427d334f0922a10b389c8a005ad5d7,2014-05,Cheshire Constabulary,Cheshire Constabulary,-2.909150,53.267755,On or near Silverne Drive,E01018567,Cheshire West and Chester 014C,Burglary,Under investigation,
32bd7e4091fc754504bcf65578d41daee822e08c26193d7f3cc923c9a385602f,2014-05,Cheshire Constabulary,Cheshire Constabulary,-2.900210,53.267590,On or near Underwood Drive,E01018567,Cheshire West and Chester 014C,Shoplifting,Under investigation,
,2014-05,Cheshire Constabulary,Cheshire Constabulary,-2.895031,53.262963,On or near Jersey Avenue,E01018568,Cheshire West and Chester 014D,Anti-social behaviour,,
,2014-05,Cheshire Constabulary,Cheshire Constabulary,-2.896204,53.263862,On or near Arran Avenue,E01018568,Cheshire West and Chester 014D,Anti-social behaviour,,
,2014-05,Cheshire Constabulary,Cheshire Constabulary,-2.895031,53.262963,On or near Jersey Avenue,E01018568,Cheshire West and Chester 014D,Anti-social behaviour,,
9c0e4f532634bb4ba28e1734d29c6598212644fa548cd713e95d5e747febd510,2014-05,Cheshire Constabulary,Cheshire Constabulary,-2.908964,53.259676,On or near Sports/Recreation Area,E01018568,Cheshire West and Chester 014D,Burglary,Investigation complete; no suspect identified,
460a6a80d2d40b05c4aca4c922d9af8425641119e3f273106c9e08645c907881,2014-05,Cheshire Constabulary,Cheshire Constabulary,-2.897521,53.263043,On or near Skye Close,E01018568,Cheshire West and Chester 014D,Burglary,Under investigation,
f8c87d87700965334cfcc83b984ea101cf9094ff07756eb7dd938c3ccfd2543e,2014-05,Cheshire Constabulary,Cheshire Constabulary,-2.893236,53.260280,On or near Lloyd Drive,E01018568,Cheshire West and Chester 014D,Shoplifting,Under investigation,
d9fb0b009898f21d80744f4918784d0a00154edd40036c864deeb422c83d1276,2014-05,Cheshire Constabulary,Cheshire Constabulary,-2.893236,53.260280,On or near Lloyd Drive,E01018568,Cheshire West and Chester 014D,Shoplifting,Under investigation,
1f6c95bf659db11c50c34dd61ecb43e2abc423e356fc65699adc3c0d0b013746,2014-05,Cheshire Constabulary,Cheshire Constabulary,-2.893236,53.260280,On or near Lloyd Drive,E01018568,Cheshire West and Chester 014D,Shoplifting,Under investigation,
aa4727e9dc1b4c4db1c5a31b6f9b7a47c51270bbae8a9d18c635925189abd33e,2014-05,Cheshire Constabulary,Cheshire Constabulary,-2.893236,53.260280,On or near Lloyd Drive,E01018568,Cheshire West and Chester 014D,Shoplifting,Under investigation,
fcaab1aef2242bc500531ca06850252f607d19014c11f738777022b54e654ae9,2014-05,Cheshire Constabulary,Cheshire Constabulary,-2.893236,53.260280,On or near Lloyd Drive,E01018568,Cheshire West and Chester 014D,Shoplifting,Under investigation,
3558b9ed5accb34d12795aa745ad5344f1e05632381755a730fd0edfef2b02b9,2014-05,Cheshire Constabulary,Cheshire Constabulary,-2.899659,53.259198,On or near Barry Close,E01018568,Cheshire West and Chester 014D,Vehicle crime,Investigation complete; no suspect identified,
,2014-05,Cheshire Constabulary,Cheshire Constabulary,-2.764032,53.266410,On or near Rockfield Drive,E01018684,Cheshire West and Chester 015A,Anti-social behaviour,,
,2014-05,Cheshire Constabulary,Cheshire Constabulary,-2.679272,53.241628,On or near Ashton Road,E01018684,Cheshire West and Chester 015A,Anti-social behaviour,,
,2014-05,Cheshire Constabulary,Cheshire Constabulary,-2.646232,53.246639,On or near Hough Lane,E01018684,Cheshire West and Chester 015A,Anti-social behaviour,,
d718ea18bff005c30f8bd6b9c618efcc9e48a30763345d0e6178dbadf325e38e,2014-05,Cheshire Constabulary,Cheshire Constabulary,-2.751862,53.264114,On or near Sports/Recreation Area,E01018684,Cheshire West and Chester 015A,Burglary,Investigation complete; no suspect identified,
,2014-05,Cheshire Constabulary,Cheshire Constabulary,-2.772866,53.265769,On or near Supermarket,E01018695,Cheshire West and Chester 015B,Anti-social behaviour,,
,2014-05,Cheshire Constabulary,Cheshire Constabulary,-2.752557,53.277234,On or near Foxhill Grove,E01018696,Cheshire West and Chester 015C,Anti-social behaviour,,
,2014-05,Cheshire Constabulary,Cheshire Constabulary,-2.761436,53.278948,On or near Plovers Lane,E01018696,Cheshire West and Chester 015C,Anti-social behaviour,,
295bae4ece6230b7f1f6af80d94d82234e3408156d5e55b9c99b63ce9314862f,2014-05,Cheshire Constabulary,Cheshire Constabulary,-2.750161,53.278291,On or near Sports/Recreation Area,E01018696,Cheshire West and Chester 015C,Other theft,Investigation complete; no suspect identified,
0a927b8afb098895883cd09864f31fc63fe99e7466e94b6324b49ffc3dd57a46,2014-05,Cheshire Constabulary,Cheshire Constabulary,-2.750161,53.278291,On or near Sports/Recreation Area,E01018696,Cheshire West and Chester 015C,Other theft,Under investigation,
f5fda46ae0ebe2babbc1ea7384a53c7c7f5e6a10576ec269bbb7df985bf4227b,2014-05,Cheshire Constabulary,Cheshire Constabulary,-2.752557,53.277234,On or near Foxhill Grove,E01018696,Cheshire West and Chester 015C,Other theft,Investigation complete; no suspect identified,
1137a2d49e64f5edb005d118c06fb7a4c9f7ea7ab34e9fb40de5ea07aa3d4309,2014-05,Cheshire Constabulary,Cheshire Constabulary,-2.761436,53.278948,On or near Plovers Lane,E01018696,Cheshire West and Chester 015C,Violence and sexual offences,Under investigation,
16653378e69cebe10c95ba62c804ba7f0c5b71f21b3a02905e3c0e9ae10531c6,2014-05,Cheshire Constabulary,Cheshire Constabulary,-2.751694,53.274201,On or near Bates Lane,E01018696,Cheshire West and Chester 015C,Violence and sexual offences,Under investigation,
,2014-05,Cheshire Constabulary,Cheshire Constabulary,-2.766561,53.266178,On or near Swireford Road,E01018697,Cheshire West and Chester 015D,Anti-social behaviour,,
,2014-05,Cheshire Constabulary,Cheshire Constabulary,-2.766080,53.270271,On or near Alvanley Road,E01018697,Cheshire West and Chester 015D,Anti-social behaviour,,
58d0df2e1835b1a92f154f60e4d1303233c6dd9db9b67174050af7fceb526fc7,2014-05,Cheshire Constabulary,Cheshire Constabulary,-2.771228,53.274705,On or near Lodge Hollow,E01018697,Cheshire West and Chester 015D,Criminal damage and arson,Under investigation,
4650ae04fdac57847f54c52fe5ebf0408018d32f392c08fb74ca743fbe5cf2ae,2014-05,Cheshire Constabulary,Cheshire Constabulary,-2.774201,53.271594,On or near Sherwood Grove,E01018697,Cheshire West and Chester 015D,Drugs,Under investigation,
33a8b8e7d700939ae817ce102efb0907e11c0e78a9ebd45899fc26f6e855db98,2014-05,Cheshire Constabulary,Cheshire Constabulary,-2.769842,53.268503,On or near Windsor Drive,E01018697,Cheshire West and Chester 015D,Vehicle crime,Investigation complete; no suspect identified,
80c2b548154aa06577c4818d8804c906901822de13edbd7918ac9b0d9d3386af,2014-05,Cheshire Constabulary,Cheshire Constabulary,-2.674298,53.268371,On or near Supermarket,E01018698,Cheshire West and Chester 015E,Shoplifting,Under investigation,
,2014-05,Cheshire Constabulary,Cheshire Constabulary,-2.911065,53.259075,On or near The Groves,E01018526,Cheshire West and Chester 016A,Anti-social behaviour,,
,2014-05,Cheshire Constabulary,Cheshire Constabulary,-2.923136,53.266201,On or near Summertrees Road,E01018527,Cheshire West and Chester 016B,Anti-social behaviour,,
,2014-05,Cheshire Constabulary,Cheshire Constabulary,-2.923136,53.266201,On or near Summertrees Road,E01018527,Cheshire West and Chester 016B,Anti-social behaviour,,
,2014-05,Cheshire Constabulary,Cheshire Constabulary,-2.922261,53.265974,On or near Supermarket,E01018527,Cheshire West and Chester 016B,Anti-social behaviour,,
a1916bb1e03de76a94ee135396397d3635bd4eeb979bbc84e53b8664c3584939,2014-05,Cheshire Constabulary,Cheshire Constabulary,-2.918311,53.265618,On or near Broadland Road,E01018527,Cheshire West and Chester 016B,Criminal damage and arson,Investigation complete; no suspect identified,
d1e85d91836cbd62cf30e84116a32744a0537b0c6c84f33b2c45a8ffc1cf0cf5,2014-05,Cheshire Constabulary,Cheshire Constabulary,-2.922261,53.265974,On or near Supermarket,E01018527,Cheshire West and Chester 016B,Shoplifting,Offender sent to prison,
,2014-05,Cheshire Constabulary,Cheshire Constabulary,-2.465733,53.270870,On or near Parking Area,E01018704,Cheshire West and Chester 017A,Anti-social behaviour,,
08050115246e0ba2abdd2446272bc49035101614c11d314f0cc74544155b4dee,2014-05,Cheshire Constabulary,Cheshire Constabulary,-2.465716,53.273441,On or near Warren Avenue,E01018704,Cheshire West and Chester 017A,Criminal damage and arson,Investigation complete; no suspect identified,
93a60995b9c67c28f8096249dacb8c2cba162c77b1ba4ed107df99e19fd90b65,2014-05,Cheshire Constabulary,Cheshire Constabulary,-2.467201,53.272186,On or near St John'S Avenue,E01018704,Cheshire West and Chester 017A,Drugs,Offender given a drugs possession warning,
4c0ffcdd604160b7cc9f1b861942b5335deab0c0eec2da5aa27592e3923ce2f8,2014-05,Cheshire Constabulary,Cheshire Constabulary,-2.457272,53.271910,On or near Cheshire Avenue,E01018704,Cheshire West and Chester 017A,Other theft,Investigation complete; no suspect identified,
1d7867bc01d520cc671ccc20c813a08ce67adc74911e3581585639013717b72a,2014-05,Cheshire Constabulary,Cheshire Constabulary,-2.465716,53.273441,On or near Warren Avenue,E01018704,Cheshire West and Chester 017A,Other theft,Investigation complete; no suspect identified,
9af418e15d21876c6658220f6464a2ebda9980cd86ece27b48b3b84572d9d6a0,2014-05,Cheshire Constabulary,Cheshire Constabulary,-2.465733,53.270870,On or near Parking Area,E01018704,Cheshire West and Chester 017A,Other theft,Investigation complete; no suspect identified,
a8692b4026ef43dbe127b0d99c00860150031c02a2e7581c6656b0fd8002c75e,2014-05,Cheshire Constabulary,Cheshire Constabulary,-2.466185,53.272450,On or near Grove Avenue,E01018704,Cheshire West and Chester 017A,Violence and sexual offences,Under investigation,
,2014-05,Cheshire Constabulary,Cheshire Constabulary,-2.458514,53.268893,On or near Bateman Road,E01018706,Cheshire West and Chester 017C,Anti-social behaviour,,
,2014-05,Cheshire Constabulary,Cheshire Constabulary,-2.474958,53.250941,On or near Tudor Close,E01018718,Cheshire West and Chester 017D,Anti-social behaviour,,
,2014-05,Cheshire Constabulary,Cheshire Constabulary,-2.478578,53.250307,On or near A556,E01018718,Cheshire West and Chester 017D,Anti-social behaviour,,
,2014-05,Cheshire Constabulary,Cheshire Constabulary,-2.474958,53.250941,On or near Tudor Close,E01018718,Cheshire West and Chester 017D,Anti-social behaviour,,
,2014-05,Cheshire Constabulary,Cheshire Constabulary,-2.484056,53.257592,On or near Supermarket,E01018718,Cheshire West and Chester 017D,Anti-social behaviour,,
cda3ca612694769627ae36753df1d9e13f3d2b1c0e98104e5c4fe3cd0ff48228,2014-05,Cheshire Constabulary,Cheshire Constabulary,-2.480791,53.247178,On or near Rudheath Way,E01018718,Cheshire West and Chester 017D,Bicycle theft,Investigation complete; no suspect identified,
99c46ab38492b5ded74c02b3be0c637e8c1f44182fc54b03862d7f64736ba528,2014-05,Cheshire Constabulary,Cheshire Constabulary,-2.484056,53.257592,On or near Supermarket,E01018718,Cheshire West and Chester 017D,Burglary,Investigation complete; no suspect identified,
fc2275443f154bb9654b4cc4685442cb777b4cb08041aec67cb0a0bb888cfe38,2014-05,Cheshire Constabulary,Cheshire Constabulary,-2.482899,53.257399,On or near Sports/Recreation Area,E01018718,Cheshire West and Chester 017D,Burglary,Investigation complete; no suspect identified,
7642da74652c0dfb29da9fc3329ca7aeccc6e9b80be8b52d92d662c643add8ad,2014-05,Cheshire Constabulary,Cheshire Constabulary,-2.473847,53.252087,On or near Petrol Station,E01018718,Cheshire West and Chester 017D,Other theft,Under investigation,
f55843eccb52720312a4b5085f545c1bac9a293e10557ef241a7c4e50a2c3c64,2014-05,Cheshire Constabulary,Cheshire Constabulary,-2.484056,53.257592,On or near Supermarket,E01018718,Cheshire West and Chester 017D,Shoplifting,Offender sent to prison,
a9df30d238713dfd001ef0475b3b2232851b516fc8fed665244e7e8cb68912f1,2014-05,Cheshire Constabulary,Cheshire Constabulary,-2.484056,53.257592,On or near Supermarket,E01018718,Cheshire West and Chester 017D,Vehicle crime,Investigation complete; no suspect identified,
,2014-05,Cheshire Constabulary,Cheshire Constabulary,-2.385927,53.237087,On or near Princess Road,E01018722,Cheshire West and Chester 017E,Anti-social behaviour,,
,2014-05,Cheshire Constabulary,Cheshire Constabulary,-2.460519,53.258764,On or near Village Close,E01018722,Cheshire West and Chester 017E,Anti-social behaviour,,
,2014-05,Cheshire Constabulary,Cheshire Constabulary,-2.385927,53.237087,On or near Princess Road,E01018722,Cheshire West and Chester 017E,Anti-social behaviour,,
5f8d0f5fa58d0e7d60a9d5c5c8c5087acac70e0f6a5634fac7c42b011f548f91,2014-05,Cheshire Constabulary,Cheshire Constabulary,-2.394189,53.258939,On or near Crown Lane,E01018722,Cheshire West and Chester 017E,Burglary,Investigation complete; no suspect identified,
277a64523355c1a346ee0ea63dc6f1acb44e30c5c89bc7b843cc07da832fb912,2014-05,Cheshire Constabulary,Cheshire Constabulary,-2.405767,53.243709,On or near Hulme Hall Lane,E01018722,Cheshire West and Chester 017E,Burglary,Investigation complete; no suspect identified,
5a73004d9ec4e08051c3f2a37a2174509db3a06f3b0eb76e72ac897305ab5215,2014-05,Cheshire Constabulary,Cheshire Constabulary,-2.385927,53.237087,On or near Princess Road,E01018722,Cheshire West and Chester 017E,Criminal damage and arson,Investigation complete; no suspect identified,
,2014-05,Cheshire Constabulary,Cheshire Constabulary,-2.530824,53.264854,On or near Hemming Street,E01018713,Cheshire West and Chester 018A,Anti-social behaviour,,
,2014-05,Cheshire Constabulary,Cheshire Constabulary,-2.527946,53.262413,On or near Moreton Street,E01018713,Cheshire West and Chester 018A,Anti-social behaviour,,
137ff103c9f302e1ae58e8f266ebb40db6d4168d633b7e0444a15c0fa2775ef3,2014-05,Cheshire Constabulary,Cheshire Constabulary,-2.528902,53.265797,On or near Hollybank Close,E01018713,Cheshire West and Chester 018A,Burglary,Awaiting court outcome,
20aff69efb20bef688fbbefd85b5d4cce9deb5e634f87612ae5ce3b411867edc,2014-05,Cheshire Constabulary,Cheshire Constabulary,-2.530445,53.262042,On or near Gordale Close,E01018713,Cheshire West and Chester 018A,Other theft,Investigation complete; no suspect identified,
ea687f3e0498ab43dfec146f047ee612902e1108db95cff31a61ed74b658fb33,2014-05,Cheshire Constabulary,Cheshire Constabulary,-2.532478,53.266384,On or near Sports/Recreation Area,E01018713,Cheshire West and Chester 018A,Other theft,Investigation complete; no suspect identified,
05dad44f924c6b69a58ee6d252351a89d2f41f4a1928d2d6dbb6be914f5d4ace,2014-05,Cheshire Constabulary,Cheshire Constabulary,-2.533066,53.263046,On or near Sports/Recreation Area,E01018713,Cheshire West and Chester 018A,Shoplifting,Under investigation,
fe2dee5f4f7daeed0802e72a5f1052d4df0109ac48c59ac7f0a73a7002d5b49a,2014-05,Cheshire Constabulary,Cheshire Constabulary,-2.527946,53.262413,On or near Moreton Street,E01018713,Cheshire West and Chester 018A,Vehicle crime,Investigation complete; no suspect identified,
ff855303c872eed3034427867fd9303ff3d276b1cfb6a117aec2a25569bdf4f3,2014-05,Cheshire Constabulary,Cheshire Constabulary,-2.527946,53.262413,On or near Moreton Street,E01018713,Cheshire West and Chester 018A,Vehicle crime,Investigation complete; no suspect identified,
,2014-05,Cheshire Constabulary,Cheshire Constabulary,-2.514280,53.261691,On or near Crown Street,E01018714,Cheshire West and Chester 018B,Anti-social behaviour,,
,2014-05,Cheshire Constabulary,Cheshire Constabulary,-2.515206,53.260140,On or near Watling Street,E01018714,Cheshire West and Chester 018B,Anti-social behaviour,,
,2014-05,Cheshire Constabulary,Cheshire Constabulary,-2.511971,53.261665,On or near Timber Lane,E01018714,Cheshire West and Chester 018B,Anti-social behaviour,,
,2014-05,Cheshire Constabulary,Cheshire Constabulary,-2.510959,53.257264,On or near Water Street,E01018714,Cheshire West and Chester 018B,Anti-social behaviour,,
,2014-05,Cheshire Constabulary,Cheshire Constabulary,-2.510339,53.258040,On or near Sports/Recreation Area,E01018714,Cheshire West and Chester 018B,Anti-social behaviour,,
,2014-05,Cheshire Constabulary,Cheshire Constabulary,-2.509071,53.261156,On or near Chester Way,E01018714,Cheshire West and Chester 018B,Anti-social behaviour,,
,2014-05,Cheshire Constabulary,Cheshire Constabulary,-2.510339,53.258040,On or near Sports/Recreation Area,E01018714,Cheshire West and Chester 018B,Anti-social behaviour,,
,2014-05,Cheshire Constabulary,Cheshire Constabulary,-2.514280,53.261691,On or near Crown Street,E01018714,Cheshire West and Chester 018B,Anti-social behaviour,,
,2014-05,Cheshire Constabulary,Cheshire Constabulary,-2.510799,53.262757,On or near Tabley Street,E01018714,Cheshire West and Chester 018B,Anti-social behaviour,,
,2014-05,Cheshire Constabulary,Cheshire Constabulary,-2.514601,53.260997,On or near Market Street,E01018714,Cheshire West and Chester 018B,Anti-social behaviour,,
,2014-05,Cheshire Constabulary,Cheshire Constabulary,-2.514280,53.261691,On or near Crown Street,E01018714,Cheshire West and Chester 018B,Anti-social behaviour,,
,2014-05,Cheshire Constabulary,Cheshire Constabulary,-2.514601,53.260997,On or near Market Street,E01018714,Cheshire West and Chester 018B,Anti-social behaviour,,
,2014-05,Cheshire Constabulary,Cheshire Constabulary,-2.507966,53.260207,On or near Percy Street,E01018714,Cheshire West and Chester 018B,Anti-social behaviour,,
,2014-05,Cheshire Constabulary,Cheshire Constabulary,-2.510339,53.258040,On or near Sports/Recreation Area,E01018714,Cheshire West and Chester 018B,Anti-social behaviour,,
,2014-05,Cheshire Constabulary,Cheshire Constabulary,-2.509567,53.263787,On or near Shopping Area,E01018714,Cheshire West and Chester 018B,Anti-social behaviour,,
,2014-05,Cheshire Constabulary,Cheshire Constabulary,-2.508130,53.262652,On or near Albion Road,E01018714,Cheshire West and Chester 018B,Anti-social behaviour,,
,2014-05,Cheshire Constabulary,Cheshire Constabulary,-2.514280,53.261691,On or near Crown Street,E01018714,Cheshire West and Chester 018B,Anti-social behaviour,,
,2014-05,Cheshire Constabulary,Cheshire Constabulary,-2.508043,53.261699,On or near Parking Area,E01018714,Cheshire West and Chester 018B,Anti-social behaviour,,
,2014-05,Cheshire Constabulary,Cheshire Constabulary,-2.514280,53.261691,On or near Crown Street,E01018714,Cheshire West and Chester 018B,Anti-social behaviour,,
,2014-05,Cheshire Constabulary,Cheshire Constabulary,-2.508043,53.261699,On or near Parking Area,E01018714,Cheshire West and Chester 018B,Anti-social behaviour,,
,2014-05,Cheshire Constabulary,Cheshire Constabulary,-2.508130,53.262652,On or near Albion Road,E01018714,Cheshire West and Chester 018B,Anti-social behaviour,,
,2014-05,Cheshire Constabulary,Cheshire Constabulary,-2.511971,53.261665,On or near Timber Lane,E01018714,Cheshire West and Chester 018B,Anti-social behaviour,,
,2014-05,Cheshire Constabulary,Cheshire Constabulary,-2.506298,53.262408,On or near Witton Street,E01018714,Cheshire West and Chester 018B,Anti-social behaviour,,
,2014-05,Cheshire Constabulary,Cheshire Constabulary,-2.511971,53.261665,On or near Timber Lane,E01018714,Cheshire West and Chester 018B,Anti-social behaviour,,
,2014-05,Cheshire Constabulary,Cheshire Constabulary,-2.510799,53.262757,On or near Tabley Street,E01018714,Cheshire West and Chester 018B,Anti-social behaviour,,
,2014-05,Cheshire Constabulary,Cheshire Constabulary,-2.511971,53.261665,On or near Timber Lane,E01018714,Cheshire West and Chester 018B,Anti-social behaviour,,
,2014-05,Cheshire Constabulary,Cheshire Constabulary,-2.511971,53.261665,On or near Timber Lane,E01018714,Cheshire West and Chester 018B,Anti-social behaviour,,
,2014-05,Cheshire Constabulary,Cheshire Constabulary,-2.510339,53.258040,On or near Sports/Recreation Area,E01018714,Cheshire West and Chester 018B,Anti-social behaviour,,
,2014-05,Cheshire Constabulary,Cheshire Constabulary,-2.510339,53.258040,On or near Sports/Recreation Area,E01018714,Cheshire West and Chester 018B,Anti-social behaviour,,
,2014-05,Cheshire Constabulary,Cheshire Constabulary,-2.513997,53.256856,On or near Queen Street,E01018714,Cheshire West and Chester 018B,Anti-social behaviour,,
,2014-05,Cheshire Constabulary,Cheshire Constabulary,-2.514280,53.261691,On or near Crown Street,E01018714,Cheshire West and Chester 018B,Anti-social behaviour,,
,2014-05,Cheshire Constabulary,Cheshire Constabulary,-2.506298,53.262408,On or near Witton Street,E01018714,Cheshire West and Chester 018B,Anti-social behaviour,,
,2014-05,Cheshire Constabulary,Cheshire Constabulary,-2.514285,53.260908,On or near Shopping Area,E01018714,Cheshire West and Chester 018B,Anti-social behaviour,,
,2014-05,Cheshire Constabulary,Cheshire Constabulary,-2.506298,53.262408,On or near Witton Street,E01018714,Cheshire West and Chester 018B,Anti-social behaviour,,
,2014-05,Cheshire Constabulary,Cheshire Constabulary,-2.503779,53.262356,On or near Forest Place,E01018714,Cheshire West and Chester 018B,Anti-social behaviour,,
,2014-05,Cheshire Constabulary,Cheshire Constabulary,-2.506298,53.262408,On or near Witton Street,E01018714,Cheshire West and Chester 018B,Anti-social behaviour,,
81e379a891bc7f601345a0946e6eca676877d00f4a81754b3558dd0a070d3013,2014-05,Cheshire Constabulary,Cheshire Constabulary,-2.510339,53.258040,On or near Sports/Recreation Area,E01018714,Cheshire West and Chester 018B,Bicycle theft,Investigation complete; no suspect identified,
f833e3c1a0a91c7b3d37807b06affeeea3924f0d39af0d545d011e2a474ce549,2014-05,Cheshire Constabulary,Cheshire Constabulary,-2.514280,53.261691,On or near Crown Street,E01018714,Cheshire West and Chester 018B,Burglary,Awaiting court outcome,
ca44eabcbbd3ab14fa123ba1cec962897c10a30313d00f21eb09449fb0ce741a,2014-05,Cheshire Constabulary,Cheshire Constabulary,-2.514598,53.256943,On or near Theatre/Concert Hall,E01018714,Cheshire West and Chester 018B,Burglary,Investigation complete; no suspect identified,
36bb0c6b3c2cf06d99e06ad5c31d8ae3cf0d4c30ceda9a4676cfd96a7db6f67d,2014-05,Cheshire Constabulary,Cheshire Constabulary,-2.510959,53.257264,On or near Water Street,E01018714,Cheshire West and Chester 018B,Burglary,Under investigation,
e4626769a358dc04a9ad24fc8d7bf92f7d0fb32ef2040f756424e244204cf2de,2014-05,Cheshire Constabulary,Cheshire Constabulary,-2.512064,53.260711,On or near Pedestrian Subway,E01018714,Cheshire West and Chester 018B,Criminal damage and arson,Formal action is not in the public interest,
a1e1b893c17ffc90521107e8c6dc9b7cd5de5d33239e323e1d2bb219916d868d,2014-05,Cheshire Constabulary,Cheshire Constabulary,-2.511775,53.257827,On or near Drillfield Court,E01018714,Cheshire West and Chester 018B,Criminal damage and arson,Investigation complete; no suspect identified,
e40b205c1bf4dad6e403b756cb3b5b6c3114fadbc2610aa66572e8524bc6e20c,2014-05,Cheshire Constabulary,Cheshire Constabulary,-2.514601,53.260997,On or near Market Street,E01018714,Cheshire West and Chester 018B,Criminal damage and arson,Investigation complete; no suspect identified,
5ee63c0fb6150ac8ccbeb41004e8fecf79c9221b56ab29594280a9f09194d015,2014-05,Cheshire Constabulary,Cheshire Constabulary,-2.510472,53.261716,On or near Sheath Street,E01018714,Cheshire West and Chester 018B,Criminal damage and arson,Under investigation,
a3ebdd236f661bce034f83ece61cd080c6920d087f716e5d9e7048fbdbfaa72b,2014-05,Cheshire Constabulary,Cheshire Constabulary,-2.501736,53.260737,On or near Orchard Street,E01018714,Cheshire West and Chester 018B,Criminal damage and arson,Under investigation,
f2b248d1dcd65092bd1ee7064c323d4a59f199d655f58faa1e56513e10ae6057,2014-05,Cheshire Constabulary,Cheshire Constabulary,-2.514280,53.261691,On or near Crown Street,E01018714,Cheshire West and Chester 018B,Criminal damage and arson,Under investigation,
9786c0eb4f50ec90d03259495daf4309ebcefedf69e6787d7d6aa81315d521a5,2014-05,Cheshire Constabulary,Cheshire Constabulary,-2.511179,53.258108,On or near Drillfield Road,E01018714,Cheshire West and Chester 018B,Criminal damage and arson,Under investigation,
a859e7ac056e62d2f0d8b026b515ceea7eb799961a0e9256cd20c3a8c899ad1f,2014-05,Cheshire Constabulary,Cheshire Constabulary,-2.511717,53.256740,On or near Waterbank Row,E01018714,Cheshire West and Chester 018B,Drugs,Awaiting court outcome,
37370afcedad3e336b1156a10bbd5674b6c9715fb89a55a33b544f2c2d985b98,2014-05,Cheshire Constabulary,Cheshire Constabulary,-2.508043,53.261699,On or near Parking Area,E01018714,Cheshire West and Chester 018B,Drugs,Under investigation,
9ffc7384a634202f9cae420f23c2dec09b95658a8650bcfdd410b56f44a3f7ae,2014-05,Cheshire Constabulary,Cheshire Constabulary,-2.510339,53.258040,On or near Sports/Recreation Area,E01018714,Cheshire West and Chester 018B,Drugs,Awaiting court outcome,
c6d272eb8bb015843efc873a7a7398345885bf37ca24dc92d22ec414c2913408,2014-05,Cheshire Constabulary,Cheshire Constabulary,-2.513629,53.257451,On or near Hayhurst Close,E01018714,Cheshire West and Chester 018B,Drugs,Awaiting court outcome,
ac8b1b2283d11d27b9d4df083f354af541351ac4cfffac826339774c1c243303,2014-05,Cheshire Constabulary,Cheshire Constabulary,-2.511775,53.257827,On or near Drillfield Court,E01018714,Cheshire West and Chester 018B,Drugs,Unable to prosecute suspect,
992a628ae6679e26cc5aa2948c56eae38577538ee310f92d2e11229a8fc48737,2014-05,Cheshire Constabulary,Cheshire Constabulary,-2.508043,53.261699,On or near Parking Area,E01018714,Cheshire West and Chester 018B,Drugs,Under investigation,
9fae4de2945b132bdc6e2605d87c208cd34a1be03a53eef22e9ee4cf79bb769d,2014-05,Cheshire Constabulary,Cheshire Constabulary,-2.514601,53.260997,On or near Market Street,E01018714,Cheshire West and Chester 018B,Other theft,Under investigation,
0d440f45497f8b86d3613eab590268b96c8ca7e846492c2bf27685f49eb7c30d,2014-05,Cheshire Constabulary,Cheshire Constabulary,-2.513532,53.261829,On or near Shopping Area,E01018714,Cheshire West and Chester 018B,Other theft,Investigation complete; no suspect identified,
4948be95718a371977aeb61d27e8e446a263d9d04f61f83aeb32440353c47feb,2014-05,Cheshire Constabulary,Cheshire Constabulary,-2.511971,53.261665,On or near Timber Lane,E01018714,Cheshire West and Chester 018B,Possession of weapons,Under investigation,
74a59fea8378e67a3cd254f7e8cb6507c1d3bdebecd7f1e72c26dbdb5b5970a3,2014-05,Cheshire Constabulary,Cheshire Constabulary,-2.511971,53.261665,On or near Timber Lane,E01018714,Cheshire West and Chester 018B,Shoplifting,Awaiting court outcome,
923747299da1d22a563761d92bca77f51d57a7321008b355659bdaa7ff31cac1,2014-05,Cheshire Constabulary,Cheshire Constabulary,-2.511971,53.261665,On or near Timber Lane,E01018714,Cheshire West and Chester 018B,Shoplifting,Under investigation,
bd4b9dbdea2b194c77a881c130dd51a49eabe29625783c3ccb7dde64c6c11a44,2014-05,Cheshire Constabulary,Cheshire Constabulary,-2.511244,53.262324,On or near Supermarket,E01018714,Cheshire West and Chester 018B,Shoplifting,Offender given penalty notice,
4a236010df8bfde990d92ec910ace1bb0fb9c46135ad03a35f952cae9646aad9,2014-05,Cheshire Constabulary,Cheshire Constabulary,-2.512508,53.262732,On or near Shopping Area,E01018714,Cheshire West and Chester 018B,Shoplifting,Investigation complete; no suspect identified,
0e264389e49ea4424cb77b6fd82276fd316f639b3efbbb7226d02db0bfe6dba8,2014-05,Cheshire Constabulary,Cheshire Constabulary,-2.514280,53.261691,On or near Crown Street,E01018714,Cheshire West and Chester 018B,Shoplifting,Offender fined,
4177fb31c27733041dd2bde15361c00224e5d0b75e2b9c83b2e7eaadbab1e392,2014-05,Cheshire Constabulary,Cheshire Constabulary,-2.512508,53.262732,On or near Shopping Area,E01018714,Cheshire West and Chester 018B,Shoplifting,Under investigation,
170c1f7abb3652fc7377dae6a9b4cd66e57c4c9c3e2a7711f06fda1a6e0b2a65,2014-05,Cheshire Constabulary,Cheshire Constabulary,-2.511971,53.261665,On or near Timber Lane,E01018714,Cheshire West and Chester 018B,Shoplifting,Awaiting court outcome,
bf343c312e44b9ead95bb8d356340a65c2c76808fa5670a86289e12697d4088b,2014-05,Cheshire Constabulary,Cheshire Constabulary,-2.514285,53.260908,On or near Shopping Area,E01018714,Cheshire West and Chester 018B,Shoplifting,Under investigation,
ab96e3d5ca5c863706568f0e65f0f1da51984a87512d6fa39395b6fb06893ca0,2014-05,Cheshire Constabulary,Cheshire Constabulary,-2.506094,53.260422,On or near Church Walk,E01018714,Cheshire West and Chester 018B,Shoplifting,Local resolution,
f675672f24614da8458632a23a6ea2ff2f8232585de8f5ef405ba8399f72c713,2014-05,Cheshire Constabulary,Cheshire Constabulary,-2.512807,53.261409,On or near Shopping Area,E01018714,Cheshire West and Chester 018B,Shoplifting,Under investigation,
9236104e17593c410f5916144f3bb2dd7fbb5815bc8f45b50ef6f5e6e5342adb,2014-05,Cheshire Constabulary,Cheshire Constabulary,-2.512508,53.262732,On or near Shopping Area,E01018714,Cheshire West and Chester 018B,Shoplifting,Under investigation,
99efc7bdf1b529d538387becc7ec2bea03bc039036851bbc1e73a32cf69c0f9b,2014-05,Cheshire Constabulary,Cheshire Constabulary,-2.512508,53.262732,On or near Shopping Area,E01018714,Cheshire West and Chester 018B,Shoplifting,Under investigation,
2a2fee51bcfed5567cde1e0bf49e001bf867d53f422265e6af65e426b39e5d58,2014-05,Cheshire Constabulary,Cheshire Constabulary,-2.509567,53.263787,On or near Shopping Area,E01018714,Cheshire West and Chester 018B,Shoplifting,Under investigation,
8cac657b565c7b3dbf525279ee099a1ff9b4722d2aae8db61d58fa397ca30fd5,2014-05,Cheshire Constabulary,Cheshire Constabulary,-2.512508,53.262732,On or near Shopping Area,E01018714,Cheshire West and Chester 018B,Shoplifting,Under investigation,
70e2353d12e3890687ea55edb51467cc688ab197e51081c1fba9bc0ac9cac29d,2014-05,Cheshire Constabulary,Cheshire Constabulary,-2.511244,53.262324,On or near Supermarket,E01018714,Cheshire West and Chester 018B,Shoplifting,Under investigation,
0ff78b42b1ccac817a45d3793b67536417bd2ae5fff3fa836d2d8159f2dce0dd,2014-05,Cheshire Constabulary,Cheshire Constabulary,-2.505821,53.265187,On or near Supermarket,E01018714,Cheshire West and Chester 018B,Shoplifting,Under investigation,
fedb2f9be0b118a311a507b078d69958daaed3af410abc7afc8f441346cfc746,2014-05,Cheshire Constabulary,Cheshire Constabulary,-2.511244,53.262324,On or near Supermarket,E01018714,Cheshire West and Chester 018B,Shoplifting,Under investigation,
11218a6c063cc6caced6c041bf49c868d4a29de74adfb68902fcc9410c0021a0,2014-05,Cheshire Constabulary,Cheshire Constabulary,-2.508272,53.263244,On or near Petrol Station,E01018714,Cheshire West and Chester 018B,Theft from the person,Investigation complete; no suspect identified,
65c2563d5b515652607caff129723946c431e5c33c02b4ab64b5d8bb79420472,2014-05,Cheshire Constabulary,Cheshire Constabulary,-2.508043,53.261699,On or near Parking Area,E01018714,Cheshire West and Chester 018B,Theft from the person,Under investigation,
095a25a75c3dd4fc92a7fd2abe15f9833c1522974575237d339e99ff271a905d,2014-05,Cheshire Constabulary,Cheshire Constabulary,-2.512828,53.255611,On or near Chapel Court,E01018714,Cheshire West and Chester 018B,Violence and sexual offences,Awaiting court outcome,
c6053c5f8ebd00895f93210b7cd162b48335d8d014363952ac7012f48885bfa7,2014-05,Cheshire Constabulary,Cheshire Constabulary,-2.511971,53.261665,On or near Timber Lane,E01018714,Cheshire West and Chester 018B,Violence and sexual offences,Under investigation,
9bea985b7035ff52df2f919e617b4227d2514aee6c0b28148d7186cf7983617d,2014-05,Cheshire Constabulary,Cheshire Constabulary,-2.512828,53.255611,On or near Chapel Court,E01018714,Cheshire West and Chester 018B,Violence and sexual offences,Awaiting court outcome,
56917d118a32414252f12f27d2f8fdee95b548e382d740e600b54721f887d8ac,2014-05,Cheshire Constabulary,Cheshire Constabulary,-2.508043,53.261699,On or near Parking Area,E01018714,Cheshire West and Chester 018B,Violence and sexual offences,Under investigation,
78e6ceec7d7a30bdbf4224a8c3d6113ffffb2be05263caf80680ec15b2c1dac7,2014-05,Cheshire Constabulary,Cheshire Constabulary,-2.508272,53.263244,On or near Petrol Station,E01018714,Cheshire West and Chester 018B,Violence and sexual offences,Awaiting court outcome,
958a362ec9e9a2ada019d6c5e90de98d02eca89c9045bf05bfd32355ccf4d1df,2014-05,Cheshire Constabulary,Cheshire Constabulary,-2.508043,53.261699,On or near Parking Area,E01018714,Cheshire West and Chester 018B,Violence and sexual offences,Under investigation,
010e2cf19eed9bfb75101cd7b254f31f4c05e6bbd42b5a751ec9aec0a9089db4,2014-05,Cheshire Constabulary,Cheshire Constabulary,-2.508130,53.262652,On or near Albion Road,E01018714,Cheshire West and Chester 018B,Violence and sexual offences,Awaiting court outcome,
4892b247bcb1913d614645d31ab1f8e40d29642f8b9f9c1d77712ac488217851,2014-05,Cheshire Constabulary,Cheshire Constabulary,-2.514280,53.261691,On or near Crown Street,E01018714,Cheshire West and Chester 018B,Violence and sexual offences,Under investigation,
31aaf072ebdc2876eb004395c6159c8cedee6c418ae6f5dbf12471db87587a75,2014-05,Cheshire Constabulary,Cheshire Constabulary,-2.506298,53.262408,On or near Witton Street,E01018714,Cheshire West and Chester 018B,Violence and sexual offences,Awaiting court outcome,
b2dcf4617dccd2066f798c1e413e55225c15be6c9cf23ac4160b80a048399d90,2014-05,Cheshire Constabulary,Cheshire Constabulary,-2.508043,53.261699,On or near Parking Area,E01018714,Cheshire West and Chester 018B,Violence and sexual offences,Under investigation,
c08c64082a9ab7790db0219921e7e2672452e54462fb92cb04ec622e8090fe2c,2014-05,Cheshire Constabulary,Cheshire Constabulary,-2.513273,53.257740,On or near Naylor Court,E01018714,Cheshire West and Chester 018B,Violence and sexual offences,Unable to prosecute suspect,
41efcf5bf8779da41e582d49135308ad1b35336d180874107796b09da9ad363f,2014-05,Cheshire Constabulary,Cheshire Constabulary,-2.509071,53.261156,On or near Chester Way,E01018714,Cheshire West and Chester 018B,Violence and sexual offences,Unable to prosecute suspect,
38a3be63148a6c64f1d3f733d1ef47c4038b72abd323ea836e97d7571a37759a,2014-05,Cheshire Constabulary,Cheshire Constabulary,-2.511244,53.262324,On or near Supermarket,E01018714,Cheshire West and Chester 018B,Violence and sexual offences,Unable to prosecute suspect,
f4e122c2c740c1056c52f9e85d6ea0353f69d6537c24a956a6523b1934829304,2014-05,Cheshire Constabulary,Cheshire Constabulary,-2.506298,53.262408,On or near Witton Street,E01018714,Cheshire West and Chester 018B,Violence and sexual offences,Under investigation,
283bb396d996cfca9c8563658a6571542fbc22bf7e877673701145b734dfbd89,2014-05,Cheshire Constabulary,Cheshire Constabulary,-2.508272,53.263244,On or near Petrol Station,E01018714,Cheshire West and Chester 018B,Violence and sexual offences,Under investigation,
df2b1f6b16edd8518a024a553928cb8d485aa149d762e8a2b7c4a70a89fd4cd6,2014-05,Cheshire Constabulary,Cheshire Constabulary,-2.510959,53.257264,On or near Water Street,E01018714,Cheshire West and Chester 018B,Violence and sexual offences,Under investigation,
,2014-05,Cheshire Constabulary,Cheshire Constabulary,-2.486950,53.265590,On or near Ann Street,E01018715,Cheshire West and Chester 018C,Anti-social behaviour,,
,2014-05,Cheshire Constabulary,Cheshire Constabulary,-2.489280,53.255611,On or near Agecroft Road,E01018715,Cheshire West and Chester 018C,Anti-social behaviour,,
,2014-05,Cheshire Constabulary,Cheshire Constabulary,-2.489385,53.258272,On or near Edward Street,E01018715,Cheshire West and Chester 018C,Anti-social behaviour,,
,2014-05,Cheshire Constabulary,Cheshire Constabulary,-2.494366,53.262503,On or near Supermarket,E01018715,Cheshire West and Chester 018C,Anti-social behaviour,,
,2014-05,Cheshire Constabulary,Cheshire Constabulary,-2.497262,53.262779,On or near Peter Street,E01018715,Cheshire West and Chester 018C,Anti-social behaviour,,
,2014-05,Cheshire Constabulary,Cheshire Constabulary,-2.497280,53.261727,On or near Petrol Station,E01018715,Cheshire West and Chester 018C,Anti-social behaviour,,
,2014-05,Cheshire Constabulary,Cheshire Constabulary,-2.494366,53.262503,On or near Supermarket,E01018715,Cheshire West and Chester 018C,Anti-social behaviour,,
,2014-05,Cheshire Constabulary,Cheshire Constabulary,-2.494997,53.261368,On or near Pullman Drive,E01018715,Cheshire West and Chester 018C,Anti-social behaviour,,
,2014-05,Cheshire Constabulary,Cheshire Constabulary,-2.480761,53.267179,On or near Boundary Street,E01018715,Cheshire West and Chester 018C,Anti-social behaviour,,
,2014-05,Cheshire Constabulary,Cheshire Constabulary,-2.494366,53.262503,On or near Supermarket,E01018715,Cheshire West and Chester 018C,Anti-social behaviour,,
,2014-05,Cheshire Constabulary,Cheshire Constabulary,-2.474784,53.267706,On or near Bridge Street,E01018715,Cheshire West and Chester 018C,Anti-social behaviour,,
,2014-05,Cheshire Constabulary,Cheshire Constabulary,-2.480761,53.267179,On or near Boundary Street,E01018715,Cheshire West and Chester 018C,Anti-social behaviour,,
,2014-05,Cheshire Constabulary,Cheshire Constabulary,-2.489677,53.258927,On or near Liverpool Street,E01018715,Cheshire West and Chester 018C,Anti-social behaviour,,
,2014-05,Cheshire Constabulary,Cheshire Constabulary,-2.494366,53.262503,On or near Supermarket,E01018715,Cheshire West and Chester 018C,Anti-social behaviour,,
,2014-05,Cheshire Constabulary,Cheshire Constabulary,-2.497280,53.261727,On or near Petrol Station,E01018715,Cheshire West and Chester 018C,Anti-social behaviour,,
,2014-05,Cheshire Constabulary,Cheshire Constabulary,-2.492313,53.258709,On or near Middlewich Road,E01018715,Cheshire West and Chester 018C,Anti-social behaviour,,
031b2ccdc94bec2b620e3895c0f615364eca32d04dcb1e5e79a1c89cfcb8c368,2014-05,Cheshire Constabulary,Cheshire Constabulary,-2.497280,53.261727,On or near Petrol Station,E01018715,Cheshire West and Chester 018C,Drugs,Offender given a drugs possession warning,
f53f2beb3fb5348f3078d31b99e86f985c12bd1a902000be81bffd483e94abb5,2014-05,Cheshire Constabulary,Cheshire Constabulary,-2.489677,53.258927,On or near Liverpool Street,E01018715,Cheshire West and Chester 018C,Drugs,Offender given a drugs possession warning,
40aa13afcfaf86f49463d49d03fc00f19887e7e1b1011a1a26062b386e34b2b0,2014-05,Cheshire Constabulary,Cheshire Constabulary,-2.497280,53.261727,On or near Petrol Station,E01018715,Cheshire West and Chester 018C,Drugs,Awaiting court outcome,
2f44b7de1b4c9df115d926cf75056333869cbbdedb18ddec67b73cef796e7729,2014-05,Cheshire Constabulary,Cheshire Constabulary,-2.494366,53.262503,On or near Supermarket,E01018715,Cheshire West and Chester 018C,Other theft,Under investigation,
e873a148e88bcf29554a84d622dcfbff01fba22261627beae821c43c62f91b71,2014-05,Cheshire Constabulary,Cheshire Constabulary,-2.491095,53.266184,On or near Denton Drive,E01018715,Cheshire West and Chester 018C,Other theft,Investigation complete; no suspect identified,
84435caf2e478fbc253deaff8265e953dfe55a954920fce8f25ce8bb60faf0a1,2014-05,Cheshire Constabulary,Cheshire Constabulary,-2.494366,53.262503,On or near Supermarket,E01018715,Cheshire West and Chester 018C,Other theft,Investigation complete; no suspect identified,
c325ace0ef0addc4c66a7a3690121286f69d7bbe0ea1028e67ba84841b76dc01,2014-05,Cheshire Constabulary,Cheshire Constabulary,-2.498665,53.264804,On or near New Warrington Road,E01018715,Cheshire West and Chester 018C,Shoplifting,Local resolution,
c9d9ed3d6fd454976312636fd5919f9edfe19dbdd65fdc7f81338f65ecab039b,2014-05,Cheshire Constabulary,Cheshire Constabulary,-2.494366,53.262503,On or near Supermarket,E01018715,Cheshire West and Chester 018C,Shoplifting,Offender given a caution,
93be3ba7cb7ade1ea26fbff7587a97e3ded1364d9c595a6a51ca2b35f8f798d7,2014-05,Cheshire Constabulary,Cheshire Constabulary,-2.494366,53.262503,On or near Supermarket,E01018715,Cheshire West and Chester 018C,Shoplifting,Under investigation,
d76e0ecd26c2c2c511d6509d62d4750545010762e60ced6bfb0bc4cf9d4208df,2014-05,Cheshire Constabulary,Cheshire Constabulary,-2.494366,53.262503,On or near Supermarket,E01018715,Cheshire West and Chester 018C,Shoplifting,Offender given penalty notice,
c1c2a2ac7287b15a9c0b6a1fd3aaf441d3478b2b64b568e30560ebc375c56d03,2014-05,Cheshire Constabulary,Cheshire Constabulary,-2.490839,53.264810,On or near Shopping Area,E01018715,Cheshire West and Chester 018C,Shoplifting,Investigation complete; no suspect identified,
7ab743152486e9b51b5e79d40b0654980a17f15601988d08c1db5ce71e0e9edb,2014-05,Cheshire Constabulary,Cheshire Constabulary,-2.494366,53.262503,On or near Supermarket,E01018715,Cheshire West and Chester 018C,Theft from the person,Under investigation,
ecdd201ce7202c1f486c9a42609c17c3c0830d5f732bc56ac17df2e9d62c1fe6,2014-05,Cheshire Constabulary,Cheshire Constabulary,-2.494997,53.261368,On or near Pullman Drive,E01018715,Cheshire West and Chester 018C,Violence and sexual offences,Awaiting court outcome,
7532cf19b941556a34139bb2fbca84f8fe587ce5669c71dc226076170da44510,2014-05,Cheshire Constabulary,Cheshire Constabulary,-2.494366,53.262503,On or near Supermarket,E01018715,Cheshire West and Chester 018C,Violence and sexual offences,Under investigation,
d33dcfaf047211b16f154e5280bb6da7a187330545d54c6b6a756e20bb44e4ab,2014-05,Cheshire Constabulary,Cheshire Constabulary,-2.489790,53.264814,On or near Franklin Mews,E01018715,Cheshire West and Chester 018C,Violence and sexual offences,Under investigation,
f9214d0e712b377cf3946879890fec4fe67ef89bdabd805cbd21b19cf1ac4fdf,2014-05,Cheshire Constabulary,Cheshire Constabulary,-2.494997,53.261368,On or near Pullman Drive,E01018715,Cheshire West and Chester 018C,Violence and sexual offences,Under investigation,
9d026023da83b1ad4058e4aff4fe830f79a38a43147cf5b4726421df1f0f9309,2014-05,Cheshire Constabulary,Cheshire Constabulary,-2.489280,53.255611,On or near Agecroft Road,E01018715,Cheshire West and Chester 018C,Violence and sexual offences,Unable to prosecute suspect,
be2d01047a2fdf6c775026be885120c90a39bcdf89ba6f4e82affa70926f7f6c,2014-05,Cheshire Constabulary,Cheshire Constabulary,-2.494366,53.262503,On or near Supermarket,E01018715,Cheshire West and Chester 018C,Violence and sexual offences,Under investigation,
,2014-05,Cheshire Constabulary,Cheshire Constabulary,-2.576734,53.265009,On or near Farm Road,E01018726,Cheshire West and Chester 019A,Anti-social behaviour,,
,2014-05,Cheshire Constabulary,Cheshire Constabulary,-2.572035,53.264573,On or near Gerrard Drive,E01018726,Cheshire West and Chester 019A,Anti-social behaviour,,
a9f63396049a65b3dd56d7794a12a2415685120826ccbced440614f2493930c2,2014-05,Cheshire Constabulary,Cheshire Constabulary,-2.572129,53.263737,On or near Gleave Road,E01018726,Cheshire West and Chester 019A,Vehicle crime,Under investigation,
970559fe2988505c1c05a506309d44bdae50a7032b6ade02a8a4ba5acd2c99f0,2014-05,Cheshire Constabulary,Cheshire Constabulary,-2.569427,53.264595,On or near Mervyn Road,E01018726,Cheshire West and Chester 019A,Violence and sexual offences,Unable to prosecute suspect,
,2014-05,Cheshire Constabulary,Cheshire Constabulary,-2.577369,53.262112,On or near Northwich Road,E01018727,Cheshire West and Chester 019B,Anti-social behaviour,,
,2014-05,Cheshire Constabulary,Cheshire Constabulary,-2.575264,53.261654,On or near Village Close,E01018727,Cheshire West and Chester 019B,Anti-social behaviour,,
,2014-05,Cheshire Constabulary,Cheshire Constabulary,-2.577369,53.262112,On or near Northwich Road,E01018727,Cheshire West and Chester 019B,Anti-social behaviour,,
027e2df88c64b92b1cf2239f47283f3514de344584250a920fed791cb38049dd,2014-05,Cheshire Constabulary,Cheshire Constabulary,-2.578395,53.262565,On or near Supermarket,E01018727,Cheshire West and Chester 019B,Burglary,Under investigation,
3fbfc973ee18527c426d614112ff1728c65bbff39bc908c7965c2fedc9ed6d5f,2014-05,Cheshire Constabulary,Cheshire Constabulary,-2.579133,53.262840,On or near Petrol Station,E01018727,Cheshire West and Chester 019B,Criminal damage and arson,Under investigation,
b79f12304db16a87f5b263a197b23e1c44becfa5e56b1f2bf995f388c99e2031,2014-05,Cheshire Constabulary,Cheshire Constabulary,-2.586094,53.264262,On or near West Road,E01018727,Cheshire West and Chester 019B,Violence and sexual offences,Under investigation,
,2014-05,Cheshire Constabulary,Cheshire Constabulary,-2.580636,53.258662,On or near Holly Road,E01018729,Cheshire West and Chester 019D,Anti-social behaviour,,
,2014-05,Cheshire Constabulary,Cheshire Constabulary,-2.573925,53.256798,On or near Walnut Avenue,E01018729,Cheshire West and Chester 019D,Anti-social behaviour,,
,2014-05,Cheshire Constabulary,Cheshire Constabulary,-2.570007,53.256403,On or near Ash Grove,E01018729,Cheshire West and Chester 019D,Anti-social behaviour,,
,2014-05,Cheshire Constabulary,Cheshire Constabulary,-2.573925,53.256798,On or near Walnut Avenue,E01018729,Cheshire West and Chester 019D,Anti-social behaviour,,
,2014-05,Cheshire Constabulary,Cheshire Constabulary,-2.579871,53.259798,On or near Hawthorn Road,E01018729,Cheshire West and Chester 019D,Anti-social behaviour,,
a8aebe5ecf1eb1af75b9a3be33074d12ac2f95a53ad93dbf1ee3d2a1fb57951e,2014-05,Cheshire Constabulary,Cheshire Constabulary,-2.578229,53.258045,On or near Alder Road,E01018729,Cheshire West and Chester 019D,Burglary,Investigation complete; no suspect identified,
c76ec785359b08c990bf6e60234f97b8d2629147f9dee4403e153693a509babc,2014-05,Cheshire Constabulary,Cheshire Constabulary,-2.573180,53.257116,On or near Elm Road,E01018729,Cheshire West and Chester 019D,Criminal damage and arson,Investigation complete; no suspect identified,
6789965d99faf05b4a198b93884b370468cfbf7463d97da005ff7b2e00d1f3bc,2014-05,Cheshire Constabulary,Cheshire Constabulary,-2.577773,53.257633,On or near Poplar Road,E01018729,Cheshire West and Chester 019D,Public order,Formal action is not in the public interest,
2f8f8ee8644985eebcf9700ee07cfdcacfb7edd03ed5e3d1bd4ea4a864ad0cea,2014-05,Cheshire Constabulary,Cheshire Constabulary,-2.569686,53.258158,On or near Fir Grove,E01018729,Cheshire West and Chester 019D,Public order,Under investigation,
b5b29bfb9414f2db7e1d0dabbbe9f567a523c6b83ddcfbf2bf537633be364735,2014-05,Cheshire Constabulary,Cheshire Constabulary,-2.573180,53.257116,On or near Elm Road,E01018729,Cheshire West and Chester 019D,Vehicle crime,Investigation complete; no suspect identified,
bc74144bdf2f4b20ceceb0611a8bcf6bd25f46c4182d9829f26b7fed027f2e55,2014-05,Cheshire Constabulary,Cheshire Constabulary,-2.577773,53.257633,On or near Poplar Road,E01018729,Cheshire West and Chester 019D,Violence and sexual offences,Under investigation,
,2014-05,Cheshire Constabulary,Cheshire Constabulary,-2.525751,53.254593,On or near Gladstone Street,E01018709,Cheshire West and Chester 020A,Anti-social behaviour,,
,2014-05,Cheshire Constabulary,Cheshire Constabulary,-2.521267,53.251916,On or near Lower Darwin Street,E01018709,Cheshire West and Chester 020A,Anti-social behaviour,,
,2014-05,Cheshire Constabulary,Cheshire Constabulary,-2.520445,53.254616,On or near David Street,E01018709,Cheshire West and Chester 020A,Anti-social behaviour,,
,2014-05,Cheshire Constabulary,Cheshire Constabulary,-2.520445,53.254616,On or near David Street,E01018709,Cheshire West and Chester 020A,Anti-social behaviour,,
,2014-05,Cheshire Constabulary,Cheshire Constabulary,-2.521932,53.256066,On or near Chapel Street,E01018709,Cheshire West and Chester 020A,Anti-social behaviour,,
,2014-05,Cheshire Constabulary,Cheshire Constabulary,-2.520445,53.254616,On or near David Street,E01018709,Cheshire West and Chester 020A,Anti-social behaviour,,
,2014-05,Cheshire Constabulary,Cheshire Constabulary,-2.523363,53.252995,On or near Lee Drive,E01018709,Cheshire West and Chester 020A,Anti-social behaviour,,
,2014-05,Cheshire Constabulary,Cheshire Constabulary,-2.523071,53.256088,On or near Pleasant Street,E01018709,Cheshire West and Chester 020A,Anti-social behaviour,,
,2014-05,Cheshire Constabulary,Cheshire Constabulary,-2.522215,53.257171,On or near Hope Street,E01018709,Cheshire West and Chester 020A,Anti-social behaviour,,
,2014-05,Cheshire Constabulary,Cheshire Constabulary,-2.522215,53.257171,On or near Hope Street,E01018709,Cheshire West and Chester 020A,Anti-social behaviour,,
2e65346e09f8497f1a20b95e7f386356c65793bedcc00909263c430a8b76c441,2014-05,Cheshire Constabulary,Cheshire Constabulary,-2.523713,53.255897,On or near Parking Area,E01018709,Cheshire West and Chester 020A,Burglary,Investigation complete; no suspect identified,
bd4ec02299e4520a5b83004a57033f22e9d2e74ba3d14c9275e825f2f3a71925,2014-05,Cheshire Constabulary,Cheshire Constabulary,-2.524903,53.253869,On or near Huxley Street,E01018709,Cheshire West and Chester 020A,Burglary,Investigation complete; no suspect identified,
5aa096e84ab0d1cb22ac91fa3081db326e758e00cb3eab62348703eb7c10a6d9,2014-05,Cheshire Constabulary,Cheshire Constabulary,-2.524903,53.253869,On or near Huxley Street,E01018709,Cheshire West and Chester 020A,Criminal damage and arson,Investigation complete; no suspect identified,
4dac4b6a0ed210bde93daab4b2cb005d48dd3e4a04aaab8b44821f5d1b9e7f49,2014-05,Cheshire Constabulary,Cheshire Constabulary,-2.523123,53.254227,On or near Darwin Street,E01018709,Cheshire West and Chester 020A,Criminal damage and arson,Investigation complete; no suspect identified,
8ad3f8f7f38f4304c09fbadd62feafed9c69f229d8433ab9e32d8e270edf990f,2014-05,Cheshire Constabulary,Cheshire Constabulary,-2.524331,53.254896,On or near Hooker Street,E01018709,Cheshire West and Chester 020A,Criminal damage and arson,Investigation complete; no suspect identified,
d49061e1e4694b7fbbb52449e0cda862f75c94b5c2fe7534b20dee4a9e08abb4,2014-05,Cheshire Constabulary,Cheshire Constabulary,-2.525751,53.254593,On or near Gladstone Street,E01018709,Cheshire West and Chester 020A,Other theft,Under investigation,
f35dc3db24042b51a60391c6aef96db9da4e4c94bf3b37e49ff2b329dd7188d6,2014-05,Cheshire Constabulary,Cheshire Constabulary,-2.523071,53.256088,On or near Pleasant Street,E01018709,Cheshire West and Chester 020A,Shoplifting,Awaiting court outcome,
460f657032842cf2fdeeec40b202e78574b41c75bc93bc6ad5c9fcc415aaeebb,2014-05,Cheshire Constabulary,Cheshire Constabulary,-2.520809,53.256179,On or near Beeston Street,E01018709,Cheshire West and Chester 020A,Theft from the person,Awaiting court outcome,
0474c9ca50eab4967d09cef1ae6ebc0bb8ccf55b8e67a53f7cbfc3d262cb57e0,2014-05,Cheshire Constabulary,Cheshire Constabulary,-2.523713,53.255897,On or near Parking Area,E01018709,Cheshire West and Chester 020A,Theft from the person,Under investigation,
42dff70d345cecd8d15ced5d3ded469ce05cde5c419193461c1bfa21bbbdb36d,2014-05,Cheshire Constabulary,Cheshire Constabulary,-2.524331,53.254896,On or near Hooker Street,E01018709,Cheshire West and Chester 020A,Violence and sexual offences,Local resolution,
c4f58b661c277e5bccefd6228b16dcb44697891c15c6cf438e08b1c4bafda190,2014-05,Cheshire Constabulary,Cheshire Constabulary,-2.523123,53.254227,On or near Darwin Street,E01018709,Cheshire West and Chester 020A,Violence and sexual offences,Unable to prosecute suspect,
,2014-05,Cheshire Constabulary,Cheshire Constabulary,-2.534998,53.250930,On or near Milner Road,E01018710,Cheshire West and Chester 020B,Anti-social behaviour,,
,2014-05,Cheshire Constabulary,Cheshire Constabulary,-2.523810,53.250323,On or near Saxons Lane,E01018710,Cheshire West and Chester 020B,Anti-social behaviour,,
,2014-05,Cheshire Constabulary,Cheshire Constabulary,-2.523228,53.251773,On or near Alfred Street,E01018710,Cheshire West and Chester 020B,Anti-social behaviour,,
,2014-05,Cheshire Constabulary,Cheshire Constabulary,-2.523228,53.251773,On or near Alfred Street,E01018710,Cheshire West and Chester 020B,Anti-social behaviour,,
,2014-05,Cheshire Constabulary,Cheshire Constabulary,-2.523228,53.251773,On or near Alfred Street,E01018710,Cheshire West and Chester 020B,Anti-social behaviour,,
,2014-05,Cheshire Constabulary,Cheshire Constabulary,-2.534998,53.250930,On or near Milner Road,E01018710,Cheshire West and Chester 020B,Anti-social behaviour,,
,2014-05,Cheshire Constabulary,Cheshire Constabulary,-2.528361,53.252281,On or near Lilac Drive,E01018710,Cheshire West and Chester 020B,Anti-social behaviour,,
d78d848dfb00eaa3f361d952bcfb80b0bd8659ba2e9c39e66341ee71573e9d1a,2014-05,Cheshire Constabulary,Cheshire Constabulary,-2.534998,53.250930,On or near Milner Road,E01018710,Cheshire West and Chester 020B,Criminal damage and arson,Investigation complete; no suspect identified,
53fce56598a959e8cadf689b5eb3dc55cae6bd3db70545062278f9affd6d04db,2014-05,Cheshire Constabulary,Cheshire Constabulary,-2.530995,53.249563,On or near Greenbank Lane,E01018710,Cheshire West and Chester 020B,Other theft,Unable to prosecute suspect,
ab3f13ff92aea4fdf3c39a241050deca059de0b9c52aeea67c53975980c5ee47,2014-05,Cheshire Constabulary,Cheshire Constabulary,-2.523228,53.251773,On or near Alfred Street,E01018710,Cheshire West and Chester 020B,Other theft,Investigation complete; no suspect identified,
935b899d5384076f1324f93c718e211baf265706b7d519c54c03ddd687a9eb97,2014-05,Cheshire Constabulary,Cheshire Constabulary,-2.530160,53.249890,On or near Clough Lane,E01018710,Cheshire West and Chester 020B,Other theft,Investigation complete; no suspect identified,
e7d772b354d8b9732f6bd5222b86d871f67cdda25ef626bafefaf62bc0faa845,2014-05,Cheshire Constabulary,Cheshire Constabulary,-2.532802,53.250265,On or near Hatton Lane,E01018710,Cheshire West and Chester 020B,Theft from the person,Investigation complete; no suspect identified,
978f688a6b03ed376af3ae58889b41a53617644985c76609a3bd05d8a2eaa0d3,2014-05,Cheshire Constabulary,Cheshire Constabulary,-2.531405,53.251224,On or near Marshall Lane,E01018710,Cheshire West and Chester 020B,Violence and sexual offences,Under investigation,
5c374620083f79a9d7c8aafd585e9648c92b9fe5a4b029ffb80edaf35082ae7c,2014-05,Cheshire Constabulary,Cheshire Constabulary,-2.531405,53.251224,On or near Marshall Lane,E01018710,Cheshire West and Chester 020B,Violence and sexual offences,Formal action is not in the public interest,
,2014-05,Cheshire Constabulary,Cheshire Constabulary,-2.531509,53.252383,On or near Royle'S Place,E01018711,Cheshire West and Chester 020C,Anti-social behaviour,,
,2014-05,Cheshire Constabulary,Cheshire Constabulary,-2.529091,53.255603,On or near Silverdale,E01018711,Cheshire West and Chester 020C,Anti-social behaviour,,
,2014-05,Cheshire Constabulary,Cheshire Constabulary,-2.535830,53.255088,On or near Sports/Recreation Area,E01018711,Cheshire West and Chester 020C,Anti-social behaviour,,
7701943b739218112d1851bfe1c5c6cfbb6eb672e2e7bf1355a90f0c19af8ed0,2014-05,Cheshire Constabulary,Cheshire Constabulary,-2.535578,53.254127,On or near Field Close,E01018711,Cheshire West and Chester 020C,Burglary,Investigation complete; no suspect identified,
fb609e7ca81ce8ea0be52ffdcd478efdd45c36cd2433f8fd2aee70cea7a15e99,2014-05,Cheshire Constabulary,Cheshire Constabulary,-2.538201,53.252911,On or near Maple Grove,E01018711,Cheshire West and Chester 020C,Burglary,Investigation complete; no suspect identified,
bda8cdb45b26fa745205a4f5478d0a4b3f8547960c1b3ed0f931954f604e4c84,2014-05,Cheshire Constabulary,Cheshire Constabulary,-2.532926,53.253006,On or near Foxendale Close,E01018711,Cheshire West and Chester 020C,Burglary,Under investigation,
cdf077e51f313546f70468ea767a7b2afcf529b1403fbede80e34a9a393927dd,2014-05,Cheshire Constabulary,Cheshire Constabulary,-2.529091,53.255603,On or near Silverdale,E01018711,Cheshire West and Chester 020C,Burglary,Investigation complete; no suspect identified,
fe48bd3c18a095f8af7bbf220302a84f60758172f9b4db45ae295850e12caf7d,2014-05,Cheshire Constabulary,Cheshire Constabulary,-2.532926,53.253006,On or near Foxendale Close,E01018711,Cheshire West and Chester 020C,Criminal damage and arson,Investigation complete; no suspect identified,
31944ba8c9f1684f81b83b8fa8cb92d3336fdcf0cde808f3c64754915524431c,2014-05,Cheshire Constabulary,Cheshire Constabulary,-2.535830,53.255088,On or near Sports/Recreation Area,E01018711,Cheshire West and Chester 020C,Other theft,Investigation complete; no suspect identified,
40f52273118222e96e0726740a86fbc6e434a9cf9029bda540bef624d316a2d6,2014-05,Cheshire Constabulary,Cheshire Constabulary,-2.535777,53.253281,On or near Mulberry Rise,E01018711,Cheshire West and Chester 020C,Vehicle crime,Under investigation,
,2014-05,Cheshire Constabulary,Cheshire Constabulary,-2.519143,53.254784,On or near Castle Bank,E01018712,Cheshire West and Chester 020D,Anti-social behaviour,,
,2014-05,Cheshire Constabulary,Cheshire Constabulary,-2.518353,53.257592,On or near Highfield Road,E01018712,Cheshire West and Chester 020D,Anti-social behaviour,,
,2014-05,Cheshire Constabulary,Cheshire Constabulary,-2.519231,53.257049,On or near Trinity Terrace,E01018712,Cheshire West and Chester 020D,Anti-social behaviour,,
,2014-05,Cheshire Constabulary,Cheshire Constabulary,-2.519231,53.257049,On or near Trinity Terrace,E01018712,Cheshire West and Chester 020D,Anti-social behaviour,,
,2014-05,Cheshire Constabulary,Cheshire Constabulary,-2.519678,53.256840,On or near Waterloo Road,E01018712,Cheshire West and Chester 020D,Anti-social behaviour,,
,2014-05,Cheshire Constabulary,Cheshire Constabulary,-2.521845,53.257541,On or near Harrisons Place,E01018712,Cheshire West and Chester 020D,Anti-social behaviour,,
,2014-05,Cheshire Constabulary,Cheshire Constabulary,-2.526281,53.255031,On or near Canton Place,E01018712,Cheshire West and Chester 020D,Anti-social behaviour,,
,2014-05,Cheshire Constabulary,Cheshire Constabulary,-2.521845,53.257541,On or near Harrisons Place,E01018712,Cheshire West and Chester 020D,Anti-social behaviour,,
,2014-05,Cheshire Constabulary,Cheshire Constabulary,-2.517079,53.258874,On or near Freshwater View,E01018712,Cheshire West and Chester 020D,Anti-social behaviour,,
b37d39bfe53685efd50bc28f5cf21fd5579deb21a249949153bfc0c651971d7e,2014-05,Cheshire Constabulary,Cheshire Constabulary,-2.525907,53.260004,On or near Alderley Road,E01018712,Cheshire West and Chester 020D,Criminal damage and arson,Investigation complete; no suspect identified,
cc74ff9c1fb582ffd815793a1b0f10b7b233b472e980988d6b9bee4e84524c96,2014-05,Cheshire Constabulary,Cheshire Constabulary,-2.519511,53.255439,On or near Weaver Road,E01018712,Cheshire West and Chester 020D,Theft from the person,Unable to prosecute suspect,
a5d24a41d2421af90de6f75e49300e16a7f5787f48e016412046f430e009e4d9,2014-05,Cheshire Constabulary,Cheshire Constabulary,-2.516953,53.259585,On or near Marine Approach,E01018712,Cheshire West and Chester 020D,Violence and sexual offences,Awaiting court outcome,
8f4cff66ebaf8fc1d43ff1f03d63508ce6633c02bf152ba49a361fd22d8b00a5,2014-05,Cheshire Constabulary,Cheshire Constabulary,-2.519231,53.257049,On or near Trinity Terrace,E01018712,Cheshire West and Chester 020D,Violence and sexual offences,Under investigation,
,2014-05,Cheshire Constabulary,Cheshire Constabulary,-2.511336,53.241173,On or near Woodpecker Drive,E01018699,Cheshire West and Chester 021A,Anti-social behaviour,,
,2014-05,Cheshire Constabulary,Cheshire Constabulary,-2.512176,53.242427,On or near Dunham Road,E01018699,Cheshire West and Chester 021A,Anti-social behaviour,,
,2014-05,Cheshire Constabulary,Cheshire Constabulary,-2.510227,53.246175,On or near London Road,E01018699,Cheshire West and Chester 021A,Anti-social behaviour,,
,2014-05,Cheshire Constabulary,Cheshire Constabulary,-2.512176,53.242427,On or near Dunham Road,E01018699,Cheshire West and Chester 021A,Anti-social behaviour,,
a070324c8291323604e6723c888d6e464f8f2cbb3388cba61dfbfc2450725624,2014-05,Cheshire Constabulary,Cheshire Constabulary,-2.509200,53.244256,On or near Granville Road,E01018699,Cheshire West and Chester 021A,Criminal damage and arson,Awaiting court outcome,
92e891fdc36f9890b2f1e444e762f705edeed25e1fc84a85a4f48099aa48ae8f,2014-05,Cheshire Constabulary,Cheshire Constabulary,-2.513948,53.243993,On or near Harewood Close,E01018699,Cheshire West and Chester 021A,Criminal damage and arson,Under investigation,
0808bd4187f8dcaea5ac1882303f16c4047aaae1a9468641ce6ca40284e4b101,2014-05,Cheshire Constabulary,Cheshire Constabulary,-2.513948,53.243993,On or near Harewood Close,E01018699,Cheshire West and Chester 021A,Violence and sexual offences,Unable to prosecute suspect,
d100c70d8fb5d0a1d8fb58eaa8a792f771aec6bd0281ccd1b032cbbaa189da35,2014-05,Cheshire Constabulary,Cheshire Constabulary,-2.513948,53.243993,On or near Harewood Close,E01018699,Cheshire West and Chester 021A,Violence and sexual offences,Under investigation,
47f52379f2676ddb9d1b522e7cd48ee7d9e8a244093494b91d19d43d92621235,2014-05,Cheshire Constabulary,Cheshire Constabulary,-2.512753,53.243117,On or near Priory Avenue,E01018699,Cheshire West and Chester 021A,Violence and sexual offences,Offender sent to prison,
18b994716a72dc000b2358852f5850bed6a4648b22b91f38dc53340c8b11ab32,2014-05,Cheshire Constabulary,Cheshire Constabulary,-2.513948,53.243993,On or near Harewood Close,E01018699,Cheshire West and Chester 021A,Violence and sexual offences,Under investigation,
6ebca45389dbc66ae77f1ae80f195eeee1bd9f6db4deb5abe770a0a2a53b1c59,2014-05,Cheshire Constabulary,Cheshire Constabulary,-2.511792,53.245467,On or near Dobell'S Road,E01018699,Cheshire West and Chester 021A,Violence and sexual offences,Under investigation,
,2014-05,Cheshire Constabulary,Cheshire Constabulary,-2.504840,53.245596,On or near Adlington Drive,E01018701,Cheshire West and Chester 021B,Anti-social behaviour,,
,2014-05,Cheshire Constabulary,Cheshire Constabulary,-2.503710,53.245025,On or near Old Hall Road,E01018701,Cheshire West and Chester 021B,Anti-social behaviour,,
,2014-05,Cheshire Constabulary,Cheshire Constabulary,-2.503291,53.245126,On or near Riverside,E01018701,Cheshire West and Chester 021B,Anti-social behaviour,,
,2014-05,Cheshire Constabulary,Cheshire Constabulary,-2.503291,53.245126,On or near Riverside,E01018701,Cheshire West and Chester 021B,Anti-social behaviour,,
,2014-05,Cheshire Constabulary,Cheshire Constabulary,-2.503650,53.246347,On or near Meadow Grove,E01018701,Cheshire West and Chester 021B,Anti-social behaviour,,
,2014-05,Cheshire Constabulary,Cheshire Constabulary,-2.504840,53.245596,On or near Adlington Drive,E01018701,Cheshire West and Chester 021B,Anti-social behaviour,,
,2014-05,Cheshire Constabulary,Cheshire Constabulary,-2.504511,53.244321,On or near Tilstone Close,E01018701,Cheshire West and Chester 021B,Anti-social behaviour,,
,2014-05,Cheshire Constabulary,Cheshire Constabulary,-2.503650,53.246347,On or near Meadow Grove,E01018701,Cheshire West and Chester 021B,Anti-social behaviour,,
,2014-05,Cheshire Constabulary,Cheshire Constabulary,-2.505263,53.247104,On or near Kenmare Bank,E01018701,Cheshire West and Chester 021B,Anti-social behaviour,,
,2014-05,Cheshire Constabulary,Cheshire Constabulary,-2.506681,53.242846,On or near Cranmere Close,E01018701,Cheshire West and Chester 021B,Anti-social behaviour,,
eef98577ebeeba7ac61a1a660f27fb4b5bb8d91ca695de45929a936847629b2b,2014-05,Cheshire Constabulary,Cheshire Constabulary,-2.507037,53.245092,On or near Clifton Drive,E01018701,Cheshire West and Chester 021B,Burglary,Under investigation,
71042470759cfe144dd9c840727a8a78a76ba9f40a5551f4db3e1ebc4a5779ad,2014-05,Cheshire Constabulary,Cheshire Constabulary,-2.508347,53.245545,On or near Balmoral Avenue,E01018701,Cheshire West and Chester 021B,Criminal damage and arson,Investigation complete; no suspect identified,
1dc23d88d612a4041b925c85a9c239ea73f44a9f7fe114343a724f23df84622b,2014-05,Cheshire Constabulary,Cheshire Constabulary,-2.503650,53.246347,On or near Meadow Grove,E01018701,Cheshire West and Chester 021B,Criminal damage and arson,Under investigation,
1fed41a18d05da730c4d9e936563ad5720bcae3dec561b13379fe8b3f254827d,2014-05,Cheshire Constabulary,Cheshire Constabulary,-2.506681,53.242846,On or near Cranmere Close,E01018701,Cheshire West and Chester 021B,Theft from the person,Investigation complete; no suspect identified,
e41d8d7c6f8fc5d81d0ee6104e37401ade78e7fa72c3c1c0956162f5c9e011b6,2014-05,Cheshire Constabulary,Cheshire Constabulary,-2.506609,53.246892,On or near Muirfield Close,E01018701,Cheshire West and Chester 021B,Violence and sexual offences,Under investigation,
fda196a909bf4b5fb9612b7d61ff9706f80e7d372d6caca3d44c49816e8f4f79,2014-05,Cheshire Constabulary,Cheshire Constabulary,-2.504840,53.245596,On or near Adlington Drive,E01018701,Cheshire West and Chester 021B,Violence and sexual offences,Awaiting court outcome,
,2014-05,Cheshire Constabulary,Cheshire Constabulary,-2.495699,53.258578,On or near Parkfield Road,E01018716,Cheshire West and Chester 021C,Anti-social behaviour,,
,2014-05,Cheshire Constabulary,Cheshire Constabulary,-2.493838,53.255727,On or near Valley View,E01018716,Cheshire West and Chester 021C,Anti-social behaviour,,
,2014-05,Cheshire Constabulary,Cheshire Constabulary,-2.500972,53.256911,On or near Vicarage Walk,E01018716,Cheshire West and Chester 021C,Anti-social behaviour,,
,2014-05,Cheshire Constabulary,Cheshire Constabulary,-2.491247,53.255900,On or near Braemar Avenue,E01018716,Cheshire West and Chester 021C,Anti-social behaviour,,
cdb8f4af11873d57d38ffb03db1016090ac2420994b2eb3c071581abfa19b697,2014-05,Cheshire Constabulary,Cheshire Constabulary,-2.491247,53.255900,On or near Braemar Avenue,E01018716,Cheshire West and Chester 021C,Criminal damage and arson,Under investigation,
902261548a9b2ac2682877e676b534e0956ff8f56bbf52d39d7f4a73792e98dd,2014-05,Cheshire Constabulary,Cheshire Constabulary,-2.493955,53.258109,On or near Arley Road,E01018716,Cheshire West and Chester 021C,Public order,Under investigation,
3e694cba4dfc8c1a7f11eebfd114081b0c70b2ebb66685288bcb0121247d2cc2,2014-05,Cheshire Constabulary,Cheshire Constabulary,-2.498848,53.257307,On or near Danefield Road,E01018716,Cheshire West and Chester 021C,Violence and sexual offences,Under investigation,
a09736925edb7fa8987115b0d21572d065d319d50ccfaf488d1a48de52a906c7,2014-05,Cheshire Constabulary,Cheshire Constabulary,-2.495699,53.258578,On or near Parkfield Road,E01018716,Cheshire West and Chester 021C,Other crime,Offender given a caution,
,2014-05,Cheshire Constabulary,Cheshire Constabulary,-2.502865,53.259834,On or near Princes Avenue,E01018717,Cheshire West and Chester 021D,Anti-social behaviour,,
,2014-05,Cheshire Constabulary,Cheshire Constabulary,-2.501814,53.258463,On or near Kelstern Close,E01018717,Cheshire West and Chester 021D,Anti-social behaviour,,
,2014-05,Cheshire Constabulary,Cheshire Constabulary,-2.500950,53.260183,On or near Victoria Road,E01018717,Cheshire West and Chester 021D,Anti-social behaviour,,
,2014-05,Cheshire Constabulary,Cheshire Constabulary,-2.501814,53.258463,On or near Kelstern Close,E01018717,Cheshire West and Chester 021D,Anti-social behaviour,,
,2014-05,Cheshire Constabulary,Cheshire Constabulary,-2.498294,53.261264,On or near Albert Place,E01018717,Cheshire West and Chester 021D,Anti-social behaviour,,
,2014-05,Cheshire Constabulary,Cheshire Constabulary,-2.503818,53.260630,On or near Church Road,E01018717,Cheshire West and Chester 021D,Anti-social behaviour,,
,2014-05,Cheshire Constabulary,Cheshire Constabulary,-2.501814,53.258463,On or near Kelstern Close,E01018717,Cheshire West and Chester 021D,Anti-social behaviour,,
,2014-05,Cheshire Constabulary,Cheshire Constabulary,-2.497074,53.260730,On or near Slade Street,E01018717,Cheshire West and Chester 021D,Anti-social behaviour,,
,2014-05,Cheshire Constabulary,Cheshire Constabulary,-2.498091,53.259305,On or near Salkeld Street,E01018717,Cheshire West and Chester 021D,Anti-social behaviour,,
,2014-05,Cheshire Constabulary,Cheshire Constabulary,-2.502865,53.259834,On or near Princes Avenue,E01018717,Cheshire West and Chester 021D,Anti-social behaviour,,
7b0d1e8e28f0c216ff8e02b07de2893a896aa84079ca3dd35c322124517410fc,2014-05,Cheshire Constabulary,Cheshire Constabulary,-2.502865,53.259834,On or near Princes Avenue,E01018717,Cheshire West and Chester 021D,Burglary,Investigation complete; no suspect identified,
29b91380eaacadda35e33a825bfa6ee663aafc6dbd9b0aba596861e6c09c3f93,2014-05,Cheshire Constabulary,Cheshire Constabulary,-2.503666,53.257916,On or near Manora Road,E01018717,Cheshire West and Chester 021D,Burglary,Investigation complete; no suspect identified,
b6454defbfc39ff8fa3f095b365427dd450a45c40fe0183534e7ac8cb7b59b1e,2014-05,Cheshire Constabulary,Cheshire Constabulary,-2.503856,53.256162,On or near Carlton Road,E01018717,Cheshire West and Chester 021D,Burglary,Awaiting court outcome,
de49d238c718dca93bca0623523513b038d9c4a8777a5991a4670b9241688e97,2014-05,Cheshire Constabulary,Cheshire Constabulary,-2.500466,53.259835,On or near Greenall Road,E01018717,Cheshire West and Chester 021D,Burglary,Investigation complete; no suspect identified,
ee50bf14b89373d05b65e658ae9eb2c5568087138f3855dba7a393fb0969b0a3,2014-05,Cheshire Constabulary,Cheshire Constabulary,-2.500223,53.258299,On or near Binney Road,E01018717,Cheshire West and Chester 021D,Burglary,Investigation complete; no suspect identified,
8d3542247995546fa12aa21ed3a9a47aff52b7683e5b500f03154c79e18f9a4f,2014-05,Cheshire Constabulary,Cheshire Constabulary,-2.495558,53.260583,On or near Magdala Place,E01018717,Cheshire West and Chester 021D,Burglary,Investigation complete; no suspect identified,
6a89395ef2803d9ba2bd36dd384840f433d74d686ce9ad7f095cf2a10ac371f9,2014-05,Cheshire Constabulary,Cheshire Constabulary,-2.500531,53.257686,On or near King George Avenue,E01018717,Cheshire West and Chester 021D,Criminal damage and arson,Under investigation,
56eeac3754a1ab75f8fe50cdcf5dde34fe5d8a8a8a7584dc7a4f837266457175,2014-05,Cheshire Constabulary,Cheshire Constabulary,-2.503013,53.258395,On or near Vicarage Road,E01018717,Cheshire West and Chester 021D,Criminal damage and arson,Investigation complete; no suspect identified,
2a5df2a8543478c8ce655b870e3f3930961dfb2b667904a212bc144a3a9c3b9d,2014-05,Cheshire Constabulary,Cheshire Constabulary,-2.497395,53.260018,On or near William Street,E01018717,Cheshire West and Chester 021D,Criminal damage and arson,Under investigation,
8e2e41fc281bfc5fcc45185d4e2b3a084baa553161c447100696faa13be9ac62,2014-05,Cheshire Constabulary,Cheshire Constabulary,-2.497223,53.259372,On or near Royle Street,E01018717,Cheshire West and Chester 021D,Criminal damage and arson,Formal action is not in the public interest,
1a3528e64045c2ece32cb2f108d43c58e937b941fd5f534294b78caa9fa8ab7b,2014-05,Cheshire Constabulary,Cheshire Constabulary,-2.502865,53.259834,On or near Princes Avenue,E01018717,Cheshire West and Chester 021D,Drugs,Awaiting court outcome,
3995d1aaf1a5e4a06ba0c1f46ef4fc13251134a1c3289515ab91915c8247172a,2014-05,Cheshire Constabulary,Cheshire Constabulary,-2.498091,53.259305,On or near Salkeld Street,E01018717,Cheshire West and Chester 021D,Drugs,Awaiting court outcome,
2cc7b21332d35df84435bb9286f39a93586032a8afcab0308316e3548c7c7364,2014-05,Cheshire Constabulary,Cheshire Constabulary,-2.498294,53.261264,On or near Albert Place,E01018717,Cheshire West and Chester 021D,Other theft,Investigation complete; no suspect identified,
9304da19caa39aac1f0e775a638ea783cf33443fcecb8bee4350e46d61418074,2014-05,Cheshire Constabulary,Cheshire Constabulary,-2.497074,53.260730,On or near Slade Street,E01018717,Cheshire West and Chester 021D,Possession of weapons,Awaiting court outcome,
50810c81853b04783e81fa1f411603663fc590dbdec4e54ba445c96ac3ef498b,2014-05,Cheshire Constabulary,Cheshire Constabulary,-2.498091,53.259305,On or near Salkeld Street,E01018717,Cheshire West and Chester 021D,Shoplifting,Awaiting court outcome,
8280113ab2c2dc266aa883bf4021fa74354115d74746ab3e806ccbf77cfcd8d0,2014-05,Cheshire Constabulary,Cheshire Constabulary,-2.502946,53.256570,On or near Westfield Road,E01018717,Cheshire West and Chester 021D,Vehicle crime,Investigation complete; no suspect identified,
f561329253394ead93d79023650ee739c9060daf4a04466e65e39fa7be2114e7,2014-05,Cheshire Constabulary,Cheshire Constabulary,-2.498091,53.259305,On or near Salkeld Street,E01018717,Cheshire West and Chester 021D,Violence and sexual offences,Awaiting court outcome,
e138e6c1420b0749efcaaa64e7a51bd1a50a7a33ff5ddad59f1f51f157ec19e3,2014-05,Cheshire Constabulary,Cheshire Constabulary,-2.498091,53.259305,On or near Salkeld Street,E01018717,Cheshire West and Chester 021D,Violence and sexual offences,Unable to prosecute suspect,
2a967ae25257776a4841ff298914deceed0d0d9c8fad5a4f78043be514964aee,2014-05,Cheshire Constabulary,Cheshire Constabulary,-2.498471,53.259762,On or near Alan Street,E01018717,Cheshire West and Chester 021D,Violence and sexual offences,Awaiting court outcome,
,2014-05,Cheshire Constabulary,Cheshire Constabulary,-2.488585,53.252567,On or near Shipbrook Road,E01018719,Cheshire West and Chester 021E,Anti-social behaviour,,
,2014-05,Cheshire Constabulary,Cheshire Constabulary,-2.489723,53.253776,On or near Greenway Drive,E01018719,Cheshire West and Chester 021E,Anti-social behaviour,,
,2014-05,Cheshire Constabulary,Cheshire Constabulary,-2.487026,53.256439,On or near Maitland-Wood Close,E01018719,Cheshire West and Chester 021E,Anti-social behaviour,,
,2014-05,Cheshire Constabulary,Cheshire Constabulary,-2.484651,53.254516,On or near Melchett Crescent,E01018719,Cheshire West and Chester 021E,Anti-social behaviour,,
c2bd5c14c02a8168f1109a7981f7d33f1efcd1a82fd510ddbc9633275d5f5695,2014-05,Cheshire Constabulary,Cheshire Constabulary,-2.485534,53.255762,On or near Central Road,E01018719,Cheshire West and Chester 021E,Other theft,Investigation complete; no suspect identified,
4307459b5171f78c7980c8b5660d369d9d283c75aa0caa2db241f95a8be80769,2014-05,Cheshire Constabulary,Cheshire Constabulary,-2.488585,53.252567,On or near Shipbrook Road,E01018719,Cheshire West and Chester 021E,Vehicle crime,Investigation complete; no suspect identified,
2d75d2a905b1b95f4112a8462157f860205c5f81d1bc574f0748ce3a8d0929ee,2014-05,Cheshire Constabulary,Cheshire Constabulary,-2.487766,53.255645,On or near Mather Drive,E01018719,Cheshire West and Chester 021E,Violence and sexual offences,Awaiting court outcome,
bb43086595511b6b7f1361a8815456128ae7cfd6fe8ca253805164f8a192cda3,2014-05,Cheshire Constabulary,Cheshire Constabulary,-2.487766,53.255645,On or near Mather Drive,E01018719,Cheshire West and Chester 021E,Violence and sexual offences,Awaiting court outcome,
,2014-05,Cheshire Constabulary,Cheshire Constabulary,-2.483112,53.252302,On or near South Drive,E01018720,Cheshire West and Chester 021F,Anti-social behaviour,,
,2014-05,Cheshire Constabulary,Cheshire Constabulary,-2.487206,53.249849,On or near Wright Avenue,E01018720,Cheshire West and Chester 021F,Anti-social behaviour,,
,2014-05,Cheshire Constabulary,Cheshire Constabulary,-2.490492,53.250222,On or near Comboy Drive,E01018720,Cheshire West and Chester 021F,Anti-social behaviour,,
,2014-05,Cheshire Constabulary,Cheshire Constabulary,-2.483112,53.252302,On or near South Drive,E01018720,Cheshire West and Chester 021F,Anti-social behaviour,,
,2014-05,Cheshire Constabulary,Cheshire Constabulary,-2.487206,53.249849,On or near Wright Avenue,E01018720,Cheshire West and Chester 021F,Anti-social behaviour,,
9a89267917118e9bed063c80388968d423c36a4ee2d43d2bb74962b31dfdff20,2014-05,Cheshire Constabulary,Cheshire Constabulary,-2.484063,53.251624,On or near Grange Road,E01018720,Cheshire West and Chester 021F,Criminal damage and arson,Formal action is not in the public interest,
2a03fd86bac7e1c78d8f70ff84b0820cf9335184e0bcc694d78cc6f3385a7bba,2014-05,Cheshire Constabulary,Cheshire Constabulary,-2.479975,53.255946,On or near Middlewich Road,E01018720,Cheshire West and Chester 021F,Drugs,Offender given a drugs possession warning,
ecae4bbcc228c65e5ea70a1fd76a03f9d35d635238ced35d4753454e5cf01107,2014-05,Cheshire Constabulary,Cheshire Constabulary,-2.486252,53.248981,On or near Shurlach Road,E01018720,Cheshire West and Chester 021F,Other theft,Under investigation,
9d987d2f93283e3fdb37ee2f79ecf3a226f332ae2c54b3769fe47ea20d63d5d4,2014-05,Cheshire Constabulary,Cheshire Constabulary,-2.479975,53.255946,On or near Middlewich Road,E01018720,Cheshire West and Chester 021F,Other theft,Investigation complete; no suspect identified,
9613004659446e27e2d171a16e0c2f880ee2a5528092a4e42f23b6c0acca8a39,2014-05,Cheshire Constabulary,Cheshire Constabulary,-2.486615,53.250643,On or near Birtwistle Road,E01018720,Cheshire West and Chester 021F,Public order,Under investigation,
75415eba87245ff1c4c1de6d5df35821be52c1a590e36e8f716f08fe27fddce0,2014-05,Cheshire Constabulary,Cheshire Constabulary,-2.484063,53.251624,On or near Grange Road,E01018720,Cheshire West and Chester 021F,Violence and sexual offences,Awaiting court outcome,
eb5e838a6ddd0722ed739d89d8dcbd9e644c1bf665d380b635b52e68e51df356,2014-05,Cheshire Constabulary,Cheshire Constabulary,-2.484063,53.251624,On or near Grange Road,E01018720,Cheshire West and Chester 021F,Violence and sexual offences,Under investigation,
cddbd6224959017d48a3a956ea033937b0e4200ffdc8477ce38e07fa8e771cb8,2014-05,Cheshire Constabulary,Cheshire Constabulary,-2.484063,53.251624,On or near Grange Road,E01018720,Cheshire West and Chester 021F,Violence and sexual offences,Under investigation,
,2014-05,Cheshire Constabulary,Cheshire Constabulary,-2.785078,53.217876,On or near The Avenue,E01018308,Cheshire West and Chester 022A,Anti-social behaviour,,
,2014-05,Cheshire Constabulary,Cheshire Constabulary,-2.794737,53.210585,On or near Main Street,E01018308,Cheshire West and Chester 022A,Anti-social behaviour,,
,2014-05,Cheshire Constabulary,Cheshire Constabulary,-2.791350,53.209619,On or near Mill Lane,E01018308,Cheshire West and Chester 022A,Anti-social behaviour,,
395700b10115029a831d29403b40117bf33099ab1a48049d7522e4c0e0d6ba5e,2014-05,Cheshire Constabulary,Cheshire Constabulary,-2.793962,53.248002,On or near Dunham Court,E01018308,Cheshire West and Chester 022A,Burglary,Under investigation,
3b113773b3662cb99fed2891bb3d1c2326e12c338059d390811a9d3c83d34d74,2014-05,Cheshire Constabulary,Cheshire Constabulary,-2.793534,53.213559,On or near Hawkins View,E01018308,Cheshire West and Chester 022A,Criminal damage and arson,Under investigation,
1e8222bbc65d33d61ecab274eb783604c5bedadc0e917f5d8b73a53643ad1e94,2014-05,Cheshire Constabulary,Cheshire Constabulary,-2.796403,53.201081,On or near Lansdowne Road,E01018308,Cheshire West and Chester 022A,Other theft,Investigation complete; no suspect identified,
3385925f47be059b262d07cdfbce70ab1e7624e257b915ed73dc3d7047e1bd4d,2014-05,Cheshire Constabulary,Cheshire Constabulary,-2.796403,53.201081,On or near Lansdowne Road,E01018308,Cheshire West and Chester 022A,Other theft,Under investigation,
61c3202e7ec8caebdd2564707f9916ce980be1b356edafae0206b7b17aff3592,2014-05,Cheshire Constabulary,Cheshire Constabulary,-2.785078,53.217876,On or near The Avenue,E01018308,Cheshire West and Chester 022A,Other theft,Investigation complete; no suspect identified,
55e91a733be775e55452212dd75f2597217acfe6a19fe35fefa1c4b069552aec,2014-05,Cheshire Constabulary,Cheshire Constabulary,-2.796403,53.201081,On or near Lansdowne Road,E01018308,Cheshire West and Chester 022A,Violence and sexual offences,Under investigation,
1cf5c00cea0ff35f03c5bbd2fdf0bea5e62e749f25e8a9a6e15852c18d7663da,2014-05,Cheshire Constabulary,Cheshire Constabulary,-2.817121,53.271811,On or near Brackendale,E01018336,Cheshire West and Chester 022B,Vehicle crime,Investigation complete; no suspect identified,
,2014-05,Cheshire Constabulary,Cheshire Constabulary,-2.821062,53.269330,On or near Willow Grove,E01018337,Cheshire West and Chester 022C,Anti-social behaviour,,
,2014-05,Cheshire Constabulary,Cheshire Constabulary,-2.821062,53.269330,On or near Willow Grove,E01018337,Cheshire West and Chester 022C,Anti-social behaviour,,
,2014-05,Cheshire Constabulary,Cheshire Constabulary,-2.821062,53.269330,On or near Willow Grove,E01018337,Cheshire West and Chester 022C,Anti-social behaviour,,
,2014-05,Cheshire Constabulary,Cheshire Constabulary,-2.910337,53.256564,On or near A5032,E01018337,Cheshire West and Chester 022C,Anti-social behaviour,,
327713355c4fc194c825b6abdaa31555e8726e83831761afa4e382fa86c1f7b2,2014-05,Cheshire Constabulary,Cheshire Constabulary,-2.821062,53.269330,On or near Willow Grove,E01018337,Cheshire West and Chester 022C,Bicycle theft,Investigation complete; no suspect identified,
74f2238d02f7f11461c30beeb183aaa12f9b85efa1735ea7e9e6a7453da791dc,2014-05,Cheshire Constabulary,Cheshire Constabulary,-2.836199,53.264370,On or near Yew Tree Close,E01018337,Cheshire West and Chester 022C,Criminal damage and arson,Investigation complete; no suspect identified,
d89a468c5e7847c44d0d1365d7d58a94233ef09440cea90c853a83f2a3ab8f00,2014-05,Cheshire Constabulary,Cheshire Constabulary,-2.821062,53.269330,On or near Willow Grove,E01018337,Cheshire West and Chester 022C,Criminal damage and arson,Investigation complete; no suspect identified,
973507c7668ce4772a2b649c0fd37fe70d94736ce9418fcffc614f3095b2c36a,2014-05,Cheshire Constabulary,Cheshire Constabulary,-2.882776,53.261203,On or near Stanney Lane,E01018337,Cheshire West and Chester 022C,Other theft,Investigation complete; no suspect identified,
765ffc934eef24772dc77567436892b310678f0e1e6485fd1f0418ada03cda5e,2014-05,Cheshire Constabulary,Cheshire Constabulary,-2.886085,53.257385,On or near Rake Lane,E01018337,Cheshire West and Chester 022C,Vehicle crime,Investigation complete; no suspect identified,
,2014-05,Cheshire Constabulary,Cheshire Constabulary,-2.812024,53.272690,On or near Shopping Area,E01018338,Cheshire West and Chester 022D,Anti-social behaviour,,
,2014-05,Cheshire Constabulary,Cheshire Constabulary,-2.814247,53.273664,On or near Laurels Farm Court,E01018338,Cheshire West and Chester 022D,Anti-social behaviour,,
,2014-05,Cheshire Constabulary,Cheshire Constabulary,-2.818850,53.276015,On or near Mount Pleasant,E01018338,Cheshire West and Chester 022D,Anti-social behaviour,,
,2014-05,Cheshire Constabulary,Cheshire Constabulary,-2.808187,53.272015,On or near Acacia Close,E01018338,Cheshire West and Chester 022D,Anti-social behaviour,,
,2014-05,Cheshire Constabulary,Cheshire Constabulary,-2.807682,53.274644,On or near Mimosa Close,E01018338,Cheshire West and Chester 022D,Anti-social behaviour,,
,2014-05,Cheshire Constabulary,Cheshire Constabulary,-2.817531,53.275224,On or near Highfield,E01018338,Cheshire West and Chester 022D,Anti-social behaviour,,
5290643992533c5713613dbe60f51cdb27e887281ecbca78b11d8116273719d0,2014-05,Cheshire Constabulary,Cheshire Constabulary,-2.818850,53.276015,On or near Mount Pleasant,E01018338,Cheshire West and Chester 022D,Burglary,Investigation complete; no suspect identified,
9c3bd873ec3db18e41f6750bd2a61513a1d3d3400c638045261cab618b2cc186,2014-05,Cheshire Constabulary,Cheshire Constabulary,-2.808353,53.271241,On or near Firbank,E01018338,Cheshire West and Chester 022D,Criminal damage and arson,Investigation complete; no suspect identified,
32ceff7004cdfde391e2c69d512ed808961a4cc8172ce434095ba740d222a658,2014-05,Cheshire Constabulary,Cheshire Constabulary,-2.818850,53.276015,On or near Mount Pleasant,E01018338,Cheshire West and Chester 022D,Criminal damage and arson,Investigation complete; no suspect identified,
c23727cd30dd2664e10c18e5394f1c03dc0a876cc5a24f9f62795c6653a4df0c,2014-05,Cheshire Constabulary,Cheshire Constabulary,-2.815666,53.274167,On or near Dairy Bank,E01018338,Cheshire West and Chester 022D,Other theft,Investigation complete; no suspect identified,
e730bf080c956c13a8558f24440635de6c1ee5f500d8050bfafa7bf107681936,2014-05,Cheshire Constabulary,Cheshire Constabulary,-2.810041,53.271733,On or near Pinewood Close,E01018338,Cheshire West and Chester 022D,Public order,Investigation complete; no suspect identified,
b4a3c88ff4e797e3397c9df31c4a507b9548973a571d31f98988b72cc20e340f,2014-05,Cheshire Constabulary,Cheshire Constabulary,-2.814247,53.273664,On or near Laurels Farm Court,E01018338,Cheshire West and Chester 022D,Shoplifting,Under investigation,
111fea5807b5d9dec961c30b6182db04f16b65932861137f54b057af928dc3eb,2014-05,Cheshire Constabulary,Cheshire Constabulary,-2.812024,53.272690,On or near Shopping Area,E01018338,Cheshire West and Chester 022D,Shoplifting,Under investigation,
5e9e31cde91129f66d02e3af266cf5aaf14c3f6036a758356d842c050a8b418f,2014-05,Cheshire Constabulary,Cheshire Constabulary,-2.807223,53.271752,On or near Mulberry Close,E01018338,Cheshire West and Chester 022D,Violence and sexual offences,Under investigation,
a9b1df50daf6a44ab838e9889757b96dc230b97d7ea6aba4c45b680242b8a1c2,2014-05,Cheshire Constabulary,Cheshire Constabulary,-2.809802,53.273317,On or near Manna Drive,E01018338,Cheshire West and Chester 022D,Violence and sexual offences,Under investigation,
beff2bd0543d1fec80865b074fb49a1738c1dfe72b73e8468869caa2eafffc21,2014-05,Cheshire Constabulary,Cheshire Constabulary,-2.810202,53.270725,On or near Manley View,E01018338,Cheshire West and Chester 022D,Violence and sexual offences,Under investigation,
,2014-05,Cheshire Constabulary,Cheshire Constabulary,-2.852912,53.216727,On or near The Street,E01018358,Cheshire West and Chester 022E,Anti-social behaviour,,
,2014-05,Cheshire Constabulary,Cheshire Constabulary,-2.836190,53.220090,On or near Carlton Close,E01018358,Cheshire West and Chester 022E,Anti-social behaviour,,
,2014-05,Cheshire Constabulary,Cheshire Constabulary,-2.835134,53.221257,On or near Micklegate,E01018358,Cheshire West and Chester 022E,Anti-social behaviour,,
081bdac3aa0779f53f7c796544cb35983eb631c81a7b308fbddca2df1a5f9f12,2014-05,Cheshire Constabulary,Cheshire Constabulary,-2.860486,53.208294,On or near Greenfield Lane,E01018358,Cheshire West and Chester 022E,Bicycle theft,Investigation complete; no suspect identified,
ab7d56c4423a6e2374220f6d217f48bb7ae8ba0db1b1964d4080ffb27f684b37,2014-05,Cheshire Constabulary,Cheshire Constabulary,-2.867324,53.212514,On or near Plas Newton Lane,E01018358,Cheshire West and Chester 022E,Criminal damage and arson,Investigation complete; no suspect identified,
849387c34689a1a0631d5ac687eee897a703a070d15cfb0b4203884909b71df5,2014-05,Cheshire Constabulary,Cheshire Constabulary,-2.851061,53.214726,On or near Oak Bank Lane,E01018358,Cheshire West and Chester 022E,Other theft,Investigation complete; no suspect identified,
6ac65cced5030cf59c59a92cf8404ecca411f7bd4c6ad0af27d7c90fd9247c82,2014-05,Cheshire Constabulary,Cheshire Constabulary,-2.821003,53.224753,On or near Plemstall Lane,E01018358,Cheshire West and Chester 022E,Vehicle crime,Investigation complete; no suspect identified,
625b78c743a5947954ce4c9ef855bb9d60c6f79083517079c9bd63aca9f4c1b4,2014-05,Cheshire Constabulary,Cheshire Constabulary,-2.831926,53.222664,On or near Wells Close,E01018358,Cheshire West and Chester 022E,Vehicle crime,Investigation complete; no suspect identified,
388d8fa00b271b14d047d3c35eba57ee687694b75074d7737fbd129de5c481af,2014-05,Cheshire Constabulary,Cheshire Constabulary,-2.858539,53.206753,On or near Hoole Road,E01018358,Cheshire West and Chester 022E,Vehicle crime,Investigation complete; no suspect identified,
5c4d926a41ae86c240646edac613d5c4368456a3852d745f9b33d6fd8991f8d6,2014-05,Cheshire Constabulary,Cheshire Constabulary,-2.851061,53.214726,On or near Oak Bank Lane,E01018358,Cheshire West and Chester 022E,Vehicle crime,Investigation complete; no suspect identified,
,2014-05,Cheshire Constabulary,Cheshire Constabulary,-2.824067,53.238485,On or near Ince Lane,E01018359,Cheshire West and Chester 022F,Anti-social behaviour,,
,2014-05,Cheshire Constabulary,Cheshire Constabulary,-2.826989,53.253225,On or near Cryers Lane,E01018359,Cheshire West and Chester 022F,Anti-social behaviour,,
a300e27d9165b377e81bc606271de69aee4276dc0da2c5602176ef0be8a4ceed,2014-05,Cheshire Constabulary,Cheshire Constabulary,-2.830799,53.224020,On or near Weaver Grove,E01018359,Cheshire West and Chester 022F,Criminal damage and arson,Investigation complete; no suspect identified,
,2014-05,Cheshire Constabulary,Cheshire Constabulary,-2.537913,53.246674,On or near Sandringham Place,E01018691,Cheshire West and Chester 023A,Anti-social behaviour,,
f99f785607f710565f394301940911eb9f496b6ea140d80a7e2f39d87710f330,2014-05,Cheshire Constabulary,Cheshire Constabulary,-2.540477,53.245628,On or near Woodlands Road,E01018691,Cheshire West and Chester 023A,Burglary,Investigation complete; no suspect identified,
b880396cb4e02d16cee61bfad6a0881a691c6f7aaf6edfd58b25ced4bfa5dc8b,2014-05,Cheshire Constabulary,Cheshire Constabulary,-2.536116,53.250412,On or near Manor Grove,E01018691,Cheshire West and Chester 023A,Burglary,Investigation complete; no suspect identified,
05ccf0782aed26b51915137ccba7319b55788ca2215c55673c8988041c116208,2014-05,Cheshire Constabulary,Cheshire Constabulary,-2.541008,53.249689,On or near Chester Road,E01018691,Cheshire West and Chester 023A,Criminal damage and arson,Investigation complete; no suspect identified,
5db22b1bad585c9785dc8e88ad52f507b70a16979231283b7c532bb80620a5b3,2014-05,Cheshire Constabulary,Cheshire Constabulary,-2.545513,53.250387,On or near Beach Road,E01018691,Cheshire West and Chester 023A,Criminal damage and arson,Investigation complete; no suspect identified,
2aba66e13eb467b28e3dd001ab08bcabae703ed332131dc12d08819d2f39c620,2014-05,Cheshire Constabulary,Cheshire Constabulary,-2.537913,53.246674,On or near Sandringham Place,E01018691,Cheshire West and Chester 023A,Other theft,Investigation complete; no suspect identified,
36f1eaec3d11718940ee75d6b9dc93fe5c3fb6c56a7f2f09d7724c984e1459c9,2014-05,Cheshire Constabulary,Cheshire Constabulary,-2.540414,53.247759,On or near Hazelmere Close,E01018691,Cheshire West and Chester 023A,Violence and sexual offences,Offender given a caution,
4b5dfb02e90924a14263c86e533a1dfc2cd30f3716f82f31c8382b8e31794302,2014-05,Cheshire Constabulary,Cheshire Constabulary,-2.537913,53.246674,On or near Sandringham Place,E01018691,Cheshire West and Chester 023A,Other crime,Offender given a caution,
58999bf9f36fb93881287dbc132449d6d613bd286405c6715e444d8752a83274,2014-05,Cheshire Constabulary,Cheshire Constabulary,-2.548797,53.241195,On or near Whitley Drive,E01018693,Cheshire West and Chester 023B,Burglary,Investigation complete; no suspect identified,
27f22a0e83d5fb6649473ca1ed762cd17a2622b0ca90527e53b48df5fb9e577c,2014-05,Cheshire Constabulary,Cheshire Constabulary,-2.544009,53.248785,On or near Bradburns Lane,E01018693,Cheshire West and Chester 023B,Criminal damage and arson,Under investigation,
187019210513c778b847ddeaf4789845b184d4052ad6aaef7ae4dfc412483240,2014-05,Cheshire Constabulary,Cheshire Constabulary,-2.550783,53.245276,On or near Walnut Lane,E01018693,Cheshire West and Chester 023B,Other theft,Investigation complete; no suspect identified,
,2014-05,Cheshire Constabulary,Cheshire Constabulary,-2.537656,53.244149,On or near Whitehall Drive,E01018694,Cheshire West and Chester 023C,Anti-social behaviour,,
,2014-05,Cheshire Constabulary,Cheshire Constabulary,-2.535379,53.244222,On or near Woodham Close,E01018694,Cheshire West and Chester 023C,Anti-social behaviour,,
,2014-05,Cheshire Constabulary,Cheshire Constabulary,-2.554248,53.239749,On or near Mornant Avenue,E01018694,Cheshire West and Chester 023C,Anti-social behaviour,,
a78628b9d1ec565e8288c654947e1f3481ca6f0f5ce18fa9a5e5ea6c07c88c61,2014-05,Cheshire Constabulary,Cheshire Constabulary,-2.556979,53.240042,On or near Dunham Court,E01018694,Cheshire West and Chester 023C,Criminal damage and arson,Under investigation,
,2014-05,Cheshire Constabulary,Cheshire Constabulary,-2.515172,53.241156,On or near Lavister Close,E01018700,Cheshire West and Chester 023D,Anti-social behaviour,,
,2014-05,Cheshire Constabulary,Cheshire Constabulary,-2.515172,53.241156,On or near Lavister Close,E01018700,Cheshire West and Chester 023D,Anti-social behaviour,,
befd672e9b481c1990eb4a098a7c7b87a3e1cf7a0d751384bd0eb56a48765f5b,2014-05,Cheshire Constabulary,Cheshire Constabulary,-2.518721,53.245878,On or near Blakemere Drive,E01018700,Cheshire West and Chester 023D,Other theft,Under investigation,
e94441b1d95969adfda22345aa308da0150c71216902f844413619a8d6cf5c6d,2014-05,Cheshire Constabulary,Cheshire Constabulary,-2.518721,53.245878,On or near Blakemere Drive,E01018700,Cheshire West and Chester 023D,Violence and sexual offences,Under investigation,
,2014-05,Cheshire Constabulary,Cheshire Constabulary,-2.523059,53.239135,On or near Blandford Drive,E01018702,Cheshire West and Chester 023E,Anti-social behaviour,,
,2014-05,Cheshire Constabulary,Cheshire Constabulary,-2.521365,53.241543,On or near Moulton Close,E01018702,Cheshire West and Chester 023E,Anti-social behaviour,,
,2014-05,Cheshire Constabulary,Cheshire Constabulary,-2.515149,53.239215,On or near Claremont Close,E01018702,Cheshire West and Chester 023E,Anti-social behaviour,,
40d8bf8f3bccb47991b5de1e19f477a8d1ccb49631d2d822cf5224d83ede52fb,2014-05,Cheshire Constabulary,Cheshire Constabulary,-2.521596,53.238324,On or near Kelsborrow Close,E01018702,Cheshire West and Chester 023E,Other theft,Investigation complete; no suspect identified,
,2014-05,Cheshire Constabulary,Cheshire Constabulary,-2.515213,53.250801,On or near Further/Higher Educational Building,E01018703,Cheshire West and Chester 023F,Anti-social behaviour,,
,2014-05,Cheshire Constabulary,Cheshire Constabulary,-2.515213,53.250801,On or near Further/Higher Educational Building,E01018703,Cheshire West and Chester 023F,Anti-social behaviour,,
,2014-05,Cheshire Constabulary,Cheshire Constabulary,-2.517146,53.248285,On or near Monarch Drive,E01018703,Cheshire West and Chester 023F,Anti-social behaviour,,
8011c89ff4d682fb420bfb6ec82c57ae97f3a7005629263c764aae39dd722a9e,2014-05,Cheshire Constabulary,Cheshire Constabulary,-2.512377,53.254274,On or near Webb'S Court,E01018703,Cheshire West and Chester 023F,Burglary,Investigation complete; no suspect identified,
973155146937ed21ed86718fc0188a2f1774dd6080c9f53f770321b8318e96cb,2014-05,Cheshire Constabulary,Cheshire Constabulary,-2.511892,53.251337,On or near Dale'S Square,E01018703,Cheshire West and Chester 023F,Burglary,Investigation complete; no suspect identified,
b649adac18d2be7b8edcf57aa64f11c1b3597d83d98b6118c34b9343f9d8ee71,2014-05,Cheshire Constabulary,Cheshire Constabulary,-2.511832,53.253818,On or near Anderton Grange,E01018703,Cheshire West and Chester 023F,Vehicle crime,Offender fined,
3b85722e2af873dde771a3850a95bdba7d98a0cebe4a3f6432ba4374afc4b27c,2014-05,Cheshire Constabulary,Cheshire Constabulary,-2.511832,53.253818,On or near Anderton Grange,E01018703,Cheshire West and Chester 023F,Violence and sexual offences,Formal action is not in the public interest,
76fe7ca59bddfc626a0aebb3614ed20e162fd6da3e3596e2178fd859c34c4ad0,2014-05,Cheshire Constabulary,Cheshire Constabulary,-2.515213,53.250801,On or near Further/Higher Educational Building,E01018703,Cheshire West and Chester 023F,Violence and sexual offences,Under investigation,
3f494fde10f94e26b3cb2f2514dc4460bce62c1b674b7d8631e5d74838643aec,2014-05,Cheshire Constabulary,Cheshire Constabulary,-2.515213,53.250801,On or near Further/Higher Educational Building,E01018703,Cheshire West and Chester 023F,Violence and sexual offences,Under investigation,
,2014-05,Cheshire Constabulary,Cheshire Constabulary,-2.602378,53.239893,On or near Millgate,E01018676,Cheshire West and Chester 024A,Anti-social behaviour,,
,2014-05,Cheshire Constabulary,Cheshire Constabulary,-2.617646,53.245074,On or near Lawnsdale,E01018676,Cheshire West and Chester 024A,Anti-social behaviour,,
22382294628a80f72c33691b7930c4ca4754c188b2fdbd671f64cd4c883e1829,2014-05,Cheshire Constabulary,Cheshire Constabulary,-2.599242,53.241770,On or near Glebe Road,E01018676,Cheshire West and Chester 024A,Burglary,Awaiting court outcome,
16fb09acf71107a4d3a98044c92145ff7fa3193dcc4008edb7a233e1eb2a02b9,2014-05,Cheshire Constabulary,Cheshire Constabulary,-2.596424,53.248184,On or near A49,E01018676,Cheshire West and Chester 024A,Burglary,Under investigation,
93a48a61e8d7b3f32c442896c058b56e84653f103e26d4450fa70d2ca98388be,2014-05,Cheshire Constabulary,Cheshire Constabulary,-2.605333,53.243303,On or near Mill Lane,E01018676,Cheshire West and Chester 024A,Burglary,Under investigation,
25736452ef0c26c279b2a55c9add6703b851e3fd9353d84055e0572c58f7aeaf,2014-05,Cheshire Constabulary,Cheshire Constabulary,-2.600723,53.237286,On or near Valley Lane,E01018676,Cheshire West and Chester 024A,Violence and sexual offences,Unable to prosecute suspect,
5ad17c4bfe100bc2c62f45519a651482be74c0a1ac196431b40b2722781e5d45,2014-05,Cheshire Constabulary,Cheshire Constabulary,-2.617845,53.216227,On or near Tarporley Road,E01018677,Cheshire West and Chester 024B,Burglary,Investigation complete; no suspect identified,
ca33ed820bc46950f6925a5a4ba7f3bd62d59eb1ccd5348439b877cea5b5daef,2014-05,Cheshire Constabulary,Cheshire Constabulary,-2.655442,53.212889,On or near Abbey Lane,E01018677,Cheshire West and Chester 024B,Other theft,Investigation complete; no suspect identified,
e37a2a3fa2941780d477c91da96d9756eef9d3e81afcf71cda424a1bf322a6f8,2014-05,Cheshire Constabulary,Cheshire Constabulary,-2.628386,53.231453,On or near Stoneyford Lane,E01018677,Cheshire West and Chester 024B,Other theft,Investigation complete; no suspect identified,
b28bbc39ddc50a8ef22ab76fd82bbb270f6a49b30606458ee792db6a9be95cd6,2014-05,Cheshire Constabulary,Cheshire Constabulary,-2.617845,53.216227,On or near Tarporley Road,E01018677,Cheshire West and Chester 024B,Other theft,Investigation complete; no suspect identified,
,2014-05,Cheshire Constabulary,Cheshire Constabulary,-2.588665,53.232087,On or near Petrol Station,E01018678,Cheshire West and Chester 024C,Anti-social behaviour,,
768d788f4106340339217501470db9002282812bc5c84a890fbddd9dbc27937d,2014-05,Cheshire Constabulary,Cheshire Constabulary,-2.588665,53.232087,On or near Petrol Station,E01018678,Cheshire West and Chester 024C,Burglary,Investigation complete; no suspect identified,
,2014-05,Cheshire Constabulary,Cheshire Constabulary,-2.603822,53.228632,On or near Shopping Area,E01018679,Cheshire West and Chester 024D,Anti-social behaviour,,
,2014-05,Cheshire Constabulary,Cheshire Constabulary,-2.603809,53.231958,On or near Ash Road,E01018679,Cheshire West and Chester 024D,Anti-social behaviour,,
,2014-05,Cheshire Constabulary,Cheshire Constabulary,-2.599954,53.231618,On or near Foxhill Close,E01018679,Cheshire West and Chester 024D,Anti-social behaviour,,
,2014-05,Cheshire Constabulary,Cheshire Constabulary,-2.602603,53.230355,On or near Abbots Mere Close,E01018679,Cheshire West and Chester 024D,Anti-social behaviour,,
,2014-05,Cheshire Constabulary,Cheshire Constabulary,-2.609372,53.229152,On or near Petrol Station,E01018679,Cheshire West and Chester 024D,Anti-social behaviour,,
,2014-05,Cheshire Constabulary,Cheshire Constabulary,-2.602424,53.233583,On or near Boundary Lane North,E01018679,Cheshire West and Chester 024D,Anti-social behaviour,,
,2014-05,Cheshire Constabulary,Cheshire Constabulary,-2.602603,53.230355,On or near Abbots Mere Close,E01018679,Cheshire West and Chester 024D,Anti-social behaviour,,
,2014-05,Cheshire Constabulary,Cheshire Constabulary,-2.602603,53.230355,On or near Abbots Mere Close,E01018679,Cheshire West and Chester 024D,Anti-social behaviour,,
,2014-05,Cheshire Constabulary,Cheshire Constabulary,-2.600313,53.233692,On or near Fir Lane,E01018679,Cheshire West and Chester 024D,Anti-social behaviour,,
9dad281f6a62ec6e7baa66483f7d82d22a18ce80f0e958395be2cd61dbec2958,2014-05,Cheshire Constabulary,Cheshire Constabulary,-2.609372,53.229152,On or near Petrol Station,E01018679,Cheshire West and Chester 024D,Burglary,Under investigation,
1e0382cf1fefc8a90a3087c83d6c7989af056c6a25f74a294a0b5634f8db059c,2014-05,Cheshire Constabulary,Cheshire Constabulary,-2.603822,53.228632,On or near Shopping Area,E01018679,Cheshire West and Chester 024D,Burglary,Investigation complete; no suspect identified,
feeba6bab062d390c644f0457c947bd3e2310486d53a68abb13acdb7e8de2f33,2014-05,Cheshire Constabulary,Cheshire Constabulary,-2.603822,53.228632,On or near Shopping Area,E01018679,Cheshire West and Chester 024D,Criminal damage and arson,Under investigation,
380aca1b7ab67cfbe877b32a6f2f3f17cd0b28e5548715dfbae0a3335ac44842,2014-05,Cheshire Constabulary,Cheshire Constabulary,-2.603822,53.228632,On or near Shopping Area,E01018679,Cheshire West and Chester 024D,Criminal damage and arson,Under investigation,
af789f024f3f7544bec60323ca71669a9f9768effc78324dcdbe39828b2729e6,2014-05,Cheshire Constabulary,Cheshire Constabulary,-2.600640,53.231344,On or near Crowmere Close,E01018679,Cheshire West and Chester 024D,Criminal damage and arson,Investigation complete; no suspect identified,
6298e6c6d6c2cd44d51ddf40a84e8c6046caec8a8d5e37819a79fc06c1673e7a,2014-05,Cheshire Constabulary,Cheshire Constabulary,-2.609372,53.229152,On or near Petrol Station,E01018679,Cheshire West and Chester 024D,Other theft,Investigation complete; no suspect identified,
c9fbf51e26a4f3d94f0eb32b7bf794922743bb553dcd1340cd71c68c1188764e,2014-05,Cheshire Constabulary,Cheshire Constabulary,-2.600313,53.233692,On or near Fir Lane,E01018679,Cheshire West and Chester 024D,Violence and sexual offences,Under investigation,
,2014-05,Cheshire Constabulary,Cheshire Constabulary,-2.554565,53.219073,On or near Abbey Close,E01018692,Cheshire West and Chester 024E,Anti-social behaviour,,
5c230118b106277ad51373c4d292edc52fbfcb88d3acff56f96887bbbc99edc5,2014-05,Cheshire Constabulary,Cheshire Constabulary,-2.558552,53.241212,On or near Petrol Station,E01018692,Cheshire West and Chester 024E,Bicycle theft,Awaiting court outcome,
02ba217900f31962ee2d7cd7bff3b865a68b393b6521f848693e0a2b112bb3cd,2014-05,Cheshire Constabulary,Cheshire Constabulary,-2.574341,53.216247,On or near Dalefords Lane,E01018692,Cheshire West and Chester 024E,Burglary,Under investigation,
1ff222618e0d172b9530b8abd35dc4d13cd7a186184d2b8d48994d7d8052657d,2014-05,Cheshire Constabulary,Cheshire Constabulary,-2.561856,53.215452,On or near Cinder Hill,E01018692,Cheshire West and Chester 024E,Burglary,Under investigation,
33da55c8c5105aabe42f33157521639f1dfdf065f595c99d3764696ccff65438,2014-05,Cheshire Constabulary,Cheshire Constabulary,-2.555150,53.219160,On or near Sutton Field,E01018692,Cheshire West and Chester 024E,Violence and sexual offences,Under investigation,
,2014-05,Cheshire Constabulary,Cheshire Constabulary,-2.932002,53.248531,On or near A5117,E01018360,Cheshire West and Chester 025A,Anti-social behaviour,,
,2014-05,Cheshire Constabulary,Cheshire Constabulary,-2.932960,53.242276,On or near Coalpit Lane,E01018360,Cheshire West and Chester 025A,Anti-social behaviour,,
,2014-05,Cheshire Constabulary,Cheshire Constabulary,-2.908787,53.221653,On or near Park/Open Space,E01018360,Cheshire West and Chester 025A,Anti-social behaviour,,
,2014-05,Cheshire Constabulary,Cheshire Constabulary,-2.926251,53.223730,On or near Overwood Avenue,E01018360,Cheshire West and Chester 025A,Anti-social behaviour,,
,2014-05,Cheshire Constabulary,Cheshire Constabulary,-2.909805,53.254806,On or near Whitby Lane,E01018360,Cheshire West and Chester 025A,Anti-social behaviour,,
fe0d45ea3f68a0221c088ff5f60fe3f0ee10c51d54fcc6b6504616953ebedae0,2014-05,Cheshire Constabulary,Cheshire Constabulary,-2.921032,53.224831,On or near Home Park,E01018360,Cheshire West and Chester 025A,Burglary,Under investigation,
3ec23ea1d50e850b555b4e8040fa0136c2d93796e8f68d108e92191e55e51e05,2014-05,Cheshire Constabulary,Cheshire Constabulary,-2.956803,53.259121,On or near Rectory Lane,E01018360,Cheshire West and Chester 025A,Burglary,Investigation complete; no suspect identified,
9a6447a3958d2948229a3d8080003e4121c5cfdd26240b46deed98114d2ed85b,2014-05,Cheshire Constabulary,Cheshire Constabulary,-2.919263,53.230337,On or near Station Road,E01018360,Cheshire West and Chester 025A,Burglary,Under investigation,
bdb8f4bbf3de30ff572250b12fe0de810957a30be4d435adf9b97c5d987de37f,2014-05,Cheshire Constabulary,Cheshire Constabulary,-2.919547,53.218415,On or near Parkgate Road,E01018360,Cheshire West and Chester 025A,Criminal damage and arson,Awaiting court outcome,
34d39966ddfa8c3573b1c6f50879f68e9041ae22cd511da4b035cee4c17e5235,2014-05,Cheshire Constabulary,Cheshire Constabulary,-2.878384,53.230520,On or near Badgers Walk,E01018360,Cheshire West and Chester 025A,Criminal damage and arson,Investigation complete; no suspect identified,
ccb747bf1558f15442ff24ad5bee87b38720bc6c977516aa1e3e64a4ba94a611,2014-05,Cheshire Constabulary,Cheshire Constabulary,-2.975555,53.258421,On or near Parkgate Road,E01018360,Cheshire West and Chester 025A,Drugs,Offender given a drugs possession warning,
,2014-05,Cheshire Constabulary,Cheshire Constabulary,-2.957815,53.224568,On or near Aldersey Close,E01018366,Cheshire West and Chester 025B,Anti-social behaviour,,
,2014-05,Cheshire Constabulary,Cheshire Constabulary,-2.943720,53.214361,On or near Green Lane,E01018366,Cheshire West and Chester 025B,Anti-social behaviour,,
,2014-05,Cheshire Constabulary,Cheshire Constabulary,-2.952989,53.220427,On or near Haymakers Way,E01018366,Cheshire West and Chester 025B,Anti-social behaviour,,
,2014-05,Cheshire Constabulary,Cheshire Constabulary,-2.943720,53.214361,On or near Green Lane,E01018366,Cheshire West and Chester 025B,Anti-social behaviour,,
be3da50322099c595355c47062dad99ff33c2cadbe7917713e55ff53e2d8d7c9,2014-05,Cheshire Constabulary,Cheshire Constabulary,-2.956093,53.225939,On or near Church Road,E01018366,Cheshire West and Chester 025B,Shoplifting,Investigation complete; no suspect identified,
,2014-05,Cheshire Constabulary,Cheshire Constabulary,-2.950518,53.228528,On or near Kingston Court,E01018367,Cheshire West and Chester 025C,Anti-social behaviour,,
,2014-05,Cheshire Constabulary,Cheshire Constabulary,-2.955514,53.222150,On or near Meadows Lane,E01018367,Cheshire West and Chester 025C,Anti-social behaviour,,
,2014-05,Cheshire Constabulary,Cheshire Constabulary,-2.955514,53.222150,On or near Meadows Lane,E01018367,Cheshire West and Chester 025C,Anti-social behaviour,,
,2014-05,Cheshire Constabulary,Cheshire Constabulary,-2.948462,53.231771,On or near Long Lane,E01018367,Cheshire West and Chester 025C,Anti-social behaviour,,
,2014-05,Cheshire Constabulary,Cheshire Constabulary,-2.955156,53.228275,On or near Park Way,E01018367,Cheshire West and Chester 025C,Anti-social behaviour,,
4e9234a278adb56a98a8162e7338f4b3887e7a722dff8bdc3c45200124fd811b,2014-05,Cheshire Constabulary,Cheshire Constabulary,-2.976853,53.243668,On or near Woodbank Lane,E01018367,Cheshire West and Chester 025C,Burglary,Under investigation,
eb07bb0d5b7c650e1d043157f7089abea1eddb5ed683a7e7186296c6d8bd39ad,2014-05,Cheshire Constabulary,Cheshire Constabulary,-2.954075,53.229488,On or near Park Avenue,E01018367,Cheshire West and Chester 025C,Criminal damage and arson,Awaiting court outcome,
8f41fcf9ef8ab4b577bb0798563758381cb4f7186d816a56b34cb699ee90aa07,2014-05,Cheshire Constabulary,Cheshire Constabulary,-2.996790,53.271639,On or near Mudhouse Lane,E01018367,Cheshire West and Chester 025C,Other theft,Investigation complete; no suspect identified,
5008c13bda46f3aa088e19a540b917a0d57e6ce868e0ac17709b0000435c146f,2014-05,Cheshire Constabulary,Cheshire Constabulary,-2.996790,53.271639,On or near Mudhouse Lane,E01018367,Cheshire West and Chester 025C,Other theft,Investigation complete; no suspect identified,
e5457093e6e6a6bfd454d4a32250dae3f109bbebaaf76a2d80cc940befeed8dc,2014-05,Cheshire Constabulary,Cheshire Constabulary,-2.978367,53.258146,On or near Welsh Road,E01018367,Cheshire West and Chester 025C,Vehicle crime,Investigation complete; no suspect identified,
bcce271f316db4bdc652a4ecb23d6a9ede2aba74ea10b55a03a279366881c202,2014-05,Cheshire Constabulary,Cheshire Constabulary,-2.978367,53.258146,On or near Welsh Road,E01018367,Cheshire West and Chester 025C,Vehicle crime,Investigation complete; no suspect identified,
51710839bb379199340a1cb6c1baf0e923c5638d4a8de41a1d9644ae8010080a,2014-05,Cheshire Constabulary,Cheshire Constabulary,-2.952343,53.225727,On or near Greenway,E01018367,Cheshire West and Chester 025C,Violence and sexual offences,Unable to prosecute suspect,
5aa78a214e52e715fb452b28eec4714f9c22eba11ad420c77ab004b17d40b900,2014-05,Cheshire Constabulary,Cheshire Constabulary,-2.955156,53.228275,On or near Park Way,E01018367,Cheshire West and Chester 025C,Violence and sexual offences,Awaiting court outcome,
,2014-05,Cheshire Constabulary,Cheshire Constabulary,-2.468688,53.196934,On or near Middlewich Road,E01018680,Cheshire West and Chester 026A,Anti-social behaviour,,
,2014-05,Cheshire Constabulary,Cheshire Constabulary,-2.515286,53.223160,On or near Parking Area,E01018680,Cheshire West and Chester 026A,Anti-social behaviour,,
,2014-05,Cheshire Constabulary,Cheshire Constabulary,-2.455726,53.161792,On or near Forge Mill Lane,E01018680,Cheshire West and Chester 026A,Anti-social behaviour,,
4656805190717f985ca9ea8afdfcd99af3c39bb85be0793192b4bb8d078aacc6,2014-05,Cheshire Constabulary,Cheshire Constabulary,-2.505666,53.225385,On or near Mere Bank,E01018680,Cheshire West and Chester 026A,Other theft,Investigation complete; no suspect identified,
09511c4b880756e3777f832f77c84d55e0b3f0306ee0d8b2de8b870c8d502f7d,2014-05,Cheshire Constabulary,Cheshire Constabulary,-2.478376,53.225498,On or near Whatcroft Lane,E01018680,Cheshire West and Chester 026A,Violence and sexual offences,Awaiting court outcome,
,2014-05,Cheshire Constabulary,Cheshire Constabulary,-2.524187,53.233323,On or near Eaton Lane,E01018682,Cheshire West and Chester 026C,Anti-social behaviour,,
,2014-05,Cheshire Constabulary,Cheshire Constabulary,-2.517863,53.220811,On or near Barlow Road,E01018682,Cheshire West and Chester 026C,Anti-social behaviour,,
6811a63b3313bd79c002d861b2111bce97d1b73d247a629cabf44495ba6277c2,2014-05,Cheshire Constabulary,Cheshire Constabulary,-2.518545,53.222696,On or near Supermarket,E01018682,Cheshire West and Chester 026C,Shoplifting,Under investigation,
0d1ee85dc6a4577e28672f6ac4973bca653226de498eedc223783604ee5e2c9d,2014-05,Cheshire Constabulary,Cheshire Constabulary,-2.515537,53.232858,On or near Mount Pleasant Road,E01018682,Cheshire West and Chester 026C,Theft from the person,Investigation complete; no suspect identified,
,2014-05,Cheshire Constabulary,Cheshire Constabulary,-2.506549,53.236771,On or near Davenham Court,E01018683,Cheshire West and Chester 026D,Anti-social behaviour,,
,2014-05,Cheshire Constabulary,Cheshire Constabulary,-2.511594,53.233908,On or near Grovemount,E01018683,Cheshire West and Chester 026D,Anti-social behaviour,,
9b2aeb46c2b09e1a2d97940b1b5237336d867d100d4f8ac2526bf7f8df5e527c,2014-05,Cheshire Constabulary,Cheshire Constabulary,-2.510614,53.234578,On or near London Road,E01018683,Cheshire West and Chester 026D,Other theft,Awaiting court outcome,
,2014-05,Cheshire Constabulary,Cheshire Constabulary,-2.872244,53.206303,On or near Cambridge Road,E01018364,Cheshire West and Chester 027A,Anti-social behaviour,,
,2014-05,Cheshire Constabulary,Cheshire Constabulary,-2.871633,53.207152,On or near Kingsway,E01018364,Cheshire West and Chester 027A,Anti-social behaviour,,
525dd6969fbfcd36c6ba2973c5754697167fc4ec86a1a06388ff686a55917fe2,2014-05,Cheshire Constabulary,Cheshire Constabulary,-2.866835,53.206810,On or near Thirlmere Road,E01018364,Cheshire West and Chester 027A,Criminal damage and arson,Investigation complete; no suspect identified,
abb130f83d37154716c120ea2b8c8e1d6248512bb5a27b1c77978c709ac849fb,2014-05,Cheshire Constabulary,Cheshire Constabulary,-2.866835,53.206810,On or near Thirlmere Road,E01018364,Cheshire West and Chester 027A,Criminal damage and arson,Under investigation,
18762bd86b3e0259778cfb463ffb7df64eea379c598206f95af01f0ad5346658,2014-05,Cheshire Constabulary,Cheshire Constabulary,-2.871540,53.209203,On or near Coniston Road,E01018364,Cheshire West and Chester 027A,Vehicle crime,Investigation complete; no suspect identified,
,2014-05,Cheshire Constabulary,Cheshire Constabulary,-2.877735,53.205373,On or near Newton Lane,E01018365,Cheshire West and Chester 027B,Anti-social behaviour,,
,2014-05,Cheshire Constabulary,Cheshire Constabulary,-2.869114,53.212187,On or near The Beeches,E01018365,Cheshire West and Chester 027B,Anti-social behaviour,,
,2014-05,Cheshire Constabulary,Cheshire Constabulary,-2.874578,53.209882,On or near Newton Hall Court,E01018365,Cheshire West and Chester 027B,Anti-social behaviour,,
,2014-05,Cheshire Constabulary,Cheshire Constabulary,-2.869114,53.212187,On or near The Beeches,E01018365,Cheshire West and Chester 027B,Anti-social behaviour,,
db8fb44ed6a3e24ff8d0dd2fdbbd13f20d485e7f8a71cb53ae1f5fad715ab988,2014-05,Cheshire Constabulary,Cheshire Constabulary,-2.876891,53.207303,On or near Queensway,E01018365,Cheshire West and Chester 027B,Bicycle theft,Awaiting court outcome,
75a5b2a2d46a5dd1630325f1f250ae157b1066aac3c0cd7262e1202a08c20cdb,2014-05,Cheshire Constabulary,Cheshire Constabulary,-2.875871,53.204272,On or near Lime Wood Close,E01018365,Cheshire West and Chester 027B,Criminal damage and arson,Investigation complete; no suspect identified,
8a6139599a28a6607b8f5065e99b5bb5d49fc4fa18e40f43424441454c2cedd8,2014-05,Cheshire Constabulary,Cheshire Constabulary,-2.876891,53.207303,On or near Queensway,E01018365,Cheshire West and Chester 027B,Other theft,Investigation complete; no suspect identified,
fa461f24230936bace6ef2db40767d48c2d0f812c51e37f351c12b863833e374,2014-05,Cheshire Constabulary,Cheshire Constabulary,-2.866447,53.209123,On or near Ethelda Drive,E01018365,Cheshire West and Chester 027B,Vehicle crime,Investigation complete; no suspect identified,
,2014-05,Cheshire Constabulary,Cheshire Constabulary,-2.878373,53.214618,On or near Sports/Recreation Area,E01018378,Cheshire West and Chester 027C,Anti-social behaviour,,
,2014-05,Cheshire Constabulary,Cheshire Constabulary,-2.878697,53.217986,On or near Marl Heys,E01018378,Cheshire West and Chester 027C,Anti-social behaviour,,
,2014-05,Cheshire Constabulary,Cheshire Constabulary,-2.876872,53.211510,On or near Shocklach Road,E01018378,Cheshire West and Chester 027C,Anti-social behaviour,,
,2014-05,Cheshire Constabulary,Cheshire Constabulary,-2.876944,53.214305,On or near Peckforton Way,E01018378,Cheshire West and Chester 027C,Anti-social behaviour,,
6a2be8b5ed1fa56a9b6fdbf71ae1cfdcb2167fc48d7717b7356ed35cd2dd52f9,2014-05,Cheshire Constabulary,Cheshire Constabulary,-2.876944,53.214305,On or near Peckforton Way,E01018378,Cheshire West and Chester 027C,Bicycle theft,Investigation complete; no suspect identified,
379e0fe23acaf599bb2e40adbe4a798f9feac7fd88dd8d4185b073611f2a5ee7,2014-05,Cheshire Constabulary,Cheshire Constabulary,-2.877651,53.212250,On or near Newhall Court,E01018378,Cheshire West and Chester 027C,Criminal damage and arson,Investigation complete; no suspect identified,
5aa7336fb49022fc2a6ca910a3230685da84f4ec461a941f5585683926869d18,2014-05,Cheshire Constabulary,Cheshire Constabulary,-2.878373,53.214618,On or near Sports/Recreation Area,E01018378,Cheshire West and Chester 027C,Criminal damage and arson,Investigation complete; no suspect identified,
be21f86af7349a923346354a3b201bf7e149779dd7733112bbcbc8d3ca4354f5,2014-05,Cheshire Constabulary,Cheshire Constabulary,-2.877651,53.212250,On or near Newhall Court,E01018378,Cheshire West and Chester 027C,Other theft,Investigation complete; no suspect identified,
5ea23a93ed202f1256bb27046fd946a018ef2385145eed33b4c6c1a348eaacab,2014-05,Cheshire Constabulary,Cheshire Constabulary,-2.875375,53.215170,On or near Dorset Road,E01018378,Cheshire West and Chester 027C,Violence and sexual offences,Unable to prosecute suspect,
,2014-05,Cheshire Constabulary,Cheshire Constabulary,-2.883520,53.217286,On or near Heath Road,E01018379,Cheshire West and Chester 027D,Anti-social behaviour,,
a73dafa2cf39d3ae04efba1ad9e6755ac5c42a8c0412adbd84a1eab65fd50187,2014-05,Cheshire Constabulary,Cheshire Constabulary,-2.880844,53.215346,On or near Oulton Avenue,E01018379,Cheshire West and Chester 027D,Criminal damage and arson,Unable to prosecute suspect,
6741a3da69cca18e528a79bf57c041c1fda93950f168c323cb34422e42c1dcc7,2014-05,Cheshire Constabulary,Cheshire Constabulary,-2.879587,53.213180,On or near Cross Green,E01018379,Cheshire West and Chester 027D,Criminal damage and arson,Investigation complete; no suspect identified,
f108d891243399c04b2aa44be1d3d414ea0fc09861e2e9865aedc14368411ecd,2014-05,Cheshire Constabulary,Cheshire Constabulary,-2.880844,53.215346,On or near Oulton Avenue,E01018379,Cheshire West and Chester 027D,Shoplifting,Under investigation,
,2014-05,Cheshire Constabulary,Cheshire Constabulary,-2.872390,53.214221,On or near St James Avenue,E01018380,Cheshire West and Chester 027E,Anti-social behaviour,,
,2014-05,Cheshire Constabulary,Cheshire Constabulary,-2.874271,53.212455,On or near Chirk Close,E01018380,Cheshire West and Chester 027E,Anti-social behaviour,,
,2014-05,Cheshire Constabulary,Cheshire Constabulary,-2.872217,53.215292,On or near Woburn Drive,E01018380,Cheshire West and Chester 027E,Anti-social behaviour,,
b294843f57b841d3ef15a3a63fed9a6d2328b840f65f20a3b2fa8d752d6f6bb8,2014-05,Cheshire Constabulary,Cheshire Constabulary,-2.874068,53.213517,On or near Cotswold Close,E01018380,Cheshire West and Chester 027E,Other theft,Investigation complete; no suspect identified,
676828b5dbfe2aeefc23daab83a0f532268e9603f56cd9d1e153041da19b496a,2014-05,Cheshire Constabulary,Cheshire Constabulary,-2.875832,53.216300,On or near Woodlea Avenue,E01018380,Cheshire West and Chester 027E,Shoplifting,Offender given penalty notice,
506bdf037856725d21d666967e66124d3f76c82527571687d6223187be448e5f,2014-05,Cheshire Constabulary,Cheshire Constabulary,-2.872390,53.214221,On or near St James Avenue,E01018380,Cheshire West and Chester 027E,Violence and sexual offences,Unable to prosecute suspect,
,2014-05,Cheshire Constabulary,Cheshire Constabulary,-2.885823,53.201879,On or near Chesterton Court,E01018362,Cheshire West and Chester 028A,Anti-social behaviour,,
,2014-05,Cheshire Constabulary,Cheshire Constabulary,-2.880246,53.202235,On or near Woodlands Drive,E01018362,Cheshire West and Chester 028A,Anti-social behaviour,,
,2014-05,Cheshire Constabulary,Cheshire Constabulary,-2.887696,53.204858,On or near Dicksons Drive,E01018362,Cheshire West and Chester 028A,Anti-social behaviour,,
f20a3e5da48c55594cb0c9028843d9e6ad1dd418ff8c06b16036edcdd35890ec,2014-05,Cheshire Constabulary,Cheshire Constabulary,-2.885823,53.201879,On or near Chesterton Court,E01018362,Cheshire West and Chester 028A,Vehicle crime,Investigation complete; no suspect identified,
,2014-05,Cheshire Constabulary,Cheshire Constabulary,-2.889450,53.207156,On or near Bidston Close,E01018363,Cheshire West and Chester 028B,Anti-social behaviour,,
61bc2ad66cf1b1017adc134b1409fbf060ed4722468b9fe2bd8ec1861dc49ad2,2014-05,Cheshire Constabulary,Cheshire Constabulary,-2.880704,53.207050,On or near Well Lane,E01018363,Cheshire West and Chester 028B,Vehicle crime,Under investigation,
,2014-05,Cheshire Constabulary,Cheshire Constabulary,-2.892631,53.205307,On or near Lumley Road,E01018374,Cheshire West and Chester 028C,Anti-social behaviour,,
,2014-05,Cheshire Constabulary,Cheshire Constabulary,-2.884834,53.209815,On or near Upton Park,E01018374,Cheshire West and Chester 028C,Anti-social behaviour,,
fbe9b556f0ed8f1776cb6da03ff037c18069bb962503c15b27eb2ad1065e9706,2014-05,Cheshire Constabulary,Cheshire Constabulary,-2.898798,53.205261,On or near Gawer Park,E01018374,Cheshire West and Chester 028C,Burglary,Under investigation,
e8387c3d2aec129772340e686c2edf13e648893fa4a71115e51431e86ebde68c,2014-05,Cheshire Constabulary,Cheshire Constabulary,-2.900203,53.204414,On or near Parkgate Court,E01018374,Cheshire West and Chester 028C,Drugs,Offender given a drugs possession warning,
c5f905317f84b22a3f500e83af5aeda6907e1fa094b0565c7bdb1a3a5ab0ec3c,2014-05,Cheshire Constabulary,Cheshire Constabulary,-2.900203,53.204414,On or near Parkgate Court,E01018374,Cheshire West and Chester 028C,Drugs,Offender given a caution,
d6296d1d0939713eb4ca605ca4366c57dec8b5954aa4e0ac60b669f952aaa84c,2014-05,Cheshire Constabulary,Cheshire Constabulary,-2.900203,53.204414,On or near Parkgate Court,E01018374,Cheshire West and Chester 028C,Drugs,Offender given a drugs possession warning,
fe90894daa715d1952d5115d8d6b00d2112ec50d40aecfb77f2da5b2bbd32872,2014-05,Cheshire Constabulary,Cheshire Constabulary,-2.900203,53.204414,On or near Parkgate Court,E01018374,Cheshire West and Chester 028C,Drugs,Offender given a drugs possession warning,
8bf011a870713bd1df0c07d671927b90f738939fe81821c0cc695ac5525e19e8,2014-05,Cheshire Constabulary,Cheshire Constabulary,-2.892549,53.208580,On or near Supermarket,E01018374,Cheshire West and Chester 028C,Other theft,Investigation complete; no suspect identified,
0665e3cf2063ac708737387c3c3513747797fe6cb9ea5fe75fabf9ded88e9f6e,2014-05,Cheshire Constabulary,Cheshire Constabulary,-2.892549,53.208580,On or near Supermarket,E01018374,Cheshire West and Chester 028C,Other theft,Investigation complete; no suspect identified,
64b17101848faa224be59e70557b273a2ce2bc8063753c8c44f1cfd9dc03f3d8,2014-05,Cheshire Constabulary,Cheshire Constabulary,-2.892549,53.208580,On or near Supermarket,E01018374,Cheshire West and Chester 028C,Other theft,Investigation complete; no suspect identified,
db00f2763ea8708c0d506738e1eee035e13a77bcf4115847257a72f72e1b65c0,2014-05,Cheshire Constabulary,Cheshire Constabulary,-2.892549,53.208580,On or near Supermarket,E01018374,Cheshire West and Chester 028C,Other theft,Investigation complete; no suspect identified,
dd7f4238ed19331b3a4acf46cc74a9a520d303c75e9de214954caf0f7e9a9c15,2014-05,Cheshire Constabulary,Cheshire Constabulary,-2.895870,53.207719,On or near Bache Hall Court,E01018374,Cheshire West and Chester 028C,Robbery,Under investigation,
,2014-05,Cheshire Constabulary,Cheshire Constabulary,-2.891182,53.204023,On or near Churchward Close,E01018375,Cheshire West and Chester 028D,Anti-social behaviour,,
,2014-05,Cheshire Constabulary,Cheshire Constabulary,-2.892613,53.202988,On or near Waterloo Road,E01018375,Cheshire West and Chester 028D,Anti-social behaviour,,
4c8272edd7bc00d5c8681dd991bb7b7efbf256de68c8f6a59b3ee2f5231b0165,2014-05,Cheshire Constabulary,Cheshire Constabulary,-2.893507,53.201354,On or near Heathcote Close,E01018375,Cheshire West and Chester 028D,Bicycle theft,Under investigation,
ec8ab4ccb8fafe5dc4e8ebc6d8b10e699f16fa34e53f2ee5793ca2abb69de6a3,2014-05,Cheshire Constabulary,Cheshire Constabulary,-2.889353,53.203183,On or near Newry Park East,E01018375,Cheshire West and Chester 028D,Burglary,Investigation complete; no suspect identified,
995bb67828957df6038719eef39f0417d027df1a62bcd33fdbe33461fb4eab57,2014-05,Cheshire Constabulary,Cheshire Constabulary,-2.898538,53.202116,On or near Queensgate,E01018375,Cheshire West and Chester 028D,Burglary,Under investigation,
d153408d677ac3977fa320fdbc8679f80c6c59282875322b0343d716950eead6,2014-05,Cheshire Constabulary,Cheshire Constabulary,-2.892613,53.202988,On or near Waterloo Road,E01018375,Cheshire West and Chester 028D,Other theft,Investigation complete; no suspect identified,
b11c9fd410944af2fe09add68637cd569e97cc551f0bd79bb03f33e16fd961cf,2014-05,Cheshire Constabulary,Cheshire Constabulary,-2.890830,53.200790,On or near Heathfields Close,E01018375,Cheshire West and Chester 028D,Other theft,Under investigation,
c734928b9bbae2b10630bfc868769b1819f3db0d63d5b24c0ebee92c5c81da6c,2014-05,Cheshire Constabulary,Cheshire Constabulary,-2.898538,53.202116,On or near Queensgate,E01018375,Cheshire West and Chester 028D,Other theft,Under investigation,
e0bf59780db18e1d9523910c094b2898757ab669c1fcdca353d40927b390e000,2014-05,Cheshire Constabulary,Cheshire Constabulary,-2.892690,53.201675,On or near The Heywoods,E01018375,Cheshire West and Chester 028D,Vehicle crime,Investigation complete; no suspect identified,
68aeacc972018afb34971d4c224f9b5d97d97517f6c1ef27af8c31b13ac92585,2014-05,Cheshire Constabulary,Cheshire Constabulary,-2.890447,53.201054,On or near Brook Lane,E01018375,Cheshire West and Chester 028D,Vehicle crime,Investigation complete; no suspect identified,
30b3df062bd35097b7b9bfe0ecb1d8968085b49a12f2a7ba55044aeb04f8a839,2014-05,Cheshire Constabulary,Cheshire Constabulary,-2.894663,53.205103,On or near Abbot'S Drive,E01018375,Cheshire West and Chester 028D,Violence and sexual offences,Awaiting court outcome,
67435ff95bfd885216f71d5d8d3fbd7dc1ec09397bb132c6f03250803ff523d7,2014-05,Cheshire Constabulary,Cheshire Constabulary,-2.892613,53.202988,On or near Waterloo Road,E01018375,Cheshire West and Chester 028D,Violence and sexual offences,Unable to prosecute suspect,
,2014-05,Cheshire Constabulary,Cheshire Constabulary,-2.888124,53.219777,On or near Demage Lane,E01018376,Cheshire West and Chester 028E,Anti-social behaviour,,
,2014-05,Cheshire Constabulary,Cheshire Constabulary,-2.876878,53.222809,On or near Alwyn Gardens,E01018376,Cheshire West and Chester 028E,Anti-social behaviour,,
99b0e7b4ec2bf18e9a31313d068d7c42f3a9665bedca025a07adcc2474926bae,2014-05,Cheshire Constabulary,Cheshire Constabulary,-2.882224,53.219794,On or near Flag Lane South,E01018376,Cheshire West and Chester 028E,Burglary,Under investigation,
54e237101540cf794a5a3d72358d45971374ad452674a63070e8919aa4465edc,2014-05,Cheshire Constabulary,Cheshire Constabulary,-2.875877,53.225109,On or near Greenfields,E01018376,Cheshire West and Chester 028E,Burglary,Under investigation,
bcc35ed96b5362091cccc2d90bab7c0060fc1c850e80810a453639039fefee0a,2014-05,Cheshire Constabulary,Cheshire Constabulary,-2.886131,53.219711,On or near Willow Close,E01018376,Cheshire West and Chester 028E,Criminal damage and arson,Investigation complete; no suspect identified,
9866a042f9ddf1edb1991dd91d6bf19a0a7d483aaa810911505cd22bbf6adbbb,2014-05,Cheshire Constabulary,Cheshire Constabulary,-2.875877,53.225109,On or near Greenfields,E01018376,Cheshire West and Chester 028E,Other theft,Investigation complete; no suspect identified,
a9b30fe114aea5dc44175236fd3e252750d180be0030932b60135664069715db,2014-05,Cheshire Constabulary,Cheshire Constabulary,-2.879045,53.219620,On or near Long Lane,E01018376,Cheshire West and Chester 028E,Shoplifting,Investigation complete; no suspect identified,
e51ffa22e268f852229f7c74efb1679efd17f297920403c9f40fdef37cbfec0a,2014-05,Cheshire Constabulary,Cheshire Constabulary,-2.882224,53.219794,On or near Flag Lane South,E01018376,Cheshire West and Chester 028E,Theft from the person,Investigation complete; no suspect identified,
f45a82064f34c1bc39e959dfcc27fbf354da31702cdcaf4afb7c0dcc5f0389d8,2014-05,Cheshire Constabulary,Cheshire Constabulary,-2.882224,53.219794,On or near Flag Lane South,E01018376,Cheshire West and Chester 028E,Vehicle crime,Investigation complete; no suspect identified,
b0692cf62e75670bbf4847a6d9e128fb566f2f9bc057279b7fda0f971cf04bbe,2014-05,Cheshire Constabulary,Cheshire Constabulary,-2.878661,53.222832,On or near Caughall Road,E01018376,Cheshire West and Chester 028E,Vehicle crime,Investigation complete; no suspect identified,
,2014-05,Cheshire Constabulary,Cheshire Constabulary,-2.900222,53.212441,On or near Hospital,E01018377,Cheshire West and Chester 028F,Anti-social behaviour,,
,2014-05,Cheshire Constabulary,Cheshire Constabulary,-2.896920,53.214264,On or near Deva Lane,E01018377,Cheshire West and Chester 028F,Anti-social behaviour,,
,2014-05,Cheshire Constabulary,Cheshire Constabulary,-2.899530,53.214460,On or near Vivienne Smith Lane,E01018377,Cheshire West and Chester 028F,Anti-social behaviour,,
,2014-05,Cheshire Constabulary,Cheshire Constabulary,-2.900222,53.212441,On or near Hospital,E01018377,Cheshire West and Chester 028F,Anti-social behaviour,,
,2014-05,Cheshire Constabulary,Cheshire Constabulary,-2.900222,53.212441,On or near Hospital,E01018377,Cheshire West and Chester 028F,Anti-social behaviour,,
,2014-05,Cheshire Constabulary,Cheshire Constabulary,-2.898957,53.213529,On or near Upton Grange,E01018377,Cheshire West and Chester 028F,Anti-social behaviour,,
,2014-05,Cheshire Constabulary,Cheshire Constabulary,-2.900222,53.212441,On or near Hospital,E01018377,Cheshire West and Chester 028F,Anti-social behaviour,,
a61ba8598b99c9d489295c0b0aebc384c1737a25525dcdf469a4afa31e60eb4f,2014-05,Cheshire Constabulary,Cheshire Constabulary,-2.900222,53.212441,On or near Hospital,E01018377,Cheshire West and Chester 028F,Bicycle theft,Investigation complete; no suspect identified,
a699e9265aa92989787703eb2bf7468b72aa0a4386f464153d793fcbba634d72,2014-05,Cheshire Constabulary,Cheshire Constabulary,-2.894251,53.216963,On or near Linksway,E01018377,Cheshire West and Chester 028F,Burglary,Under investigation,
5a93ca1e4d55d089441ea442d895c902a9d34c8d0a922649ac186fc2587d27e0,2014-05,Cheshire Constabulary,Cheshire Constabulary,-2.900222,53.212441,On or near Hospital,E01018377,Cheshire West and Chester 028F,Criminal damage and arson,Unable to prosecute suspect,
ad39ac945dd48dadcf644f5c47335b2952e03e17f779c26fb8d56fc5b93fe208,2014-05,Cheshire Constabulary,Cheshire Constabulary,-2.900222,53.212441,On or near Hospital,E01018377,Cheshire West and Chester 028F,Other theft,Investigation complete; no suspect identified,
1f1d3452c9730f421a523f00c8d3d12f6b47c95ae2cba976318a704bcb8671ee,2014-05,Cheshire Constabulary,Cheshire Constabulary,-2.900222,53.212441,On or near Hospital,E01018377,Cheshire West and Chester 028F,Other theft,Investigation complete; no suspect identified,
2a439ac1854086c6b33a6c70e33a600105572c95565d24d2bb497c1deca0b013,2014-05,Cheshire Constabulary,Cheshire Constabulary,-2.900222,53.212441,On or near Hospital,E01018377,Cheshire West and Chester 028F,Other theft,Unable to prosecute suspect,
ab18afbb3b8a564f36991fe5bb6efd6195f071873ec9ac8478f913d0ffad3cc7,2014-05,Cheshire Constabulary,Cheshire Constabulary,-2.900222,53.212441,On or near Hospital,E01018377,Cheshire West and Chester 028F,Other theft,Under investigation,
e52f5ae505daf69a0331c719e71739649a3b5d32195ab6acfad3802514d44f54,2014-05,Cheshire Constabulary,Cheshire Constabulary,-2.900222,53.212441,On or near Hospital,E01018377,Cheshire West and Chester 028F,Possession of weapons,Awaiting court outcome,
5d1b89281e1302fb9e8139ca6ebd90cda9e08acfd30f9fc49e7c46c83df007eb,2014-05,Cheshire Constabulary,Cheshire Constabulary,-2.900222,53.212441,On or near Hospital,E01018377,Cheshire West and Chester 028F,Public order,Awaiting court outcome,
afa40f30306db209b661fa6621155ee4ef7cbacd3b21426043402ded4b51b1d5,2014-05,Cheshire Constabulary,Cheshire Constabulary,-2.900222,53.212441,On or near Hospital,E01018377,Cheshire West and Chester 028F,Public order,Awaiting court outcome,
160cad557bd09e00b74a47641b1429f6d2bc8cb503e38680439615bc425d08af,2014-05,Cheshire Constabulary,Cheshire Constabulary,-2.898957,53.213529,On or near Upton Grange,E01018377,Cheshire West and Chester 028F,Violence and sexual offences,Unable to prosecute suspect,
b4ff6a9b15e9eed3d5749de7b240b0bd394efa607e028a5a2a0c253466668bea,2014-05,Cheshire Constabulary,Cheshire Constabulary,-2.900222,53.212441,On or near Hospital,E01018377,Cheshire West and Chester 028F,Violence and sexual offences,Awaiting court outcome,
c1967cf4cde7dd25d522e9e36fc767ec707a3c8093b18e320e7a46c584e2b850,2014-05,Cheshire Constabulary,Cheshire Constabulary,-2.898957,53.213529,On or near Upton Grange,E01018377,Cheshire West and Chester 028F,Violence and sexual offences,Unable to prosecute suspect,
,2014-05,Cheshire Constabulary,Cheshire Constabulary,-2.926801,53.206898,On or near Jonathan'S Way,E01018309,Cheshire West and Chester 029A,Anti-social behaviour,,
,2014-05,Cheshire Constabulary,Cheshire Constabulary,-2.928442,53.209375,On or near Pulford Road,E01018309,Cheshire West and Chester 029A,Anti-social behaviour,,
,2014-05,Cheshire Constabulary,Cheshire Constabulary,-2.929890,53.209166,On or near Saughall Road,E01018309,Cheshire West and Chester 029A,Anti-social behaviour,,
57ebc92293916883d9ea6185502896ddd266c59a3688cc1c2ae8138452319c1b,2014-05,Cheshire Constabulary,Cheshire Constabulary,-2.927241,53.212710,On or near Hadrian Drive,E01018309,Cheshire West and Chester 029A,Burglary,Investigation complete; no suspect identified,
485aea4feb4ff52e2bc253fc169214eb9e9c395fc585a07b19a022fbb941fbcd,2014-05,Cheshire Constabulary,Cheshire Constabulary,-2.928986,53.207528,On or near Dentith Drive,E01018309,Cheshire West and Chester 029A,Vehicle crime,Investigation complete; no suspect identified,
bb2f8746912861c9da6799ef47dd3ddd58e7e561429e5999f9b39d580de03a33,2014-05,Cheshire Constabulary,Cheshire Constabulary,-2.930006,53.208284,On or near Naomi Close,E01018309,Cheshire West and Chester 029A,Vehicle crime,Investigation complete; no suspect identified,
a5149d68f8cc5f55d9efc9045a02627b0d6898f819450f19c94c38e8c5e306a6,2014-05,Cheshire Constabulary,Cheshire Constabulary,-2.928442,53.209375,On or near Pulford Road,E01018309,Cheshire West and Chester 029A,Vehicle crime,Investigation complete; no suspect identified,
fd0314263ffac98aa2ca540075e1e2c99fd8b5e021e85bec64403dc6294ce638,2014-05,Cheshire Constabulary,Cheshire Constabulary,-2.932263,53.208824,On or near Willow Drive,E01018309,Cheshire West and Chester 029A,Violence and sexual offences,Unable to prosecute suspect,
,2014-05,Cheshire Constabulary,Cheshire Constabulary,-2.909263,53.206646,On or near Further/Higher Educational Building,E01018310,Cheshire West and Chester 029B,Anti-social behaviour,,
,2014-05,Cheshire Constabulary,Cheshire Constabulary,-2.913949,53.208031,On or near Marlowe Close,E01018310,Cheshire West and Chester 029B,Anti-social behaviour,,
,2014-05,Cheshire Constabulary,Cheshire Constabulary,-2.913067,53.207372,On or near Wordsworth Mews,E01018310,Cheshire West and Chester 029B,Anti-social behaviour,,
b3f1e47d4c559ed862f8d3e6ec6bad4335c4dd3df847f96ac4e51421768a4b23,2014-05,Cheshire Constabulary,Cheshire Constabulary,-2.909263,53.206646,On or near Further/Higher Educational Building,E01018310,Cheshire West and Chester 029B,Bicycle theft,Under investigation,
74fd42728c4395189596413c5809081d2e3a48120d3ffc0eca40e57a0ee3fb7a,2014-05,Cheshire Constabulary,Cheshire Constabulary,-2.910203,53.208608,On or near Housman Close,E01018310,Cheshire West and Chester 029B,Burglary,Investigation complete; no suspect identified,
1be010bbf6e0ea4d6c817f6b94f8a350c4163042654ec5873f47c686ea67847c,2014-05,Cheshire Constabulary,Cheshire Constabulary,-2.913397,53.208835,On or near Tennyson Walk,E01018310,Cheshire West and Chester 029B,Criminal damage and arson,Awaiting court outcome,
2c44ae8d4a61384e0a1da519644467684f7c55f5a3052e4db3cdf631fe5eebae,2014-05,Cheshire Constabulary,Cheshire Constabulary,-2.909263,53.206646,On or near Further/Higher Educational Building,E01018310,Cheshire West and Chester 029B,Drugs,Offender given a caution,
fce17874fc9e065429e4e848ac57e19ab98c248ef2156c2b7c0c78e757702c29,2014-05,Cheshire Constabulary,Cheshire Constabulary,-2.912698,53.208337,On or near Wordsworth Crescent,E01018310,Cheshire West and Chester 029B,Drugs,Offender given a caution,
c0f45f8736f12c5e1b154c72f59ffb8c4ad9d7140611d94782cde22c5eb69fec,2014-05,Cheshire Constabulary,Cheshire Constabulary,-2.909263,53.206646,On or near Further/Higher Educational Building,E01018310,Cheshire West and Chester 029B,Drugs,Awaiting court outcome,
d78fa4f7feb12b4c5ab8ae55c9ceb85ddc39b508f691b8e4bda7dd017b0ab52a,2014-05,Cheshire Constabulary,Cheshire Constabulary,-2.909263,53.206646,On or near Further/Higher Educational Building,E01018310,Cheshire West and Chester 029B,Public order,Awaiting court outcome,
931e7de56c2c959518583e7417a0d7008892966d5cafae981c4eff8ee8ceb9e5,2014-05,Cheshire Constabulary,Cheshire Constabulary,-2.903412,53.203931,On or near A5480,E01018310,Cheshire West and Chester 029B,Shoplifting,Investigation complete; no suspect identified,
66a27953be60c4f0e39aeca764d53f576c95b1295be479547a381c9518c9c158,2014-05,Cheshire Constabulary,Cheshire Constabulary,-2.913949,53.208031,On or near Marlowe Close,E01018310,Cheshire West and Chester 029B,Violence and sexual offences,Under investigation,
90005f6a3f63291abf3efd237ca272c1228e25b5531c69785201c34f2e72dac3,2014-05,Cheshire Constabulary,Cheshire Constabulary,-2.912698,53.208337,On or near Wordsworth Crescent,E01018310,Cheshire West and Chester 029B,Violence and sexual offences,Unable to prosecute suspect,
f3c317b1bf07c0c3b299e205a60d34e82153cc079fa0129081f5122aa05daee6,2014-05,Cheshire Constabulary,Cheshire Constabulary,-2.913397,53.208835,On or near Tennyson Walk,E01018310,Cheshire West and Chester 029B,Violence and sexual offences,Under investigation,
3b7ca0c351bf642b85f231221af7446c87343e3860ab48618fb598a36b0a294d,2014-05,Cheshire Constabulary,Cheshire Constabulary,-2.909263,53.206646,On or near Further/Higher Educational Building,E01018310,Cheshire West and Chester 029B,Violence and sexual offences,Awaiting court outcome,
e033d3650c43a9227dfc5b622147afa51ea96ad3aa219d8df232179d4bfd466b,2014-05,Cheshire Constabulary,Cheshire Constabulary,-2.910203,53.208608,On or near Housman Close,E01018310,Cheshire West and Chester 029B,Violence and sexual offences,Unable to prosecute suspect,
,2014-05,Cheshire Constabulary,Cheshire Constabulary,-2.926046,53.208675,On or near Burton Road,E01018311,Cheshire West and Chester 029C,Anti-social behaviour,,
,2014-05,Cheshire Constabulary,Cheshire Constabulary,-2.922121,53.209253,On or near Lynwood Road,E01018311,Cheshire West and Chester 029C,Anti-social behaviour,,
,2014-05,Cheshire Constabulary,Cheshire Constabulary,-2.922121,53.209253,On or near Lynwood Road,E01018311,Cheshire West and Chester 029C,Anti-social behaviour,,
,2014-05,Cheshire Constabulary,Cheshire Constabulary,-2.924512,53.209747,On or near Norman Way,E01018311,Cheshire West and Chester 029C,Anti-social behaviour,,
,2014-05,Cheshire Constabulary,Cheshire Constabulary,-2.926046,53.208675,On or near Burton Road,E01018311,Cheshire West and Chester 029C,Anti-social behaviour,,
dacd5a68facdf07098b6709c7d959eb805995733c039a8e05f93c98021033c5f,2014-05,Cheshire Constabulary,Cheshire Constabulary,-2.923390,53.210493,On or near Harthill Road,E01018311,Cheshire West and Chester 029C,Burglary,Investigation complete; no suspect identified,
1d1d686c84f91028d5d181ad774383d3bc7f353a4978e27f96d9f88e08470add,2014-05,Cheshire Constabulary,Cheshire Constabulary,-2.924699,53.208676,On or near Sherwood Road,E01018311,Cheshire West and Chester 029C,Burglary,Under investigation,
947788e73dccb2b6b8722881d749f86dc96d99901406ce5569c3f55eb7b11972,2014-05,Cheshire Constabulary,Cheshire Constabulary,-2.921976,53.211601,On or near Byron Close,E01018311,Cheshire West and Chester 029C,Criminal damage and arson,Investigation complete; no suspect identified,
3d6282147bb4f72752df48fdc6dc2912dc3a0506315d1433979a2608d66dbb06,2014-05,Cheshire Constabulary,Cheshire Constabulary,-2.922121,53.209253,On or near Lynwood Road,E01018311,Cheshire West and Chester 029C,Other theft,Under investigation,
48a0e439f25cf319954ebc9a3471ef39262855a45494156bb0f3c415588392eb,2014-05,Cheshire Constabulary,Cheshire Constabulary,-2.925480,53.208113,On or near Parking Area,E01018311,Cheshire West and Chester 029C,Other theft,Under investigation,
323c87e7538952fbd86efb281af46e4b3916a58cc6454d3e015651230a87a078,2014-05,Cheshire Constabulary,Cheshire Constabulary,-2.926046,53.208675,On or near Burton Road,E01018311,Cheshire West and Chester 029C,Vehicle crime,Investigation complete; no suspect identified,
7d8baf06abf2d9437640b089241ddb09a8123eff12da4428fa6396bc98dadd81,2014-05,Cheshire Constabulary,Cheshire Constabulary,-2.923390,53.210493,On or near Harthill Road,E01018311,Cheshire West and Chester 029C,Vehicle crime,Investigation complete; no suspect identified,
8b918c847450029e12b96c7a87d97644596222429b5245d29d8957da710dc3db,2014-05,Cheshire Constabulary,Cheshire Constabulary,-2.924699,53.208676,On or near Sherwood Road,E01018311,Cheshire West and Chester 029C,Violence and sexual offences,Under investigation,
19a5e92ebfb95bcda3f645baf42647910f0b843cf496c37e6bae71cda2ea1264,2014-05,Cheshire Constabulary,Cheshire Constabulary,-2.924699,53.208676,On or near Sherwood Road,E01018311,Cheshire West and Chester 029C,Violence and sexual offences,Awaiting court outcome,
f6045939b75691ec60782d4d864323faf5470e1a1c6c7c09193307b7208a183c,2014-05,Cheshire Constabulary,Cheshire Constabulary,-2.924699,53.208676,On or near Sherwood Road,E01018311,Cheshire West and Chester 029C,Violence and sexual offences,Under investigation,
4ad8a4a5004497f981b90ffe56c38e6454b77bfc7d741d55698e18ae2a798363,2014-05,Cheshire Constabulary,Cheshire Constabulary,-2.919680,53.205775,On or near Durham Road,E01018311,Cheshire West and Chester 029C,Violence and sexual offences,Awaiting court outcome,
87f7f760b6c55ef0521fc953227ff8d8602ab3ca662ba8b6c6c2a233a85355cd,2014-05,Cheshire Constabulary,Cheshire Constabulary,-2.924699,53.208676,On or near Sherwood Road,E01018311,Cheshire West and Chester 029C,Violence and sexual offences,Under investigation,
8c0a13991f82f0e61d0c2505dbd6f2ad67d491527a847c75e03a0821b66c20ed,2014-05,Cheshire Constabulary,Cheshire Constabulary,-2.919680,53.205775,On or near Durham Road,E01018311,Cheshire West and Chester 029C,Violence and sexual offences,Unable to prosecute suspect,
,2014-05,Cheshire Constabulary,Cheshire Constabulary,-2.922509,53.208513,On or near Brentwood Road,E01018312,Cheshire West and Chester 029D,Anti-social behaviour,,
,2014-05,Cheshire Constabulary,Cheshire Constabulary,-2.920828,53.209003,On or near Crabwall Place,E01018312,Cheshire West and Chester 029D,Anti-social behaviour,,
,2014-05,Cheshire Constabulary,Cheshire Constabulary,-2.920828,53.209003,On or near Crabwall Place,E01018312,Cheshire West and Chester 029D,Anti-social behaviour,,
a9abc1446e7d2dc90661bd8d5727bd3eef7e8cdd6ee692573a0434740bb719c6,2014-05,Cheshire Constabulary,Cheshire Constabulary,-2.914764,53.206928,On or near Blacon Avenue,E01018312,Cheshire West and Chester 029D,Criminal damage and arson,Unable to prosecute suspect,
44fb8c6caf69d9f882bc945c3b54604836893d87b24766951b05e0c296630fe6,2014-05,Cheshire Constabulary,Cheshire Constabulary,-2.920285,53.206733,On or near Lincoln Road,E01018312,Cheshire West and Chester 029D,Other theft,Under investigation,
1f9e3b996c6c8b3a1e3e2217ed1f161a24ee3845b8d369f6da4f5776019da121,2014-05,Cheshire Constabulary,Cheshire Constabulary,-2.919782,53.210521,On or near Barnes Close,E01018312,Cheshire West and Chester 029D,Other theft,Investigation complete; no suspect identified,
2c94fc2e94de82c967bbaa449f1b4d07ab5158c7560473da899ea695c1470b04,2014-05,Cheshire Constabulary,Cheshire Constabulary,-2.917697,53.208964,On or near Kipling Road,E01018312,Cheshire West and Chester 029D,Public order,Under investigation,
827272755a773cd54a7d5817b51133cb90f1146b26649fc2986c92aa137ff2f1,2014-05,Cheshire Constabulary,Cheshire Constabulary,-2.922509,53.208513,On or near Brentwood Road,E01018312,Cheshire West and Chester 029D,Violence and sexual offences,Awaiting court outcome,
370751593d81d488146e4b3fa54d0c7e6bf67ccaa05b41e5bf2de83eb7dfa779,2014-05,Cheshire Constabulary,Cheshire Constabulary,-2.917697,53.208964,On or near Kipling Road,E01018312,Cheshire West and Chester 029D,Violence and sexual offences,Under investigation,
6b8a6b5ac2dd675275777f227b984f26a85e80db5c522289f83e282aa03896f4,2014-05,Cheshire Constabulary,Cheshire Constabulary,-2.920828,53.209003,On or near Crabwall Place,E01018312,Cheshire West and Chester 029D,Other crime,Under investigation,
,2014-05,Cheshire Constabulary,Cheshire Constabulary,-2.716441,53.204376,On or near Rookery Close,E01018349,Cheshire West and Chester 030A,Anti-social behaviour,,
0472a5a86c6b5b019273d9a9a084f7a32e15841bafd0f9b41730213657129936,2014-05,Cheshire Constabulary,Cheshire Constabulary,-2.716441,53.204376,On or near Rookery Close,E01018349,Cheshire West and Chester 030A,Other theft,Investigation complete; no suspect identified,
7aeaa00e60a8a72fae5c7c3a0a86148b4545510cf6ca38b422ef8d2d7fc51617,2014-05,Cheshire Constabulary,Cheshire Constabulary,-2.717294,53.205287,On or near Flat Lane,E01018349,Cheshire West and Chester 030A,Vehicle crime,Investigation complete; no suspect identified,
,2014-05,Cheshire Constabulary,Cheshire Constabulary,-2.714270,53.205296,On or near Hallows Close,E01018350,Cheshire West and Chester 030B,Anti-social behaviour,,
0fb38f091c140ae3e17c6af246e33692a100a0203a706c61c4aeebd61ff53207,2014-05,Cheshire Constabulary,Cheshire Constabulary,-2.714270,53.205296,On or near Hallows Close,E01018350,Cheshire West and Chester 030B,Other theft,Investigation complete; no suspect identified,
3a0ebfddd1fc3fb02c537413f2cfc20bc43dc00b3a6fdcf6711f3a20b67c4752,2014-05,Cheshire Constabulary,Cheshire Constabulary,-2.715855,53.208775,On or near Chester Road,E01018350,Cheshire West and Chester 030B,Other theft,Under investigation,
518e2ec05c70d04ce845e5e28fd0f4266bf4e4f59b71d0335773ee63e3b60f6d,2014-05,Cheshire Constabulary,Cheshire Constabulary,-2.714270,53.205296,On or near Hallows Close,E01018350,Cheshire West and Chester 030B,Other theft,Investigation complete; no suspect identified,
8910b8ca2ce8bda89e170acf34b1b94fb9e1362e977928de4777fa4ddf79e7b4,2014-05,Cheshire Constabulary,Cheshire Constabulary,-2.714270,53.205296,On or near Hallows Close,E01018350,Cheshire West and Chester 030B,Other theft,Investigation complete; no suspect identified,
36498f0fe470c65ef57dd46812e380e201afc763aeb33b87652a46eff6c49928,2014-05,Cheshire Constabulary,Cheshire Constabulary,-2.705855,53.210722,On or near Swallow Drive,E01018350,Cheshire West and Chester 030B,Other theft,Under investigation,
16d32547f908cfd78a0cb9a4a90753ef552d70a4420e727d9c20bcf4871472ee,2014-05,Cheshire Constabulary,Cheshire Constabulary,-2.714270,53.205296,On or near Hallows Close,E01018350,Cheshire West and Chester 030B,Theft from the person,Investigation complete; no suspect identified,
036ab14a1c08626d1092d6aba24238912e901222123daa20924580e0fca9abf2,2014-05,Cheshire Constabulary,Cheshire Constabulary,-2.715855,53.208775,On or near Chester Road,E01018350,Cheshire West and Chester 030B,Violence and sexual offences,Under investigation,
,2014-05,Cheshire Constabulary,Cheshire Constabulary,-2.762290,53.198014,On or near Arden Close,E01018368,Cheshire West and Chester 030C,Anti-social behaviour,,
861349e6adc9d0f239c93995dc3accb234581a958042680cbc1c92983fbdba4a,2014-05,Cheshire Constabulary,Cheshire Constabulary,-2.716942,53.192237,On or near Park/Open Space,E01018370,Cheshire West and Chester 030D,Burglary,Under investigation,
dbb7d8a2d2bd6f9b8a20ea421c5cb029ecf1a7f7403b3f755c9193ff7b186f9c,2014-05,Cheshire Constabulary,Cheshire Constabulary,-2.767504,53.195761,On or near Field Lane,E01018370,Cheshire West and Chester 030D,Burglary,Investigation complete; no suspect identified,
6e602a108b66757437c23bd25d8bbff78aa707b0e7591a7381bf798ee67e1235,2014-05,Cheshire Constabulary,Cheshire Constabulary,-2.704316,53.195360,On or near Lilac Close,E01018370,Cheshire West and Chester 030D,Violence and sexual offences,Under investigation,
,2014-05,Cheshire Constabulary,Cheshire Constabulary,-2.940496,53.203905,On or near Overwood Lane,E01018313,Cheshire West and Chester 031A,Anti-social behaviour,,
,2014-05,Cheshire Constabulary,Cheshire Constabulary,-2.937050,53.206548,On or near Wavertree Road,E01018313,Cheshire West and Chester 031A,Anti-social behaviour,,
,2014-05,Cheshire Constabulary,Cheshire Constabulary,-2.931726,53.204756,On or near Cairns Crescent,E01018313,Cheshire West and Chester 031A,Anti-social behaviour,,
70b2d0b1230ae7b64366edb73b23c15cf9afbee5811953d860d0f2047e5bc9a3,2014-05,Cheshire Constabulary,Cheshire Constabulary,-2.939666,53.202950,On or near Wyndham Road,E01018313,Cheshire West and Chester 031A,Criminal damage and arson,Investigation complete; no suspect identified,
e4cbe7bab62fc5d2d830e07175293290de642dbfad20ce03b846538166d8beda,2014-05,Cheshire Constabulary,Cheshire Constabulary,-2.932481,53.205766,On or near Ashfield Crescent,E01018313,Cheshire West and Chester 031A,Vehicle crime,Investigation complete; no suspect identified,
,2014-05,Cheshire Constabulary,Cheshire Constabulary,-2.933345,53.204186,On or near Melbourne Road,E01018314,Cheshire West and Chester 031B,Anti-social behaviour,,
,2014-05,Cheshire Constabulary,Cheshire Constabulary,-2.928961,53.202890,On or near Lloyd Place,E01018314,Cheshire West and Chester 031B,Anti-social behaviour,,
,2014-05,Cheshire Constabulary,Cheshire Constabulary,-2.934156,53.201537,On or near Maitland Way,E01018314,Cheshire West and Chester 031B,Anti-social behaviour,,
68aa0184800a44fffb754fbd835a2d2238de3adfaee3d1a3e4c2c0f2c40310bb,2014-05,Cheshire Constabulary,Cheshire Constabulary,-2.938207,53.201945,On or near Wyndham Road,E01018314,Cheshire West and Chester 031B,Criminal damage and arson,Investigation complete; no suspect identified,
d98b0479bdbb565670c1710c91099de5d750e26d58d2e33fd00a9ae064297cf8,2014-05,Cheshire Constabulary,Cheshire Constabulary,-2.937153,53.201657,On or near Darwin Road,E01018314,Cheshire West and Chester 031B,Criminal damage and arson,Investigation complete; no suspect identified,
8b6044e493b7c6f743176fab155a5736c1359de184807e56dcf831e52263be62,2014-05,Cheshire Constabulary,Cheshire Constabulary,-2.934575,53.200149,On or near Nevin Road,E01018314,Cheshire West and Chester 031B,Criminal damage and arson,Investigation complete; no suspect identified,
6bdb821c539a528eef9d8714caa8f484d3357b54afc5f593b5309dede3a45594,2014-05,Cheshire Constabulary,Cheshire Constabulary,-2.934156,53.201537,On or near Maitland Way,E01018314,Cheshire West and Chester 031B,Shoplifting,Under investigation,
7515e704d211763aaa8177f6135418dce107f5f40565c809af90ac515e8b896d,2014-05,Cheshire Constabulary,Cheshire Constabulary,-2.934156,53.201537,On or near Maitland Way,E01018314,Cheshire West and Chester 031B,Shoplifting,Investigation complete; no suspect identified,
ebf3a8c214fa376a613ec1278a693bbbfcb28c602b0ac41a498b2185d5dc2285,2014-05,Cheshire Constabulary,Cheshire Constabulary,-2.934156,53.201537,On or near Maitland Way,E01018314,Cheshire West and Chester 031B,Shoplifting,Under investigation,
e0b6121066f9800802f1762899e661cb5da9d5c3639525a769bd583e232142b4,2014-05,Cheshire Constabulary,Cheshire Constabulary,-2.934156,53.201537,On or near Maitland Way,E01018314,Cheshire West and Chester 031B,Shoplifting,Under investigation,
,2014-05,Cheshire Constabulary,Cheshire Constabulary,-2.925585,53.203959,On or near Hillside Road,E01018315,Cheshire West and Chester 031C,Anti-social behaviour,,
,2014-05,Cheshire Constabulary,Cheshire Constabulary,-2.920322,53.204970,On or near Church Hall Close,E01018315,Cheshire West and Chester 031C,Anti-social behaviour,,
,2014-05,Cheshire Constabulary,Cheshire Constabulary,-2.925087,53.205149,On or near Cedar Mews,E01018315,Cheshire West and Chester 031C,Anti-social behaviour,,
,2014-05,Cheshire Constabulary,Cheshire Constabulary,-2.919895,53.201792,On or near Sports/Recreation Area,E01018315,Cheshire West and Chester 031C,Anti-social behaviour,,
,2014-05,Cheshire Constabulary,Cheshire Constabulary,-2.921295,53.203588,On or near South Way,E01018315,Cheshire West and Chester 031C,Anti-social behaviour,,
bd2dc5d8d821b4a5be508b6f01c84e2d9fdf75ce1ae54ee3ce46ca6dd378e9eb,2014-05,Cheshire Constabulary,Cheshire Constabulary,-2.928624,53.205994,On or near Highfield Road,E01018315,Cheshire West and Chester 031C,Vehicle crime,Investigation complete; no suspect identified,
39ae851006dd82f31639f0d704f8f6db20e047c0cb8e08cc37c45f1d7f1e0056,2014-05,Cheshire Constabulary,Cheshire Constabulary,-2.915047,53.203330,On or near St Chad'S Road,E01018315,Cheshire West and Chester 031C,Vehicle crime,Investigation complete; no suspect identified,
4a7fab5462df9965f8fc8bf8238b980220e3757ebd70d8cc321b241248ec372e,2014-05,Cheshire Constabulary,Cheshire Constabulary,-2.928624,53.205994,On or near Highfield Road,E01018315,Cheshire West and Chester 031C,Other crime,Under investigation,
,2014-05,Cheshire Constabulary,Cheshire Constabulary,-2.925228,53.199170,On or near Clifton Drive,E01018316,Cheshire West and Chester 031D,Anti-social behaviour,,
,2014-05,Cheshire Constabulary,Cheshire Constabulary,-2.924455,53.200129,On or near Stubbs Place,E01018316,Cheshire West and Chester 031D,Anti-social behaviour,,
834f12d953016364dbae94391195384e2d53c28f65622b7b3d8fad89e6986980,2014-05,Cheshire Constabulary,Cheshire Constabulary,-2.926421,53.202460,On or near Walton Place,E01018316,Cheshire West and Chester 031D,Criminal damage and arson,Investigation complete; no suspect identified,
04b9ce6e03f528a996a20feab5796416ec7efaf80649f5553400b5e4f1728319,2014-05,Cheshire Constabulary,Cheshire Constabulary,-2.925228,53.199170,On or near Clifton Drive,E01018316,Cheshire West and Chester 031D,Criminal damage and arson,Under investigation,
cc53d7fbff1827e6eae76cba078d6c15a93aed5b8696384fc381479fc7d9a617,2014-05,Cheshire Constabulary,Cheshire Constabulary,-2.924374,53.202656,On or near Sumner Road,E01018316,Cheshire West and Chester 031D,Criminal damage and arson,Unable to prosecute suspect,
1c8ada1f41bbfb154e6dd3c6332cc68bb5d8be39c0eced28f31a788720043a81,2014-05,Cheshire Constabulary,Cheshire Constabulary,-2.923196,53.200750,On or near Cotes Place,E01018316,Cheshire West and Chester 031D,Other theft,Under investigation,
1019997e3663f7656259a6365ebdc255f210f158a930849362fcea3fc157890a,2014-05,Cheshire Constabulary,Cheshire Constabulary,-2.926421,53.202460,On or near Walton Place,E01018316,Cheshire West and Chester 031D,Violence and sexual offences,Offender given a caution,
afbb5ecb66cba88c2b87e0aac38d7f11df116611fb48cf1edcd6161fd01809d6,2014-05,Cheshire Constabulary,Cheshire Constabulary,-2.926299,53.201652,On or near Stratford Road,E01018316,Cheshire West and Chester 031D,Violence and sexual offences,Under investigation,
,2014-05,Cheshire Constabulary,Cheshire Constabulary,-2.931439,53.200524,On or near Carmel Close,E01018317,Cheshire West and Chester 031E,Anti-social behaviour,,
,2014-05,Cheshire Constabulary,Cheshire Constabulary,-2.934277,53.199513,On or near Penmon Close,E01018317,Cheshire West and Chester 031E,Anti-social behaviour,,
,2014-05,Cheshire Constabulary,Cheshire Constabulary,-2.936227,53.199013,On or near Conway Grove,E01018317,Cheshire West and Chester 031E,Anti-social behaviour,,
,2014-05,Cheshire Constabulary,Cheshire Constabulary,-2.932986,53.197267,On or near Tregele Close,E01018317,Cheshire West and Chester 031E,Anti-social behaviour,,
,2014-05,Cheshire Constabulary,Cheshire Constabulary,-2.936227,53.199013,On or near Conway Grove,E01018317,Cheshire West and Chester 031E,Anti-social behaviour,,
,2014-05,Cheshire Constabulary,Cheshire Constabulary,-2.936227,53.199013,On or near Conway Grove,E01018317,Cheshire West and Chester 031E,Anti-social behaviour,,
30a365c69c505040300bef4da221527ee2954386d5c9a02f2313c8779954b77c,2014-05,Cheshire Constabulary,Cheshire Constabulary,-2.931439,53.200524,On or near Carmel Close,E01018317,Cheshire West and Chester 031E,Burglary,Investigation complete; no suspect identified,
d39aa9815ae2d4e52a87e1c7aa3bf9fa1584f444b672a878a041f16aabe38cae,2014-05,Cheshire Constabulary,Cheshire Constabulary,-2.931439,53.200524,On or near Carmel Close,E01018317,Cheshire West and Chester 031E,Criminal damage and arson,Investigation complete; no suspect identified,
0df2b82398009bf3a47e9a389a300362db569b88be872b9e2c2c109a3bbd749f,2014-05,Cheshire Constabulary,Cheshire Constabulary,-2.934277,53.199513,On or near Penmon Close,E01018317,Cheshire West and Chester 031E,Criminal damage and arson,Investigation complete; no suspect identified,
22eb042529c41eee661a3d37c7a90dd7fdfbe98fa1ac07259041f0e6418c2a7a,2014-05,Cheshire Constabulary,Cheshire Constabulary,-2.931439,53.200524,On or near Carmel Close,E01018317,Cheshire West and Chester 031E,Violence and sexual offences,Awaiting court outcome,
58d9c9b61ff7724097c876f50a401ed6d41882e825039e0656604f7a07cbfea3,2014-05,Cheshire Constabulary,Cheshire Constabulary,-2.932986,53.197267,On or near Tregele Close,E01018317,Cheshire West and Chester 031E,Violence and sexual offences,Unable to prosecute suspect,
,2014-05,Cheshire Constabulary,Cheshire Constabulary,-2.867906,53.200582,On or near Canadian Avenue,E01018345,Cheshire West and Chester 032A,Anti-social behaviour,,
,2014-05,Cheshire Constabulary,Cheshire Constabulary,-2.858485,53.201845,On or near Cedar Drive,E01018345,Cheshire West and Chester 032A,Anti-social behaviour,,
2111361fa418c8839ab905d281522a113b27018b46040ce70f7a71194072cc2e,2014-05,Cheshire Constabulary,Cheshire Constabulary,-2.858485,53.201845,On or near Cedar Drive,E01018345,Cheshire West and Chester 032A,Burglary,Under investigation,
aaec5f4e48dc8e044761aac3adbdfb56a3daa21417c487c679ee0f4fb06164ba,2014-05,Cheshire Constabulary,Cheshire Constabulary,-2.858485,53.201845,On or near Cedar Drive,E01018345,Cheshire West and Chester 032A,Criminal damage and arson,Under investigation,
dd3cc401439245473e5c142066c4b6ad908ea516f19b5113a9970cb1bf60919f,2014-05,Cheshire Constabulary,Cheshire Constabulary,-2.858485,53.201845,On or near Cedar Drive,E01018345,Cheshire West and Chester 032A,Violence and sexual offences,Under investigation,
,2014-05,Cheshire Constabulary,Cheshire Constabulary,-2.870975,53.202780,On or near Leahurst Close,E01018346,Cheshire West and Chester 032B,Anti-social behaviour,,
8b1817e78986979b3082a33c86bf03f83f3e22c30267e7ab0b81a0c9fd0e2760,2014-05,Cheshire Constabulary,Cheshire Constabulary,-2.873347,53.202367,On or near Shavington Avenue,E01018346,Cheshire West and Chester 032B,Drugs,Offender given a drugs possession warning,
ecc97f8422d233a919f72e90b62127a71b85e8921df5ef27f77a3bc6a559e127,2014-05,Cheshire Constabulary,Cheshire Constabulary,-2.870975,53.202780,On or near Leahurst Close,E01018346,Cheshire West and Chester 032B,Drugs,Under investigation,
eed2d3a0009aa4b8b5dbfb16297edcbd29307e9c27cc9e8c26368e58a8049120,2014-05,Cheshire Constabulary,Cheshire Constabulary,-2.870975,53.202780,On or near Leahurst Close,E01018346,Cheshire West and Chester 032B,Drugs,Offender given a drugs possession warning,
e11e9b34815523a596dce9c42bb4c10867fe4c539820691ed307d643f68929f8,2014-05,Cheshire Constabulary,Cheshire Constabulary,-2.870975,53.202780,On or near Leahurst Close,E01018346,Cheshire West and Chester 032B,Drugs,Offender given a drugs possession warning,
c016e7157a3495674476679b28941d13c279271a1452b13ccfb2ba2422e0a201,2014-05,Cheshire Constabulary,Cheshire Constabulary,-2.870975,53.202780,On or near Leahurst Close,E01018346,Cheshire West and Chester 032B,Other theft,Investigation complete; no suspect identified,
,2014-05,Cheshire Constabulary,Cheshire Constabulary,-2.861555,53.202641,On or near Pine Grove,E01018347,Cheshire West and Chester 032C,Anti-social behaviour,,
,2014-05,Cheshire Constabulary,Cheshire Constabulary,-2.862543,53.205610,On or near Willow Crescent,E01018347,Cheshire West and Chester 032C,Anti-social behaviour,,
,2014-05,Cheshire Constabulary,Cheshire Constabulary,-2.857510,53.203219,On or near Alder Grove,E01018347,Cheshire West and Chester 032C,Anti-social behaviour,,
,2014-05,Cheshire Constabulary,Cheshire Constabulary,-2.859716,53.203473,On or near Cedar Grove,E01018347,Cheshire West and Chester 032C,Anti-social behaviour,,
b9ada934f27f82d030fc03898de8979605d5163c5a31bf04d8a9cccaa345a585,2014-05,Cheshire Constabulary,Cheshire Constabulary,-2.861555,53.202641,On or near Pine Grove,E01018347,Cheshire West and Chester 032C,Burglary,Under investigation,
349c3a03a93a85cb582c71d4b351ff298ced52dc043a043a160199c69cc68f69,2014-05,Cheshire Constabulary,Cheshire Constabulary,-2.861555,53.202641,On or near Pine Grove,E01018347,Cheshire West and Chester 032C,Other theft,Investigation complete; no suspect identified,
b4d14d3fa7091f91c51b94692a3f971e7a16be1d44b5cc47694b10e06dd4bee5,2014-05,Cheshire Constabulary,Cheshire Constabulary,-2.857510,53.203219,On or near Alder Grove,E01018347,Cheshire West and Chester 032C,Public order,Under investigation,
eb45c5d7d88a86f21804d1d539a52e77074f1d073f8f6375ac980c07b4315663,2014-05,Cheshire Constabulary,Cheshire Constabulary,-2.861313,53.204720,On or near Willow Grove,E01018347,Cheshire West and Chester 032C,Vehicle crime,Investigation complete; no suspect identified,
d403758cc14b28203bfa199e5ffbc7c509b46e29999acc36f6992bed6ec4676f,2014-05,Cheshire Constabulary,Cheshire Constabulary,-2.859716,53.203473,On or near Cedar Grove,E01018347,Cheshire West and Chester 032C,Violence and sexual offences,Unable to prosecute suspect,
,2014-05,Cheshire Constabulary,Cheshire Constabulary,-2.857418,53.194887,On or near Cambrian Avenue,E01018383,Cheshire West and Chester 032D,Anti-social behaviour,,
,2014-05,Cheshire Constabulary,Cheshire Constabulary,-2.857418,53.194887,On or near Cambrian Avenue,E01018383,Cheshire West and Chester 032D,Anti-social behaviour,,
013f91796e3cccfef44ed38ef576dd2f4bb332f3e5717546fe0c333dbfc42141,2014-05,Cheshire Constabulary,Cheshire Constabulary,-2.858471,53.196650,On or near Regents Close,E01018383,Cheshire West and Chester 032D,Other theft,Under investigation,
f8201d67f97b2fbf1bf42ad995427bd243906d3f254767bf36cebc1167158d25,2014-05,Cheshire Constabulary,Cheshire Constabulary,-2.858471,53.196650,On or near Regents Close,E01018383,Cheshire West and Chester 032D,Other theft,Under investigation,
e00760dc8cb3fdffd204fec1d62becc375492d0183c274d91d749220615e8dee,2014-05,Cheshire Constabulary,Cheshire Constabulary,-2.862350,53.197476,On or near Elgin Close,E01018383,Cheshire West and Chester 032D,Vehicle crime,Investigation complete; no suspect identified,
,2014-05,Cheshire Constabulary,Cheshire Constabulary,-2.852445,53.195444,On or near Oldfield Drive,E01018384,Cheshire West and Chester 032E,Anti-social behaviour,,
,2014-05,Cheshire Constabulary,Cheshire Constabulary,-2.852445,53.195444,On or near Oldfield Drive,E01018384,Cheshire West and Chester 032E,Anti-social behaviour,,
,2014-05,Cheshire Constabulary,Cheshire Constabulary,-2.855329,53.198956,On or near Gleneagles Close,E01018384,Cheshire West and Chester 032E,Anti-social behaviour,,
,2014-05,Cheshire Constabulary,Cheshire Constabulary,-2.852445,53.195444,On or near Oldfield Drive,E01018384,Cheshire West and Chester 032E,Anti-social behaviour,,
,2014-05,Cheshire Constabulary,Cheshire Constabulary,-2.891066,53.195574,On or near Pedestrian Subway,E01018327,Cheshire West and Chester 033B,Anti-social behaviour,,
,2014-05,Cheshire Constabulary,Cheshire Constabulary,-2.890276,53.194987,On or near Parking Area,E01018327,Cheshire West and Chester 033B,Anti-social behaviour,,
,2014-05,Cheshire Constabulary,Cheshire Constabulary,-2.888035,53.196667,On or near Theatre/Concert Hall,E01018327,Cheshire West and Chester 033B,Anti-social behaviour,,
,2014-05,Cheshire Constabulary,Cheshire Constabulary,-2.892664,53.197531,On or near Victoria Road,E01018327,Cheshire West and Chester 033B,Anti-social behaviour,,
,2014-05,Cheshire Constabulary,Cheshire Constabulary,-2.887078,53.195973,On or near Lyon Street,E01018327,Cheshire West and Chester 033B,Anti-social behaviour,,
,2014-05,Cheshire Constabulary,Cheshire Constabulary,-2.888679,53.195934,On or near St Anne Street,E01018327,Cheshire West and Chester 033B,Anti-social behaviour,,
,2014-05,Cheshire Constabulary,Cheshire Constabulary,-2.888679,53.195934,On or near St Anne Street,E01018327,Cheshire West and Chester 033B,Anti-social behaviour,,
,2014-05,Cheshire Constabulary,Cheshire Constabulary,-2.886199,53.195458,On or near Pedestrian Subway,E01018327,Cheshire West and Chester 033B,Anti-social behaviour,,
,2014-05,Cheshire Constabulary,Cheshire Constabulary,-2.887799,53.194664,On or near Pedestrian Subway,E01018327,Cheshire West and Chester 033B,Anti-social behaviour,,
,2014-05,Cheshire Constabulary,Cheshire Constabulary,-2.888679,53.195934,On or near St Anne Street,E01018327,Cheshire West and Chester 033B,Anti-social behaviour,,
,2014-05,Cheshire Constabulary,Cheshire Constabulary,-2.888679,53.195934,On or near St Anne Street,E01018327,Cheshire West and Chester 033B,Anti-social behaviour,,
fc6cc438e44f82e3e8a8f43359876f7c8cf3a8c0da5d26fbdbafc2dfa867955d,2014-05,Cheshire Constabulary,Cheshire Constabulary,-2.884758,53.196691,On or near Pedestrian Subway,E01018327,Cheshire West and Chester 033B,Bicycle theft,Investigation complete; no suspect identified,
40b63e06fbaaa5c2f08276b8637bb69c3fd9d2c0fe02f37d5148c746e2d0b884,2014-05,Cheshire Constabulary,Cheshire Constabulary,-2.890235,53.198808,On or near Wroxham Close,E01018327,Cheshire West and Chester 033B,Burglary,Awaiting court outcome,
ca34e1d238a737c33bcf17c12aa6ecf1144da6c0b41f95944a7973bfee6ba404,2014-05,Cheshire Constabulary,Cheshire Constabulary,-2.888865,53.196948,On or near Gloucester Street,E01018327,Cheshire West and Chester 033B,Burglary,Investigation complete; no suspect identified,
6d699f810e27b4e8e818d66ff0e759785a58885e186206610154bfc0ff76fe73,2014-05,Cheshire Constabulary,Cheshire Constabulary,-2.887703,53.197245,On or near Walter Street,E01018327,Cheshire West and Chester 033B,Criminal damage and arson,Awaiting court outcome,
883e44eb04ab74ae7f62a06504a45addcc1c153994aff1d92f4a0fc7542beefc,2014-05,Cheshire Constabulary,Cheshire Constabulary,-2.884758,53.196691,On or near Pedestrian Subway,E01018327,Cheshire West and Chester 033B,Drugs,Formal action is not in the public interest,
cbf4227fde6d2f1b2b45cd68c2944b48c18351850e34aa8c7469d5a4c8bba806,2014-05,Cheshire Constabulary,Cheshire Constabulary,-2.888597,53.197058,On or near Somerset Street,E01018327,Cheshire West and Chester 033B,Other theft,Investigation complete; no suspect identified,
14ccb4165076f276c883a8b47781957cbecbf5af5b470c4aebae082a36eb1bbb,2014-05,Cheshire Constabulary,Cheshire Constabulary,-2.891066,53.195574,On or near Pedestrian Subway,E01018327,Cheshire West and Chester 033B,Theft from the person,Investigation complete; no suspect identified,
cef7bd2e23cc5ecc1a5386361cf98bd4a5e957424e9c7e23c355117b22389dec,2014-05,Cheshire Constabulary,Cheshire Constabulary,-2.890467,53.199867,On or near Foxwist Close,E01018327,Cheshire West and Chester 033B,Vehicle crime,Investigation complete; no suspect identified,
9854b225b46bc7f1ef4e5e84b8a29c3fbd86ae44bd25531fddbe45777ea5d33f,2014-05,Cheshire Constabulary,Cheshire Constabulary,-2.886199,53.195458,On or near Pedestrian Subway,E01018327,Cheshire West and Chester 033B,Violence and sexual offences,Under investigation,
1729e53e3a2a780f16677e9901f4697f4b696c7c4a784c0e0dc9cfdbfaaa1236,2014-05,Cheshire Constabulary,Cheshire Constabulary,-2.886312,53.198037,On or near Black Diamond Park,E01018327,Cheshire West and Chester 033B,Violence and sexual offences,Formal action is not in the public interest,
50b4c462ba4b85e9c22d99ec01694175dbff741a0b37fcceacd77891047b638b,2014-05,Cheshire Constabulary,Cheshire Constabulary,-2.887703,53.197245,On or near Walter Street,E01018327,Cheshire West and Chester 033B,Violence and sexual offences,Awaiting court outcome,
35271e8d64c73d3f3cb5c28868a6ed92d28a8e176cfea91d61c38737f4a2291a,2014-05,Cheshire Constabulary,Cheshire Constabulary,-2.886312,53.198037,On or near Black Diamond Park,E01018327,Cheshire West and Chester 033B,Violence and sexual offences,Unable to prosecute suspect,
a0ded8425a645cda86ff800652c82d8949fe90f541a5c0e7ba3566bbc178ed17,2014-05,Cheshire Constabulary,Cheshire Constabulary,-2.888035,53.196667,On or near Theatre/Concert Hall,E01018327,Cheshire West and Chester 033B,Violence and sexual offences,Offender given a caution,
,2014-05,Cheshire Constabulary,Cheshire Constabulary,-2.873204,53.200471,On or near Gosforth Place,E01018343,Cheshire West and Chester 033C,Anti-social behaviour,,
,2014-05,Cheshire Constabulary,Cheshire Constabulary,-2.875319,53.200689,On or near Hoole Road,E01018343,Cheshire West and Chester 033C,Anti-social behaviour,,
,2014-05,Cheshire Constabulary,Cheshire Constabulary,-2.872224,53.200146,On or near Vicarage Road,E01018343,Cheshire West and Chester 033C,Anti-social behaviour,,
,2014-05,Cheshire Constabulary,Cheshire Constabulary,-2.875491,53.196643,On or near Lightfoot Street,E01018343,Cheshire West and Chester 033C,Anti-social behaviour,,
,2014-05,Cheshire Constabulary,Cheshire Constabulary,-2.874944,53.199173,On or near Charles Street,E01018343,Cheshire West and Chester 033C,Anti-social behaviour,,
,2014-05,Cheshire Constabulary,Cheshire Constabulary,-2.879060,53.199134,On or near Petrol Station,E01018343,Cheshire West and Chester 033C,Anti-social behaviour,,
,2014-05,Cheshire Constabulary,Cheshire Constabulary,-2.876533,53.199287,On or near Supermarket,E01018343,Cheshire West and Chester 033C,Anti-social behaviour,,
,2014-05,Cheshire Constabulary,Cheshire Constabulary,-2.876533,53.199287,On or near Supermarket,E01018343,Cheshire West and Chester 033C,Anti-social behaviour,,
,2014-05,Cheshire Constabulary,Cheshire Constabulary,-2.876175,53.200072,On or near Stone Place,E01018343,Cheshire West and Chester 033C,Anti-social behaviour,,
,2014-05,Cheshire Constabulary,Cheshire Constabulary,-2.877034,53.198888,On or near School Street,E01018343,Cheshire West and Chester 033C,Anti-social behaviour,,
,2014-05,Cheshire Constabulary,Cheshire Constabulary,-2.879060,53.199134,On or near Petrol Station,E01018343,Cheshire West and Chester 033C,Anti-social behaviour,,
,2014-05,Cheshire Constabulary,Cheshire Constabulary,-2.873368,53.196775,On or near Crawford'S Walk,E01018343,Cheshire West and Chester 033C,Anti-social behaviour,,
,2014-05,Cheshire Constabulary,Cheshire Constabulary,-2.873204,53.200471,On or near Gosforth Place,E01018343,Cheshire West and Chester 033C,Anti-social behaviour,,
,2014-05,Cheshire Constabulary,Cheshire Constabulary,-2.873368,53.196775,On or near Crawford'S Walk,E01018343,Cheshire West and Chester 033C,Anti-social behaviour,,
eb6a8fdea316204eff365ef361b00ec88921a6bcbf64b15184b3b7c1eb859588,2014-05,Cheshire Constabulary,Cheshire Constabulary,-2.874944,53.199173,On or near Charles Street,E01018343,Cheshire West and Chester 033C,Burglary,Investigation complete; no suspect identified,
fb32a3fcac5fd59bf31a070fc3a4d0e15c0c65988ea7c32d74da8b065d45b236,2014-05,Cheshire Constabulary,Cheshire Constabulary,-2.874944,53.199173,On or near Charles Street,E01018343,Cheshire West and Chester 033C,Burglary,Investigation complete; no suspect identified,
90970cae544e3f2e54be61dd111799983d05b4d620f2168fb920d1ec3410bede,2014-05,Cheshire Constabulary,Cheshire Constabulary,-2.879060,53.199134,On or near Petrol Station,E01018343,Cheshire West and Chester 033C,Burglary,Awaiting court outcome,
8591e1c98f65e2cccff8ac5071f973dff58b8db8774e0ee14f6ea56d424d8f3a,2014-05,Cheshire Constabulary,Cheshire Constabulary,-2.877302,53.199542,On or near Derby Place,E01018343,Cheshire West and Chester 033C,Burglary,Under investigation,
6add954f35378fb3cda13a128bca7b81bc2102327b71913d922df587ed7aec61,2014-05,Cheshire Constabulary,Cheshire Constabulary,-2.877302,53.199542,On or near Derby Place,E01018343,Cheshire West and Chester 033C,Burglary,Investigation complete; no suspect identified,
f5dad95a0d55cba37b74c1365af544e4176a57615819c871c7baed944c7cf594,2014-05,Cheshire Constabulary,Cheshire Constabulary,-2.875319,53.200689,On or near Hoole Road,E01018343,Cheshire West and Chester 033C,Criminal damage and arson,Awaiting court outcome,
f61f06eee806c47b35ae0a6244a6d014b44bbb6f125d2adf7e4acc9d808a615c,2014-05,Cheshire Constabulary,Cheshire Constabulary,-2.872736,53.195872,On or near Signal Court,E01018343,Cheshire West and Chester 033C,Criminal damage and arson,Investigation complete; no suspect identified,
5e2fe5b5fb2522fb34f700ef281ce7b12bdfd5eaa6edd6477df2919cbefa6f58,2014-05,Cheshire Constabulary,Cheshire Constabulary,-2.874890,53.198724,On or near Law Street,E01018343,Cheshire West and Chester 033C,Criminal damage and arson,Unable to prosecute suspect,
b6bb969807d754dcaff66badee005c6a94830bc81c4f23e686a64d325c76d51a,2014-05,Cheshire Constabulary,Cheshire Constabulary,-2.879060,53.199134,On or near Petrol Station,E01018343,Cheshire West and Chester 033C,Drugs,Under investigation,
21dcc109ceae2977cdd533a1634e3cf1e67cc85facd66be21e7865b9fa7dbbe4,2014-05,Cheshire Constabulary,Cheshire Constabulary,-2.873368,53.196775,On or near Crawford'S Walk,E01018343,Cheshire West and Chester 033C,Drugs,Offender given a drugs possession warning,
5724052b7b7570284a6dea133584721be153e60d493f99aeb38e8a8796f89da0,2014-05,Cheshire Constabulary,Cheshire Constabulary,-2.879060,53.199134,On or near Petrol Station,E01018343,Cheshire West and Chester 033C,Other theft,Under investigation,
68b5fabe729e9db9a5b11fd25600376a4116c494d32b1aab691c890c6f687504,2014-05,Cheshire Constabulary,Cheshire Constabulary,-2.875538,53.198216,On or near Prescot Street,E01018343,Cheshire West and Chester 033C,Other theft,Investigation complete; no suspect identified,
ce6eddd018713844ec5bb1bbf82e79f470bb4bea7b287ad3bda89fb2ca261132,2014-05,Cheshire Constabulary,Cheshire Constabulary,-2.879060,53.199134,On or near Petrol Station,E01018343,Cheshire West and Chester 033C,Other theft,Investigation complete; no suspect identified,
b046359f2b552ba5395842fca6c9ae3dc9858a3f11de7a1e9de1f8c918f7b7f0,2014-05,Cheshire Constabulary,Cheshire Constabulary,-2.879060,53.199134,On or near Petrol Station,E01018343,Cheshire West and Chester 033C,Shoplifting,Under investigation,
8963061bfb9b268f9ab3380f0d604dd501af7906da6f63582553b1f2f2297200,2014-05,Cheshire Constabulary,Cheshire Constabulary,-2.876533,53.199287,On or near Supermarket,E01018343,Cheshire West and Chester 033C,Shoplifting,Offender sent to prison,
a8f65965fe060fa58a0da8422174b3aefe7f8d35e133c11937862d4c1e655af9,2014-05,Cheshire Constabulary,Cheshire Constabulary,-2.876533,53.199287,On or near Supermarket,E01018343,Cheshire West and Chester 033C,Shoplifting,Under investigation,
e69444f550b0fd9a6f98c61cc7ae5190ac2fa9c13f0086da70aee1d49d93b2d3,2014-05,Cheshire Constabulary,Cheshire Constabulary,-2.876175,53.200072,On or near Stone Place,E01018343,Cheshire West and Chester 033C,Shoplifting,Awaiting court outcome,
ab71fe53384a11db141448c81ea16488a785cba8f2437c2171912c09f1141d9c,2014-05,Cheshire Constabulary,Cheshire Constabulary,-2.877302,53.199542,On or near Derby Place,E01018343,Cheshire West and Chester 033C,Shoplifting,Investigation complete; no suspect identified,
39591d36c6429109ba0bd3b06bfd1d48a134ea2fe22c5cf31f6f1864d1d9fa7d,2014-05,Cheshire Constabulary,Cheshire Constabulary,-2.877832,53.198387,On or near Tomkinson Street,E01018343,Cheshire West and Chester 033C,Vehicle crime,Investigation complete; no suspect identified,
ad41a5fc14dacbbcdab0b1581d979fd709d7fa777cca478ac23c2de3545d6e3d,2014-05,Cheshire Constabulary,Cheshire Constabulary,-2.875505,53.199528,On or near Bishop Street,E01018343,Cheshire West and Chester 033C,Vehicle crime,Investigation complete; no suspect identified,
70d9158ea30a2ed2d1a11b668aa741af47923a760b9bc9cd7dcfaf6ba23e52ce,2014-05,Cheshire Constabulary,Cheshire Constabulary,-2.877832,53.198387,On or near Tomkinson Street,E01018343,Cheshire West and Chester 033C,Violence and sexual offences,Under investigation,
3a1b326c22db5687564a48e67e8132f4879d51a90e5301a91fba16abee178d1d,2014-05,Cheshire Constabulary,Cheshire Constabulary,-2.877832,53.198387,On or near Tomkinson Street,E01018343,Cheshire West and Chester 033C,Violence and sexual offences,Awaiting court outcome,
b58377617b9adddbf7d5da6de6998b046c59824c2b3df3960416a73ffcc6c2f8,2014-05,Cheshire Constabulary,Cheshire Constabulary,-2.875319,53.200689,On or near Hoole Road,E01018343,Cheshire West and Chester 033C,Violence and sexual offences,Unable to prosecute suspect,
535e805f863a526750902abd80f41beed8c00ff4aafab669c0c2d41649c8886e,2014-05,Cheshire Constabulary,Cheshire Constabulary,-2.873204,53.200471,On or near Gosforth Place,E01018343,Cheshire West and Chester 033C,Violence and sexual offences,Unable to prosecute suspect,
4292c0ea0ead6213e9cbb4873a5e27aeef142e8bf6e2e81bc57e2338cbfd5367,2014-05,Cheshire Constabulary,Cheshire Constabulary,-2.876533,53.199287,On or near Supermarket,E01018343,Cheshire West and Chester 033C,Violence and sexual offences,Unable to prosecute suspect,
efdf26dfc9371089a97a9f4f793e3362256c712f867f56fa452fe05c4bb6506c,2014-05,Cheshire Constabulary,Cheshire Constabulary,-2.879060,53.199134,On or near Petrol Station,E01018343,Cheshire West and Chester 033C,Violence and sexual offences,Formal action is not in the public interest,
,2014-05,Cheshire Constabulary,Cheshire Constabulary,-2.882602,53.200330,On or near Ermine Road,E01018361,Cheshire West and Chester 033D,Anti-social behaviour,,
,2014-05,Cheshire Constabulary,Cheshire Constabulary,-2.883089,53.199976,On or near West Street,E01018361,Cheshire West and Chester 033D,Anti-social behaviour,,
,2014-05,Cheshire Constabulary,Cheshire Constabulary,-2.881184,53.201266,On or near Springfield Drive,E01018361,Cheshire West and Chester 033D,Anti-social behaviour,,
,2014-05,Cheshire Constabulary,Cheshire Constabulary,-2.878023,53.200400,On or near Kilmorey Park Avenue,E01018361,Cheshire West and Chester 033D,Anti-social behaviour,,
,2014-05,Cheshire Constabulary,Cheshire Constabulary,-2.883089,53.199976,On or near West Street,E01018361,Cheshire West and Chester 033D,Anti-social behaviour,,
,2014-05,Cheshire Constabulary,Cheshire Constabulary,-2.882602,53.200330,On or near Ermine Road,E01018361,Cheshire West and Chester 033D,Anti-social behaviour,,
,2014-05,Cheshire Constabulary,Cheshire Constabulary,-2.876801,53.200696,On or near Kilmorey Park Road,E01018361,Cheshire West and Chester 033D,Anti-social behaviour,,
5bcb85a412a4a3c5562cd8fa68fbeffa25fe59d0322e25d52478d00a6abdea96,2014-05,Cheshire Constabulary,Cheshire Constabulary,-2.881839,53.198897,On or near South Avenue,E01018361,Cheshire West and Chester 033D,Bicycle theft,Under investigation,
2bd65779e25c38f32333c42e1ce297f2c15cbb63160a9c3538960662d9a7e9c9,2014-05,Cheshire Constabulary,Cheshire Constabulary,-2.881839,53.198897,On or near South Avenue,E01018361,Cheshire West and Chester 033D,Criminal damage and arson,Under investigation,
73144802c7f7ccb7901346b0bb5cd098c62a0b9d4340f1bd6e6f1e717d81d781,2014-05,Cheshire Constabulary,Cheshire Constabulary,-2.881839,53.198897,On or near South Avenue,E01018361,Cheshire West and Chester 033D,Other theft,Awaiting court outcome,
642cb3c061c0d7911ff967032d558cdb47b5a8ead87acb4381c9b00dc8a788da,2014-05,Cheshire Constabulary,Cheshire Constabulary,-2.883073,53.200659,On or near Gresford Avenue,E01018361,Cheshire West and Chester 033D,Other theft,Under investigation,
42fbf6fa9cac54776b583254e1f1593326d6d1165bb5c7e01c36b1d952b97825,2014-05,Cheshire Constabulary,Cheshire Constabulary,-2.878766,53.201626,On or near Fieldway,E01018361,Cheshire West and Chester 033D,Other theft,Awaiting court outcome,
cadffe629df96bd1f7bba554b9292610c9a8a4608dbbc3a1263ad2866fbc092f,2014-05,Cheshire Constabulary,Cheshire Constabulary,-2.884046,53.201371,On or near Waverley Terrace,E01018361,Cheshire West and Chester 033D,Shoplifting,Under investigation,
473e1d3f9a12bf7c9e4ae90fc64b0228209db071902d450c6a40003c95258bd7,2014-05,Cheshire Constabulary,Cheshire Constabulary,-2.881839,53.198897,On or near South Avenue,E01018361,Cheshire West and Chester 033D,Shoplifting,Investigation complete; no suspect identified,
d230b13cc207097199dc34633105e491458a5755650be4d55c7e758bdbd2d3ee,2014-05,Cheshire Constabulary,Cheshire Constabulary,-2.883089,53.199976,On or near West Street,E01018361,Cheshire West and Chester 033D,Violence and sexual offences,Under investigation,
4e32bcf4252126a19c793265e42690a9e0641e26e357bf5d8914110903ad7391,2014-05,Cheshire Constabulary,Cheshire Constabulary,-2.884046,53.201371,On or near Waverley Terrace,E01018361,Cheshire West and Chester 033D,Violence and sexual offences,Under investigation,
3b17ac5df4ad2b8bc6cdbc02e0519c23be8970181a31ba0f37421d606ad0fe11,2014-05,Cheshire Constabulary,Cheshire Constabulary,-2.883089,53.199976,On or near West Street,E01018361,Cheshire West and Chester 033D,Violence and sexual offences,Under investigation,
,2014-05,Cheshire Constabulary,Cheshire Constabulary,-2.885961,53.194057,On or near St Oswalds Way,E01032930,Cheshire West and Chester 033E,Anti-social behaviour,,
,2014-05,Cheshire Constabulary,Cheshire Constabulary,-2.886067,53.194848,On or near James Street,E01032930,Cheshire West and Chester 033E,Anti-social behaviour,,
,2014-05,Cheshire Constabulary,Cheshire Constabulary,-2.883131,53.191840,On or near Bath Street,E01032930,Cheshire West and Chester 033E,Anti-social behaviour,,
,2014-05,Cheshire Constabulary,Cheshire Constabulary,-2.884025,53.195249,On or near Albert Street,E01032930,Cheshire West and Chester 033E,Anti-social behaviour,,
,2014-05,Cheshire Constabulary,Cheshire Constabulary,-2.886067,53.194848,On or near James Street,E01032930,Cheshire West and Chester 033E,Anti-social behaviour,,
,2014-05,Cheshire Constabulary,Cheshire Constabulary,-2.881543,53.196850,On or near Station Road,E01032930,Cheshire West and Chester 033E,Anti-social behaviour,,
,2014-05,Cheshire Constabulary,Cheshire Constabulary,-2.883131,53.191840,On or near Bath Street,E01032930,Cheshire West and Chester 033E,Anti-social behaviour,,
,2014-05,Cheshire Constabulary,Cheshire Constabulary,-2.882322,53.193959,On or near Francis Court,E01032930,Cheshire West and Chester 033E,Anti-social behaviour,,
,2014-05,Cheshire Constabulary,Cheshire Constabulary,-2.882709,53.196068,On or near Belgrave Street,E01032930,Cheshire West and Chester 033E,Anti-social behaviour,,
,2014-05,Cheshire Constabulary,Cheshire Constabulary,-2.882168,53.193771,On or near Leadworks Lane,E01032930,Cheshire West and Chester 033E,Anti-social behaviour,,
,2014-05,Cheshire Constabulary,Cheshire Constabulary,-2.885961,53.194057,On or near St Oswalds Way,E01032930,Cheshire West and Chester 033E,Anti-social behaviour,,
,2014-05,Cheshire Constabulary,Cheshire Constabulary,-2.882709,53.196068,On or near Belgrave Street,E01032930,Cheshire West and Chester 033E,Anti-social behaviour,,
,2014-05,Cheshire Constabulary,Cheshire Constabulary,-2.882463,53.195036,On or near Crewe Street,E01032930,Cheshire West and Chester 033E,Anti-social behaviour,,
,2014-05,Cheshire Constabulary,Cheshire Constabulary,-2.884395,53.194330,On or near Samuel Street,E01032930,Cheshire West and Chester 033E,Anti-social behaviour,,
,2014-05,Cheshire Constabulary,Cheshire Constabulary,-2.876124,53.192440,On or near Boughton,E01032930,Cheshire West and Chester 033E,Anti-social behaviour,,
,2014-05,Cheshire Constabulary,Cheshire Constabulary,-2.886067,53.194848,On or near James Street,E01032930,Cheshire West and Chester 033E,Anti-social behaviour,,
,2014-05,Cheshire Constabulary,Cheshire Constabulary,-2.884395,53.194330,On or near Samuel Street,E01032930,Cheshire West and Chester 033E,Anti-social behaviour,,
,2014-05,Cheshire Constabulary,Cheshire Constabulary,-2.882209,53.192126,On or near Pedestrian Subway,E01032930,Cheshire West and Chester 033E,Anti-social behaviour,,
,2014-05,Cheshire Constabulary,Cheshire Constabulary,-2.882709,53.196068,On or near Belgrave Street,E01032930,Cheshire West and Chester 033E,Anti-social behaviour,,
,2014-05,Cheshire Constabulary,Cheshire Constabulary,-2.886067,53.194848,On or near James Street,E01032930,Cheshire West and Chester 033E,Anti-social behaviour,,
,2014-05,Cheshire Constabulary,Cheshire Constabulary,-2.883658,53.196331,On or near Chesham Street,E01032930,Cheshire West and Chester 033E,Anti-social behaviour,,
,2014-05,Cheshire Constabulary,Cheshire Constabulary,-2.881878,53.193485,On or near Canal Side,E01032930,Cheshire West and Chester 033E,Anti-social behaviour,,
,2014-05,Cheshire Constabulary,Cheshire Constabulary,-2.884395,53.194330,On or near Samuel Street,E01032930,Cheshire West and Chester 033E,Anti-social behaviour,,
e5d7fe6d42853f95d996fa912ced6119ab5e63a007ba41669ffebf6e6dc5f283,2014-05,Cheshire Constabulary,Cheshire Constabulary,-2.882322,53.193959,On or near Francis Court,E01032930,Cheshire West and Chester 033E,Criminal damage and arson,Under investigation,
33d5978b4e5b2e50fbcace3530f27951f00b2cca07a9e4816790912eafe78701,2014-05,Cheshire Constabulary,Cheshire Constabulary,-2.882322,53.193959,On or near Francis Court,E01032930,Cheshire West and Chester 033E,Criminal damage and arson,Under investigation,
dcff6d17557c1074345f6227993533aa30cfaeacce0ae60e826c4b635721c12c,2014-05,Cheshire Constabulary,Cheshire Constabulary,-2.881543,53.196850,On or near Station Road,E01032930,Cheshire West and Chester 033E,Criminal damage and arson,Under investigation,
a00160824c367ba85206fb5c69fe3a818205072d8f4afd903647d9304bf89eb1,2014-05,Cheshire Constabulary,Cheshire Constabulary,-2.884025,53.195249,On or near Albert Street,E01032930,Cheshire West and Chester 033E,Criminal damage and arson,Under investigation,
f043946298d0c76456e2326f3f3e26b99d5f37871074ea8bd8b8a48913b7fdb1,2014-05,Cheshire Constabulary,Cheshire Constabulary,-2.886067,53.194848,On or near James Street,E01032930,Cheshire West and Chester 033E,Drugs,Under investigation,
537665df02f8517812eb41fa7636f6587a4464624c095e96efd13d3cf2faf122,2014-05,Cheshire Constabulary,Cheshire Constabulary,-2.873199,53.194358,On or near Cross Street,E01032930,Cheshire West and Chester 033E,Other theft,Investigation complete; no suspect identified,
bfcfd9114b9c8e7b73e696929b033bb1e97fb5c887b74f79047070554a86bf41,2014-05,Cheshire Constabulary,Cheshire Constabulary,-2.881543,53.196850,On or near Station Road,E01032930,Cheshire West and Chester 033E,Other theft,Investigation complete; no suspect identified,
cef6b6a6d31451bcbac1d40008a7e6ff829de89a4acddfdf86835e79ee33723b,2014-05,Cheshire Constabulary,Cheshire Constabulary,-2.881543,53.196850,On or near Station Road,E01032930,Cheshire West and Chester 033E,Other theft,Investigation complete; no suspect identified,
09f485d772609ec37035ffd0b00782afe027b6e62d6f5dcd3f35ed255636b5ad,2014-05,Cheshire Constabulary,Cheshire Constabulary,-2.882322,53.193959,On or near Francis Court,E01032930,Cheshire West and Chester 033E,Other theft,Under investigation,
764b539fe0e52a8c75b110c7119eeff95dd2480725342eb39202a1fcfeef1ca6,2014-05,Cheshire Constabulary,Cheshire Constabulary,-2.881543,53.196850,On or near Station Road,E01032930,Cheshire West and Chester 033E,Theft from the person,Under investigation,
3ee937f0d915198dd1a372053a3df3899bfa0c6d9e1b178f201cfc7399dedd8b,2014-05,Cheshire Constabulary,Cheshire Constabulary,-2.882647,53.193039,On or near The Square,E01032930,Cheshire West and Chester 033E,Vehicle crime,Investigation complete; no suspect identified,
991a16b84bc4421443305a492a9af48d0687b84a6019096b6c09db86aed106c5,2014-05,Cheshire Constabulary,Cheshire Constabulary,-2.882463,53.195036,On or near Crewe Street,E01032930,Cheshire West and Chester 033E,Violence and sexual offences,Under investigation,
ceaeec393516ee2af7027c76fe319ee7abbeb85d4d9e81f0a0f783b99c76defe,2014-05,Cheshire Constabulary,Cheshire Constabulary,-2.883426,53.193061,On or near Seller Street,E01032930,Cheshire West and Chester 033E,Violence and sexual offences,Awaiting court outcome,
ac0f5bf5ecc80c8a13c128f7e3573ee76422fe15f31502a1ed630c2a02909f56,2014-05,Cheshire Constabulary,Cheshire Constabulary,-2.881878,53.193485,On or near Canal Side,E01032930,Cheshire West and Chester 033E,Violence and sexual offences,Under investigation,
82f471c2d6319e61f490cf877a4a4aac59eaa3a0005e452cf4fcb351c7d50310,2014-05,Cheshire Constabulary,Cheshire Constabulary,-2.882709,53.196068,On or near Belgrave Street,E01032930,Cheshire West and Chester 033E,Violence and sexual offences,Under investigation,
def7d23e2d978964a03c27e0562c77166f2840936adcf8725cbfd6533b91ef69,2014-05,Cheshire Constabulary,Cheshire Constabulary,-2.883448,53.195577,On or near Francis Street,E01032930,Cheshire West and Chester 033E,Violence and sexual offences,Under investigation,
c6808409840c21a442fa3194127ec86a5cdc7a9a6142d63eecbf514fc1babd68,2014-05,Cheshire Constabulary,Cheshire Constabulary,-2.883390,53.192072,On or near Pedestrian Subway,E01032930,Cheshire West and Chester 033E,Violence and sexual offences,Under investigation,
,2014-05,Cheshire Constabulary,Cheshire Constabulary,-2.879523,53.190312,On or near Grosvenor Park Terrace,E01032931,Cheshire West and Chester 033F,Anti-social behaviour,,
,2014-05,Cheshire Constabulary,Cheshire Constabulary,-2.879523,53.190312,On or near Grosvenor Park Terrace,E01032931,Cheshire West and Chester 033F,Anti-social behaviour,,
,2014-05,Cheshire Constabulary,Cheshire Constabulary,-2.881597,53.192193,On or near The Bars,E01032931,Cheshire West and Chester 033F,Anti-social behaviour,,
,2014-05,Cheshire Constabulary,Cheshire Constabulary,-2.880143,53.192824,On or near Steam Mill Street,E01032931,Cheshire West and Chester 033F,Anti-social behaviour,,
,2014-05,Cheshire Constabulary,Cheshire Constabulary,-2.879581,53.193134,On or near Seaville Street,E01032931,Cheshire West and Chester 033F,Anti-social behaviour,,
,2014-05,Cheshire Constabulary,Cheshire Constabulary,-2.872311,53.192657,On or near Alma Street,E01032931,Cheshire West and Chester 033F,Anti-social behaviour,,
,2014-05,Cheshire Constabulary,Cheshire Constabulary,-2.879581,53.193134,On or near Seaville Street,E01032931,Cheshire West and Chester 033F,Anti-social behaviour,,
,2014-05,Cheshire Constabulary,Cheshire Constabulary,-2.880366,53.191276,On or near Grosvenor Park Road,E01032931,Cheshire West and Chester 033F,Anti-social behaviour,,
,2014-05,Cheshire Constabulary,Cheshire Constabulary,-2.878793,53.191962,On or near Beaconsfield Street,E01032931,Cheshire West and Chester 033F,Anti-social behaviour,,
,2014-05,Cheshire Constabulary,Cheshire Constabulary,-2.881597,53.192193,On or near The Bars,E01032931,Cheshire West and Chester 033F,Anti-social behaviour,,
,2014-05,Cheshire Constabulary,Cheshire Constabulary,-2.881597,53.192193,On or near The Bars,E01032931,Cheshire West and Chester 033F,Anti-social behaviour,,
,2014-05,Cheshire Constabulary,Cheshire Constabulary,-2.879475,53.194582,On or near Princes Avenue,E01032931,Cheshire West and Chester 033F,Anti-social behaviour,,
,2014-05,Cheshire Constabulary,Cheshire Constabulary,-2.881597,53.192193,On or near The Bars,E01032931,Cheshire West and Chester 033F,Anti-social behaviour,,
,2014-05,Cheshire Constabulary,Cheshire Constabulary,-2.878793,53.191962,On or near Beaconsfield Street,E01032931,Cheshire West and Chester 033F,Anti-social behaviour,,
3d5d9a9388ed98d126ee919c4f2ceaab512703b2913af677d807a162d807ab86,2014-05,Cheshire Constabulary,Cheshire Constabulary,-2.879523,53.190312,On or near Grosvenor Park Terrace,E01032931,Cheshire West and Chester 033F,Burglary,Awaiting court outcome,
0de6881951942c2e8ebe946096bd4b2066c8ec86bf77629b5e7bbef721a3281f,2014-05,Cheshire Constabulary,Cheshire Constabulary,-2.881033,53.192431,On or near Nightclub,E01032931,Cheshire West and Chester 033F,Drugs,Offender given a drugs possession warning,
2168f9f7198d9dcf08c1950d5a99249bc1b12d32f4f3ffc372dcb2a0bd82a63c,2014-05,Cheshire Constabulary,Cheshire Constabulary,-2.870617,53.192517,On or near Lord Street,E01032931,Cheshire West and Chester 033F,Other theft,Under investigation,
5919eb5eba7e62c608c4813fab9e97d340608b7c93614de1eb2a900942d5681f,2014-05,Cheshire Constabulary,Cheshire Constabulary,-2.878793,53.191962,On or near Beaconsfield Street,E01032931,Cheshire West and Chester 033F,Other theft,Investigation complete; no suspect identified,
fe302923e76d6a2b59c500f57cdb243816d5192a109b5e3b022a943c2db6031a,2014-05,Cheshire Constabulary,Cheshire Constabulary,-2.878793,53.191962,On or near Beaconsfield Street,E01032931,Cheshire West and Chester 033F,Other theft,Investigation complete; no suspect identified,
cb2facd64139d582f7afdb1ffa86e47ae279d8811848e245d1cfc19ab6d303cd,2014-05,Cheshire Constabulary,Cheshire Constabulary,-2.881597,53.192193,On or near The Bars,E01032931,Cheshire West and Chester 033F,Possession of weapons,Under investigation,
cb2facd64139d582f7afdb1ffa86e47ae279d8811848e245d1cfc19ab6d303cd,2014-05,Cheshire Constabulary,Cheshire Constabulary,-2.880143,53.192824,On or near Steam Mill Street,E01032931,Cheshire West and Chester 033F,Possession of weapons,Awaiting court outcome,
248edf6a6272affb8ebdd234b88ee8a7a7aa8ac537e9d54922512022ae8a63f4,2014-05,Cheshire Constabulary,Cheshire Constabulary,-2.870617,53.192517,On or near Lord Street,E01032931,Cheshire West and Chester 033F,Public order,Under investigation,
3afebf96b2a2729ae2a8b5050bcca08e7a9b1c3130d27386b597a17b55ad6bee,2014-05,Cheshire Constabulary,Cheshire Constabulary,-2.881033,53.192431,On or near Nightclub,E01032931,Cheshire West and Chester 033F,Shoplifting,Investigation complete; no suspect identified,
46695b4a5b50e713c27338c89c8f3e2da9841e51fc2d972d5db7170bd0e48b30,2014-05,Cheshire Constabulary,Cheshire Constabulary,-2.879581,53.193134,On or near Seaville Street,E01032931,Cheshire West and Chester 033F,Theft from the person,Unable to prosecute suspect,
c282714bbca4fe9aaaa0a5f3c1b47347dfebc23cc47f994ce45663686aaef47f,2014-05,Cheshire Constabulary,Cheshire Constabulary,-2.879523,53.190312,On or near Grosvenor Park Terrace,E01032931,Cheshire West and Chester 033F,Vehicle crime,Investigation complete; no suspect identified,
1fa326679501ab0d46b310e0db8cc32f85595de747e05440c0cf8d5bc4ef78d1,2014-05,Cheshire Constabulary,Cheshire Constabulary,-2.881597,53.192193,On or near The Bars,E01032931,Cheshire West and Chester 033F,Violence and sexual offences,Under investigation,
,2014-05,Cheshire Constabulary,Cheshire Constabulary,-2.887870,53.190133,On or near St John Street,E01018326,Cheshire West and Chester 034A,Anti-social behaviour,,
,2014-05,Cheshire Constabulary,Cheshire Constabulary,-2.888977,53.190799,On or near Eastgate Street,E01018326,Cheshire West and Chester 034A,Anti-social behaviour,,
,2014-05,Cheshire Constabulary,Cheshire Constabulary,-2.892790,53.189925,On or near Nightclub,E01018326,Cheshire West and Chester 034A,Anti-social behaviour,,
,2014-05,Cheshire Constabulary,Cheshire Constabulary,-2.896993,53.189786,On or near Stanley Place Mews,E01018326,Cheshire West and Chester 034A,Anti-social behaviour,,
,2014-05,Cheshire Constabulary,Cheshire Constabulary,-2.890754,53.191325,On or near St Werburgh Street,E01018326,Cheshire West and Chester 034A,Anti-social behaviour,,
,2014-05,Cheshire Constabulary,Cheshire Constabulary,-2.891088,53.190828,On or near Nightclub,E01018326,Cheshire West and Chester 034A,Anti-social behaviour,,
,2014-05,Cheshire Constabulary,Cheshire Constabulary,-2.891088,53.190828,On or near Nightclub,E01018326,Cheshire West and Chester 034A,Anti-social behaviour,,
,2014-05,Cheshire Constabulary,Cheshire Constabulary,-2.893345,53.189993,On or near Watergate Street,E01018326,Cheshire West and Chester 034A,Anti-social behaviour,,
,2014-05,Cheshire Constabulary,Cheshire Constabulary,-2.893345,53.189993,On or near Watergate Street,E01018326,Cheshire West and Chester 034A,Anti-social behaviour,,
,2014-05,Cheshire Constabulary,Cheshire Constabulary,-2.888736,53.189282,On or near Newgate Street,E01018326,Cheshire West and Chester 034A,Anti-social behaviour,,
,2014-05,Cheshire Constabulary,Cheshire Constabulary,-2.889733,53.189004,On or near Shopping Area,E01018326,Cheshire West and Chester 034A,Anti-social behaviour,,
,2014-05,Cheshire Constabulary,Cheshire Constabulary,-2.886887,53.193260,On or near Queens Place,E01018326,Cheshire West and Chester 034A,Anti-social behaviour,,
,2014-05,Cheshire Constabulary,Cheshire Constabulary,-2.890754,53.191325,On or near St Werburgh Street,E01018326,Cheshire West and Chester 034A,Anti-social behaviour,,
,2014-05,Cheshire Constabulary,Cheshire Constabulary,-2.892591,53.191869,On or near Police Station,E01018326,Cheshire West and Chester 034A,Anti-social behaviour,,
,2014-05,Cheshire Constabulary,Cheshire Constabulary,-2.887870,53.190133,On or near St John Street,E01018326,Cheshire West and Chester 034A,Anti-social behaviour,,
,2014-05,Cheshire Constabulary,Cheshire Constabulary,-2.887870,53.190133,On or near St John Street,E01018326,Cheshire West and Chester 034A,Anti-social behaviour,,
,2014-05,Cheshire Constabulary,Cheshire Constabulary,-2.898444,53.189739,On or near Parking Area,E01018326,Cheshire West and Chester 034A,Anti-social behaviour,,
,2014-05,Cheshire Constabulary,Cheshire Constabulary,-2.891281,53.189343,On or near Bridge Street,E01018326,Cheshire West and Chester 034A,Anti-social behaviour,,
,2014-05,Cheshire Constabulary,Cheshire Constabulary,-2.895366,53.187848,On or near Black Friars,E01018326,Cheshire West and Chester 034A,Anti-social behaviour,,
,2014-05,Cheshire Constabulary,Cheshire Constabulary,-2.891088,53.190828,On or near Nightclub,E01018326,Cheshire West and Chester 034A,Anti-social behaviour,,
,2014-05,Cheshire Constabulary,Cheshire Constabulary,-2.890754,53.191325,On or near St Werburgh Street,E01018326,Cheshire West and Chester 034A,Anti-social behaviour,,
,2014-05,Cheshire Constabulary,Cheshire Constabulary,-2.891636,53.189098,On or near Nightclub,E01018326,Cheshire West and Chester 034A,Anti-social behaviour,,
,2014-05,Cheshire Constabulary,Cheshire Constabulary,-2.892522,53.193568,On or near Abbey Green,E01018326,Cheshire West and Chester 034A,Anti-social behaviour,,
,2014-05,Cheshire Constabulary,Cheshire Constabulary,-2.891088,53.190828,On or near Nightclub,E01018326,Cheshire West and Chester 034A,Anti-social behaviour,,
,2014-05,Cheshire Constabulary,Cheshire Constabulary,-2.893820,53.193369,On or near Firemans Square,E01018326,Cheshire West and Chester 034A,Anti-social behaviour,,
,2014-05,Cheshire Constabulary,Cheshire Constabulary,-2.891088,53.190828,On or near Nightclub,E01018326,Cheshire West and Chester 034A,Anti-social behaviour,,
,2014-05,Cheshire Constabulary,Cheshire Constabulary,-2.891636,53.189098,On or near Nightclub,E01018326,Cheshire West and Chester 034A,Anti-social behaviour,,
,2014-05,Cheshire Constabulary,Cheshire Constabulary,-2.888977,53.190799,On or near Eastgate Street,E01018326,Cheshire West and Chester 034A,Anti-social behaviour,,
,2014-05,Cheshire Constabulary,Cheshire Constabulary,-2.891636,53.189098,On or near Nightclub,E01018326,Cheshire West and Chester 034A,Anti-social behaviour,,
,2014-05,Cheshire Constabulary,Cheshire Constabulary,-2.891636,53.189098,On or near Nightclub,E01018326,Cheshire West and Chester 034A,Anti-social behaviour,,
,2014-05,Cheshire Constabulary,Cheshire Constabulary,-2.893144,53.190390,On or near Crook Street,E01018326,Cheshire West and Chester 034A,Anti-social behaviour,,
,2014-05,Cheshire Constabulary,Cheshire Constabulary,-2.891281,53.189343,On or near Bridge Street,E01018326,Cheshire West and Chester 034A,Anti-social behaviour,,
,2014-05,Cheshire Constabulary,Cheshire Constabulary,-2.890380,53.185584,On or near Castle Drive,E01018326,Cheshire West and Chester 034A,Anti-social behaviour,,
,2014-05,Cheshire Constabulary,Cheshire Constabulary,-2.892904,53.191057,On or near Supermarket,E01018326,Cheshire West and Chester 034A,Anti-social behaviour,,
,2014-05,Cheshire Constabulary,Cheshire Constabulary,-2.892583,53.191455,On or near Shopping Area,E01018326,Cheshire West and Chester 034A,Anti-social behaviour,,
,2014-05,Cheshire Constabulary,Cheshire Constabulary,-2.886486,53.191240,On or near Foregate Street,E01018326,Cheshire West and Chester 034A,Anti-social behaviour,,
,2014-05,Cheshire Constabulary,Cheshire Constabulary,-2.886486,53.191240,On or near Foregate Street,E01018326,Cheshire West and Chester 034A,Anti-social behaviour,,
,2014-05,Cheshire Constabulary,Cheshire Constabulary,-2.887870,53.190133,On or near St John Street,E01018326,Cheshire West and Chester 034A,Anti-social behaviour,,
,2014-05,Cheshire Constabulary,Cheshire Constabulary,-2.886545,53.189720,On or near Lumley Place,E01018326,Cheshire West and Chester 034A,Anti-social behaviour,,
,2014-05,Cheshire Constabulary,Cheshire Constabulary,-2.892904,53.191057,On or near Supermarket,E01018326,Cheshire West and Chester 034A,Anti-social behaviour,,
,2014-05,Cheshire Constabulary,Cheshire Constabulary,-2.887870,53.190133,On or near St John Street,E01018326,Cheshire West and Chester 034A,Anti-social behaviour,,
,2014-05,Cheshire Constabulary,Cheshire Constabulary,-2.892476,53.192795,On or near Little Abbey Gateway,E01018326,Cheshire West and Chester 034A,Anti-social behaviour,,
,2014-05,Cheshire Constabulary,Cheshire Constabulary,-2.888977,53.190799,On or near Eastgate Street,E01018326,Cheshire West and Chester 034A,Anti-social behaviour,,
,2014-05,Cheshire Constabulary,Cheshire Constabulary,-2.892761,53.190672,On or near Goss Street,E01018326,Cheshire West and Chester 034A,Anti-social behaviour,,
,2014-05,Cheshire Constabulary,Cheshire Constabulary,-2.888168,53.192207,On or near Union Walk,E01018326,Cheshire West and Chester 034A,Anti-social behaviour,,
,2014-05,Cheshire Constabulary,Cheshire Constabulary,-2.890754,53.191325,On or near St Werburgh Street,E01018326,Cheshire West and Chester 034A,Anti-social behaviour,,
,2014-05,Cheshire Constabulary,Cheshire Constabulary,-2.886486,53.191240,On or near Foregate Street,E01018326,Cheshire West and Chester 034A,Anti-social behaviour,,
,2014-05,Cheshire Constabulary,Cheshire Constabulary,-2.894719,53.190558,On or near Parking Area,E01018326,Cheshire West and Chester 034A,Anti-social behaviour,,
,2014-05,Cheshire Constabulary,Cheshire Constabulary,-2.892793,53.192946,On or near Northgate Street,E01018326,Cheshire West and Chester 034A,Anti-social behaviour,,
,2014-05,Cheshire Constabulary,Cheshire Constabulary,-2.891088,53.190828,On or near Nightclub,E01018326,Cheshire West and Chester 034A,Anti-social behaviour,,
,2014-05,Cheshire Constabulary,Cheshire Constabulary,-2.889733,53.189004,On or near Shopping Area,E01018326,Cheshire West and Chester 034A,Anti-social behaviour,,
,2014-05,Cheshire Constabulary,Cheshire Constabulary,-2.892583,53.191455,On or near Shopping Area,E01018326,Cheshire West and Chester 034A,Anti-social behaviour,,
,2014-05,Cheshire Constabulary,Cheshire Constabulary,-2.891636,53.189098,On or near Nightclub,E01018326,Cheshire West and Chester 034A,Anti-social behaviour,,
,2014-05,Cheshire Constabulary,Cheshire Constabulary,-2.892583,53.191455,On or near Shopping Area,E01018326,Cheshire West and Chester 034A,Anti-social behaviour,,
,2014-05,Cheshire Constabulary,Cheshire Constabulary,-2.892522,53.193568,On or near Abbey Green,E01018326,Cheshire West and Chester 034A,Anti-social behaviour,,
,2014-05,Cheshire Constabulary,Cheshire Constabulary,-2.885048,53.191880,On or near Shopping Area,E01018326,Cheshire West and Chester 034A,Anti-social behaviour,,
,2014-05,Cheshire Constabulary,Cheshire Constabulary,-2.887870,53.190133,On or near St John Street,E01018326,Cheshire West and Chester 034A,Anti-social behaviour,,
,2014-05,Cheshire Constabulary,Cheshire Constabulary,-2.885048,53.191880,On or near Shopping Area,E01018326,Cheshire West and Chester 034A,Anti-social behaviour,,
,2014-05,Cheshire Constabulary,Cheshire Constabulary,-2.893820,53.193369,On or near Firemans Square,E01018326,Cheshire West and Chester 034A,Anti-social behaviour,,
,2014-05,Cheshire Constabulary,Cheshire Constabulary,-2.890754,53.191325,On or near St Werburgh Street,E01018326,Cheshire West and Chester 034A,Anti-social behaviour,,
,2014-05,Cheshire Constabulary,Cheshire Constabulary,-2.888168,53.192207,On or near Union Walk,E01018326,Cheshire West and Chester 034A,Anti-social behaviour,,
,2014-05,Cheshire Constabulary,Cheshire Constabulary,-2.886887,53.193260,On or near Queens Place,E01018326,Cheshire West and Chester 034A,Anti-social behaviour,,
,2014-05,Cheshire Constabulary,Cheshire Constabulary,-2.887870,53.190133,On or near St John Street,E01018326,Cheshire West and Chester 034A,Anti-social behaviour,,
,2014-05,Cheshire Constabulary,Cheshire Constabulary,-2.891088,53.190828,On or near Nightclub,E01018326,Cheshire West and Chester 034A,Anti-social behaviour,,
,2014-05,Cheshire Constabulary,Cheshire Constabulary,-2.892761,53.190672,On or near Goss Street,E01018326,Cheshire West and Chester 034A,Anti-social behaviour,,
,2014-05,Cheshire Constabulary,Cheshire Constabulary,-2.892761,53.190672,On or near Goss Street,E01018326,Cheshire West and Chester 034A,Anti-social behaviour,,
,2014-05,Cheshire Constabulary,Cheshire Constabulary,-2.891636,53.189098,On or near Nightclub,E01018326,Cheshire West and Chester 034A,Anti-social behaviour,,
,2014-05,Cheshire Constabulary,Cheshire Constabulary,-2.888736,53.189282,On or near Newgate Street,E01018326,Cheshire West and Chester 034A,Anti-social behaviour,,
,2014-05,Cheshire Constabulary,Cheshire Constabulary,-2.888168,53.192207,On or near Union Walk,E01018326,Cheshire West and Chester 034A,Anti-social behaviour,,
,2014-05,Cheshire Constabulary,Cheshire Constabulary,-2.893345,53.189993,On or near Watergate Street,E01018326,Cheshire West and Chester 034A,Anti-social behaviour,,
,2014-05,Cheshire Constabulary,Cheshire Constabulary,-2.891088,53.190828,On or near Nightclub,E01018326,Cheshire West and Chester 034A,Anti-social behaviour,,
,2014-05,Cheshire Constabulary,Cheshire Constabulary,-2.881265,53.191333,On or near The Headlands,E01018326,Cheshire West and Chester 034A,Anti-social behaviour,,
,2014-05,Cheshire Constabulary,Cheshire Constabulary,-2.891281,53.189343,On or near Bridge Street,E01018326,Cheshire West and Chester 034A,Anti-social behaviour,,
,2014-05,Cheshire Constabulary,Cheshire Constabulary,-2.891088,53.190828,On or near Nightclub,E01018326,Cheshire West and Chester 034A,Anti-social behaviour,,
,2014-05,Cheshire Constabulary,Cheshire Constabulary,-2.887863,53.194097,On or near Pedestrian Subway,E01018326,Cheshire West and Chester 034A,Anti-social behaviour,,
,2014-05,Cheshire Constabulary,Cheshire Constabulary,-2.892904,53.191057,On or near Supermarket,E01018326,Cheshire West and Chester 034A,Anti-social behaviour,,
,2014-05,Cheshire Constabulary,Cheshire Constabulary,-2.891636,53.189098,On or near Nightclub,E01018326,Cheshire West and Chester 034A,Anti-social behaviour,,
,2014-05,Cheshire Constabulary,Cheshire Constabulary,-2.887870,53.190133,On or near St John Street,E01018326,Cheshire West and Chester 034A,Anti-social behaviour,,
,2014-05,Cheshire Constabulary,Cheshire Constabulary,-2.891583,53.194501,On or near George Street,E01018326,Cheshire West and Chester 034A,Anti-social behaviour,,
,2014-05,Cheshire Constabulary,Cheshire Constabulary,-2.892476,53.192795,On or near Little Abbey Gateway,E01018326,Cheshire West and Chester 034A,Anti-social behaviour,,
,2014-05,Cheshire Constabulary,Cheshire Constabulary,-2.888168,53.192207,On or near Union Walk,E01018326,Cheshire West and Chester 034A,Anti-social behaviour,,
,2014-05,Cheshire Constabulary,Cheshire Constabulary,-2.881265,53.191333,On or near The Headlands,E01018326,Cheshire West and Chester 034A,Anti-social behaviour,,
,2014-05,Cheshire Constabulary,Cheshire Constabulary,-2.892793,53.192946,On or near Northgate Street,E01018326,Cheshire West and Chester 034A,Anti-social behaviour,,
,2014-05,Cheshire Constabulary,Cheshire Constabulary,-2.891636,53.189098,On or near Nightclub,E01018326,Cheshire West and Chester 034A,Anti-social behaviour,,
,2014-05,Cheshire Constabulary,Cheshire Constabulary,-2.891636,53.189098,On or near Nightclub,E01018326,Cheshire West and Chester 034A,Anti-social behaviour,,
,2014-05,Cheshire Constabulary,Cheshire Constabulary,-2.888168,53.192207,On or near Union Walk,E01018326,Cheshire West and Chester 034A,Anti-social behaviour,,
,2014-05,Cheshire Constabulary,Cheshire Constabulary,-2.884524,53.188234,On or near The Groves,E01018326,Cheshire West and Chester 034A,Anti-social behaviour,,
,2014-05,Cheshire Constabulary,Cheshire Constabulary,-2.895945,53.184760,On or near Race Track,E01018326,Cheshire West and Chester 034A,Anti-social behaviour,,
,2014-05,Cheshire Constabulary,Cheshire Constabulary,-2.892761,53.190672,On or near Goss Street,E01018326,Cheshire West and Chester 034A,Anti-social behaviour,,
,2014-05,Cheshire Constabulary,Cheshire Constabulary,-2.886203,53.192024,On or near Queen Street,E01018326,Cheshire West and Chester 034A,Anti-social behaviour,,
,2014-05,Cheshire Constabulary,Cheshire Constabulary,-2.891281,53.189343,On or near Bridge Street,E01018326,Cheshire West and Chester 034A,Anti-social behaviour,,
,2014-05,Cheshire Constabulary,Cheshire Constabulary,-2.881265,53.191333,On or near The Headlands,E01018326,Cheshire West and Chester 034A,Anti-social behaviour,,
,2014-05,Cheshire Constabulary,Cheshire Constabulary,-2.892476,53.192795,On or near Little Abbey Gateway,E01018326,Cheshire West and Chester 034A,Anti-social behaviour,,
,2014-05,Cheshire Constabulary,Cheshire Constabulary,-2.890754,53.191325,On or near St Werburgh Street,E01018326,Cheshire West and Chester 034A,Anti-social behaviour,,
,2014-05,Cheshire Constabulary,Cheshire Constabulary,-2.892761,53.190672,On or near Goss Street,E01018326,Cheshire West and Chester 034A,Anti-social behaviour,,
,2014-05,Cheshire Constabulary,Cheshire Constabulary,-2.891088,53.190828,On or near Nightclub,E01018326,Cheshire West and Chester 034A,Anti-social behaviour,,
,2014-05,Cheshire Constabulary,Cheshire Constabulary,-2.891281,53.189343,On or near Bridge Street,E01018326,Cheshire West and Chester 034A,Anti-social behaviour,,
,2014-05,Cheshire Constabulary,Cheshire Constabulary,-2.892522,53.193568,On or near Abbey Green,E01018326,Cheshire West and Chester 034A,Anti-social behaviour,,
,2014-05,Cheshire Constabulary,Cheshire Constabulary,-2.891088,53.190828,On or near Nightclub,E01018326,Cheshire West and Chester 034A,Anti-social behaviour,,
,2014-05,Cheshire Constabulary,Cheshire Constabulary,-2.881265,53.191333,On or near The Headlands,E01018326,Cheshire West and Chester 034A,Anti-social behaviour,,
,2014-05,Cheshire Constabulary,Cheshire Constabulary,-2.891867,53.192323,On or near Abbey Square,E01018326,Cheshire West and Chester 034A,Anti-social behaviour,,
,2014-05,Cheshire Constabulary,Cheshire Constabulary,-2.894719,53.190558,On or near Parking Area,E01018326,Cheshire West and Chester 034A,Anti-social behaviour,,
,2014-05,Cheshire Constabulary,Cheshire Constabulary,-2.891281,53.189343,On or near Bridge Street,E01018326,Cheshire West and Chester 034A,Anti-social behaviour,,
,2014-05,Cheshire Constabulary,Cheshire Constabulary,-2.891281,53.189343,On or near Bridge Street,E01018326,Cheshire West and Chester 034A,Anti-social behaviour,,
,2014-05,Cheshire Constabulary,Cheshire Constabulary,-2.892793,53.192946,On or near Northgate Street,E01018326,Cheshire West and Chester 034A,Anti-social behaviour,,
,2014-05,Cheshire Constabulary,Cheshire Constabulary,-2.891281,53.189343,On or near Bridge Street,E01018326,Cheshire West and Chester 034A,Anti-social behaviour,,
,2014-05,Cheshire Constabulary,Cheshire Constabulary,-2.893345,53.189993,On or near Watergate Street,E01018326,Cheshire West and Chester 034A,Anti-social behaviour,,
,2014-05,Cheshire Constabulary,Cheshire Constabulary,-2.881265,53.191333,On or near The Headlands,E01018326,Cheshire West and Chester 034A,Anti-social behaviour,,
,2014-05,Cheshire Constabulary,Cheshire Constabulary,-2.888736,53.189282,On or near Newgate Street,E01018326,Cheshire West and Chester 034A,Anti-social behaviour,,
,2014-05,Cheshire Constabulary,Cheshire Constabulary,-2.885074,53.192437,On or near Bold Place,E01018326,Cheshire West and Chester 034A,Anti-social behaviour,,
,2014-05,Cheshire Constabulary,Cheshire Constabulary,-2.888168,53.192207,On or near Union Walk,E01018326,Cheshire West and Chester 034A,Anti-social behaviour,,
,2014-05,Cheshire Constabulary,Cheshire Constabulary,-2.891088,53.190828,On or near Nightclub,E01018326,Cheshire West and Chester 034A,Anti-social behaviour,,
,2014-05,Cheshire Constabulary,Cheshire Constabulary,-2.891636,53.189098,On or near Nightclub,E01018326,Cheshire West and Chester 034A,Anti-social behaviour,,
,2014-05,Cheshire Constabulary,Cheshire Constabulary,-2.895366,53.187848,On or near Black Friars,E01018326,Cheshire West and Chester 034A,Anti-social behaviour,,
,2014-05,Cheshire Constabulary,Cheshire Constabulary,-2.891088,53.190828,On or near Nightclub,E01018326,Cheshire West and Chester 034A,Anti-social behaviour,,
,2014-05,Cheshire Constabulary,Cheshire Constabulary,-2.891088,53.190828,On or near Nightclub,E01018326,Cheshire West and Chester 034A,Anti-social behaviour,,
,2014-05,Cheshire Constabulary,Cheshire Constabulary,-2.892522,53.193568,On or near Abbey Green,E01018326,Cheshire West and Chester 034A,Anti-social behaviour,,
,2014-05,Cheshire Constabulary,Cheshire Constabulary,-2.892373,53.188553,On or near White Friars,E01018326,Cheshire West and Chester 034A,Anti-social behaviour,,
,2014-05,Cheshire Constabulary,Cheshire Constabulary,-2.892476,53.192795,On or near Little Abbey Gateway,E01018326,Cheshire West and Chester 034A,Anti-social behaviour,,
,2014-05,Cheshire Constabulary,Cheshire Constabulary,-2.887870,53.190133,On or near St John Street,E01018326,Cheshire West and Chester 034A,Anti-social behaviour,,
,2014-05,Cheshire Constabulary,Cheshire Constabulary,-2.888168,53.192207,On or near Union Walk,E01018326,Cheshire West and Chester 034A,Anti-social behaviour,,
,2014-05,Cheshire Constabulary,Cheshire Constabulary,-2.895945,53.184760,On or near Race Track,E01018326,Cheshire West and Chester 034A,Anti-social behaviour,,
,2014-05,Cheshire Constabulary,Cheshire Constabulary,-2.891088,53.190828,On or near Nightclub,E01018326,Cheshire West and Chester 034A,Anti-social behaviour,,
,2014-05,Cheshire Constabulary,Cheshire Constabulary,-2.892904,53.191057,On or near Supermarket,E01018326,Cheshire West and Chester 034A,Anti-social behaviour,,
,2014-05,Cheshire Constabulary,Cheshire Constabulary,-2.888168,53.192207,On or near Union Walk,E01018326,Cheshire West and Chester 034A,Anti-social behaviour,,
,2014-05,Cheshire Constabulary,Cheshire Constabulary,-2.892591,53.191869,On or near Police Station,E01018326,Cheshire West and Chester 034A,Anti-social behaviour,,
,2014-05,Cheshire Constabulary,Cheshire Constabulary,-2.890754,53.191325,On or near St Werburgh Street,E01018326,Cheshire West and Chester 034A,Anti-social behaviour,,
,2014-05,Cheshire Constabulary,Cheshire Constabulary,-2.894530,53.192960,On or near King Street,E01018326,Cheshire West and Chester 034A,Anti-social behaviour,,
,2014-05,Cheshire Constabulary,Cheshire Constabulary,-2.891636,53.189098,On or near Nightclub,E01018326,Cheshire West and Chester 034A,Anti-social behaviour,,
,2014-05,Cheshire Constabulary,Cheshire Constabulary,-2.892476,53.192795,On or near Little Abbey Gateway,E01018326,Cheshire West and Chester 034A,Anti-social behaviour,,
,2014-05,Cheshire Constabulary,Cheshire Constabulary,-2.893144,53.190390,On or near Crook Street,E01018326,Cheshire West and Chester 034A,Anti-social behaviour,,
,2014-05,Cheshire Constabulary,Cheshire Constabulary,-2.891088,53.190828,On or near Nightclub,E01018326,Cheshire West and Chester 034A,Anti-social behaviour,,
,2014-05,Cheshire Constabulary,Cheshire Constabulary,-2.887870,53.190133,On or near St John Street,E01018326,Cheshire West and Chester 034A,Anti-social behaviour,,
,2014-05,Cheshire Constabulary,Cheshire Constabulary,-2.887870,53.190133,On or near St John Street,E01018326,Cheshire West and Chester 034A,Anti-social behaviour,,
,2014-05,Cheshire Constabulary,Cheshire Constabulary,-2.893529,53.195205,On or near Upper Northgate Street,E01018326,Cheshire West and Chester 034A,Anti-social behaviour,,
,2014-05,Cheshire Constabulary,Cheshire Constabulary,-2.891451,53.186690,On or near St Mary'S Hill,E01018326,Cheshire West and Chester 034A,Anti-social behaviour,,
,2014-05,Cheshire Constabulary,Cheshire Constabulary,-2.888736,53.189282,On or near Newgate Street,E01018326,Cheshire West and Chester 034A,Anti-social behaviour,,
,2014-05,Cheshire Constabulary,Cheshire Constabulary,-2.886380,53.194773,On or near Brook Street,E01018326,Cheshire West and Chester 034A,Anti-social behaviour,,
,2014-05,Cheshire Constabulary,Cheshire Constabulary,-2.892793,53.192946,On or near Northgate Street,E01018326,Cheshire West and Chester 034A,Anti-social behaviour,,
,2014-05,Cheshire Constabulary,Cheshire Constabulary,-2.888977,53.190799,On or near Eastgate Street,E01018326,Cheshire West and Chester 034A,Anti-social behaviour,,
,2014-05,Cheshire Constabulary,Cheshire Constabulary,-2.891088,53.190828,On or near Nightclub,E01018326,Cheshire West and Chester 034A,Anti-social behaviour,,
,2014-05,Cheshire Constabulary,Cheshire Constabulary,-2.892790,53.189925,On or near Nightclub,E01018326,Cheshire West and Chester 034A,Anti-social behaviour,,
,2014-05,Cheshire Constabulary,Cheshire Constabulary,-2.892583,53.191455,On or near Shopping Area,E01018326,Cheshire West and Chester 034A,Anti-social behaviour,,
,2014-05,Cheshire Constabulary,Cheshire Constabulary,-2.886887,53.193260,On or near Queens Place,E01018326,Cheshire West and Chester 034A,Anti-social behaviour,,
64e4880b0e79b40fd6253cfe9cac4a1a3c093ddcd0f6b958a573a5de9fbf8e0e,2014-05,Cheshire Constabulary,Cheshire Constabulary,-2.892591,53.191869,On or near Police Station,E01018326,Cheshire West and Chester 034A,Bicycle theft,Investigation complete; no suspect identified,
d1b30688b2df93b83e7decb95b9c01c9b5d7ba9f5359ad2dd5c24537101abbec,2014-05,Cheshire Constabulary,Cheshire Constabulary,-2.889591,53.190102,On or near Parking Area,E01018326,Cheshire West and Chester 034A,Bicycle theft,Under investigation,
b273f6e6e71e4fd4e59792f5035e7068be72fd022a8b16775a4123b5e98d1142,2014-05,Cheshire Constabulary,Cheshire Constabulary,-2.892790,53.189925,On or near Nightclub,E01018326,Cheshire West and Chester 034A,Bicycle theft,Investigation complete; no suspect identified,
bec3a1bc00b6238fa9162efaae533a6e74ecad269f866d34ac49df928fcd7f9c,2014-05,Cheshire Constabulary,Cheshire Constabulary,-2.888977,53.190799,On or near Eastgate Street,E01018326,Cheshire West and Chester 034A,Bicycle theft,Under investigation,
cc83b9816c8b1a139df82ce084e8754199e54b9c00412c33f2d9280eb5b6c79d,2014-05,Cheshire Constabulary,Cheshire Constabulary,-2.892591,53.191869,On or near Police Station,E01018326,Cheshire West and Chester 034A,Bicycle theft,Investigation complete; no suspect identified,
7cdff294929b990e85d2750ba8fb1369c8a1234bd269f9287a90fe770b19998a,2014-05,Cheshire Constabulary,Cheshire Constabulary,-2.888977,53.190799,On or near Eastgate Street,E01018326,Cheshire West and Chester 034A,Bicycle theft,Investigation complete; no suspect identified,
e93948143adaad1cc58f62903dbb4a674294d5a3e6b26268bd93234616c49072,2014-05,Cheshire Constabulary,Cheshire Constabulary,-2.881386,53.192132,On or near The Bars,E01018326,Cheshire West and Chester 034A,Burglary,Awaiting court outcome,
41f64a7533a9aebab887196be22e7aa32151d67bcc8b755b09c4438f755b2dda,2014-05,Cheshire Constabulary,Cheshire Constabulary,-2.892704,53.193719,On or near Nightclub,E01018326,Cheshire West and Chester 034A,Burglary,Investigation complete; no suspect identified,
fa7d33f0fc595f0eb7d127813c7f29d7766ee5fb0ded70582a558a6f0a6f096d,2014-05,Cheshire Constabulary,Cheshire Constabulary,-2.887185,53.191720,On or near Shopping Area,E01018326,Cheshire West and Chester 034A,Burglary,Awaiting court outcome,
09ade268e0023fb7b251c56a149b75bfd0a5518ba92412bf266dd35256f674c6,2014-05,Cheshire Constabulary,Cheshire Constabulary,-2.892904,53.191057,On or near Supermarket,E01018326,Cheshire West and Chester 034A,Burglary,Investigation complete; no suspect identified,
c7233361c6fd2e670c53d8030b600fc692924c853816a79741c4fdffede23037,2014-05,Cheshire Constabulary,Cheshire Constabulary,-2.896105,53.187375,On or near Nun'S Road,E01018326,Cheshire West and Chester 034A,Burglary,Awaiting court outcome,
61c5ca3e0670caca5374f673ebdf70f5696f2439fda85f69043c2adcbc5b5245,2014-05,Cheshire Constabulary,Cheshire Constabulary,-2.895882,53.188886,On or near Nicholas Court,E01018326,Cheshire West and Chester 034A,Burglary,Unable to prosecute suspect,
ae41fb84be090bfb865f961086b447eff9fd6ab3e6ec1b1f288254118ca4231e,2014-05,Cheshire Constabulary,Cheshire Constabulary,-2.887185,53.191720,On or near Shopping Area,E01018326,Cheshire West and Chester 034A,Burglary,Under investigation,
c1f32a8f3e8f9484fedfe75c5523f39142da44e92d17ab46455fb66202b89b44,2014-05,Cheshire Constabulary,Cheshire Constabulary,-2.888563,53.192501,On or near Frodsham Street,E01018326,Cheshire West and Chester 034A,Burglary,Under investigation,
39d69e43dd9054ea11db2d4b62fecafe582cc57016098fd0250c07c9b667e057,2014-05,Cheshire Constabulary,Cheshire Constabulary,-2.888563,53.192501,On or near Frodsham Street,E01018326,Cheshire West and Chester 034A,Burglary,Under investigation,
860617b4ede602b635f816b55468ef914adc3125bd4c1a6ae9715ea6ae8f349e,2014-05,Cheshire Constabulary,Cheshire Constabulary,-2.895581,53.193123,On or near Pemberton Road,E01018326,Cheshire West and Chester 034A,Criminal damage and arson,Investigation complete; no suspect identified,
1b17a634292acf59101b9736d4073ceb82a8d72179ebc1004a4136ba654c2695,2014-05,Cheshire Constabulary,Cheshire Constabulary,-2.885048,53.191880,On or near Shopping Area,E01018326,Cheshire West and Chester 034A,Criminal damage and arson,Under investigation,
996b69e2ac9674f84fce6128d8a765d27f6dd7c78fb427e35530d21045bd5c28,2014-05,Cheshire Constabulary,Cheshire Constabulary,-2.892790,53.189925,On or near Nightclub,E01018326,Cheshire West and Chester 034A,Criminal damage and arson,Local resolution,
022d8e743ffe5518eddb0e2406b12c45ca4629d6f7a0ba5cce92a846f65e02b2,2014-05,Cheshire Constabulary,Cheshire Constabulary,-2.892790,53.189925,On or near Nightclub,E01018326,Cheshire West and Chester 034A,Criminal damage and arson,Under investigation,
4fe0a31684b792696c19aad0b0904fab9afdc63138d63aec13746695b843b47e,2014-05,Cheshire Constabulary,Cheshire Constabulary,-2.896993,53.189786,On or near Stanley Place Mews,E01018326,Cheshire West and Chester 034A,Criminal damage and arson,Unable to prosecute suspect,
97a3b92ebff64f11fdf0cb89a661ea1c67ba9e69b003f9a14599847db8a61092,2014-05,Cheshire Constabulary,Cheshire Constabulary,-2.890041,53.190153,On or near Shopping Area,E01018326,Cheshire West and Chester 034A,Criminal damage and arson,Under investigation,
bd07b6cb4b2bcc382489cdc68833daf36ec464be265f11ec03ff56ea57bc0b42,2014-05,Cheshire Constabulary,Cheshire Constabulary,-2.891636,53.189098,On or near Nightclub,E01018326,Cheshire West and Chester 034A,Criminal damage and arson,Awaiting court outcome,
1324d4b724696545f0bfba56cb5baf034c094a7c5d2cedecfcbc16425a374321,2014-05,Cheshire Constabulary,Cheshire Constabulary,-2.893345,53.189993,On or near Watergate Street,E01018326,Cheshire West and Chester 034A,Criminal damage and arson,Under investigation,
3868ac72a42793fffc73e906216d4924f60f3bc161a57d17fcb0b948b5114516,2014-05,Cheshire Constabulary,Cheshire Constabulary,-2.892591,53.191869,On or near Police Station,E01018326,Cheshire West and Chester 034A,Criminal damage and arson,Investigation complete; no suspect identified,
8712264d7b723956ecc2da20ad0e6cd562b89307f5351b38102b6ba31b4c85b5,2014-05,Cheshire Constabulary,Cheshire Constabulary,-2.895482,53.189797,On or near Linen Hall Place,E01018326,Cheshire West and Chester 034A,Criminal damage and arson,Under investigation,
7c8f8114896a9489425ad84bf88d974c3b688b8e2fc3685f092cf7920291774f,2014-05,Cheshire Constabulary,Cheshire Constabulary,-2.889460,53.188108,On or near Parking Area,E01018326,Cheshire West and Chester 034A,Criminal damage and arson,Investigation complete; no suspect identified,
4a9d550e2367d8d10cb9454de7ae9dee9f5213338661ac0206dfec04b5af8c1c,2014-05,Cheshire Constabulary,Cheshire Constabulary,-2.887870,53.190133,On or near St John Street,E01018326,Cheshire West and Chester 034A,Criminal damage and arson,Local resolution,
4c2e64cb98805d7db9578236bd0349b803550c15f57e68ecb7d86574fde712eb,2014-05,Cheshire Constabulary,Cheshire Constabulary,-2.887870,53.190133,On or near St John Street,E01018326,Cheshire West and Chester 034A,Drugs,Offender given a caution,
ada8d72a86d32d64ee86870495d971b170f5f99301667d1f306617c135a65ab4,2014-05,Cheshire Constabulary,Cheshire Constabulary,-2.890646,53.192602,On or near Abbey Street,E01018326,Cheshire West and Chester 034A,Drugs,Under investigation,
37e2338c01a5fbf8cc5a510384abbe325d7bbeced7587ced0be0d6475a5dd8c1,2014-05,Cheshire Constabulary,Cheshire Constabulary,-2.886231,53.193381,On or near Canal Side,E01018326,Cheshire West and Chester 034A,Drugs,Offender given a caution,
10829e3f9a76677608b326a6a2d21da8bd00564577f6fcb09a737e9655db4ccc,2014-05,Cheshire Constabulary,Cheshire Constabulary,-2.888977,53.190799,On or near Eastgate Street,E01018326,Cheshire West and Chester 034A,Drugs,Under investigation,
3b283ee10431fc0f6996aefeabe36e2ece5a05cf7d16b6733e016315124f3256,2014-05,Cheshire Constabulary,Cheshire Constabulary,-2.890646,53.192602,On or near Abbey Street,E01018326,Cheshire West and Chester 034A,Drugs,Awaiting court outcome,
ba1eecef1baa141d900c6c13a3c230b1c22a26b7ba1f7f28393fad949e2234bb,2014-05,Cheshire Constabulary,Cheshire Constabulary,-2.890646,53.192602,On or near Abbey Street,E01018326,Cheshire West and Chester 034A,Drugs,Under investigation,
d374a7790d62634cea6a4ebed608bae8ee6d438d5e2a187d911ba69cc0cc7e2d,2014-05,Cheshire Constabulary,Cheshire Constabulary,-2.890754,53.191325,On or near St Werburgh Street,E01018326,Cheshire West and Chester 034A,Drugs,Offender given a caution,
eca308622b4f39d06c614a2233b2607cb83fdf936b63d2babc308a682342c460,2014-05,Cheshire Constabulary,Cheshire Constabulary,-2.884160,53.191626,On or near Foregate Street,E01018326,Cheshire West and Chester 034A,Drugs,Under investigation,
76dbbf2428efc19dc12cde6098a0c752eb431924855ce21a1ee47df9946c70c6,2014-05,Cheshire Constabulary,Cheshire Constabulary,-2.892704,53.193719,On or near Nightclub,E01018326,Cheshire West and Chester 034A,Drugs,Offender given a caution,
6fab74b73ba6c1049648ed180f23f1d1f728f84b7703f081c52b719bb69cc6db,2014-05,Cheshire Constabulary,Cheshire Constabulary,-2.890646,53.192602,On or near Abbey Street,E01018326,Cheshire West and Chester 034A,Drugs,Under investigation,
caee8b9756335f2ed23afbce4749cc675e61e0a2ecde7c5baf396a4da5be9467,2014-05,Cheshire Constabulary,Cheshire Constabulary,-2.891088,53.190828,On or near Nightclub,E01018326,Cheshire West and Chester 034A,Drugs,Offender given a caution,
acb9f6fa6e0bc4f9962f7ec86593df7ac5e28d1126b90601a253d1b5efa97f0e,2014-05,Cheshire Constabulary,Cheshire Constabulary,-2.891088,53.190828,On or near Nightclub,E01018326,Cheshire West and Chester 034A,Drugs,Offender given a caution,
0b966165285be800dd1cd4e8bec67f95b10d163cd6387e8d73f28b8f632621aa,2014-05,Cheshire Constabulary,Cheshire Constabulary,-2.891636,53.189098,On or near Nightclub,E01018326,Cheshire West and Chester 034A,Drugs,Awaiting court outcome,
0895d472ebf25aab61da81c1095996eeeffb57084898301629fd5c178f778385,2014-05,Cheshire Constabulary,Cheshire Constabulary,-2.891088,53.190828,On or near Nightclub,E01018326,Cheshire West and Chester 034A,Drugs,Under investigation,
a7bee3695b2a7348c87159eb10e95f440d8dfaecbabce5b33a34d7075e1ba44a,2014-05,Cheshire Constabulary,Cheshire Constabulary,-2.891281,53.189343,On or near Bridge Street,E01018326,Cheshire West and Chester 034A,Drugs,Offender given penalty notice,
a0a128285676f656969914a72f9f33c94807ac291b1b3b91df51f11994f19435,2014-05,Cheshire Constabulary,Cheshire Constabulary,-2.892476,53.192795,On or near Little Abbey Gateway,E01018326,Cheshire West and Chester 034A,Drugs,Under investigation,
636c3f50f0482aed1c552b1dcd475fdc2080e557d36bdc6266b52966bde52976,2014-05,Cheshire Constabulary,Cheshire Constabulary,-2.890646,53.192602,On or near Abbey Street,E01018326,Cheshire West and Chester 034A,Drugs,Under investigation,
ad9e6d868163aee4623a971a062e16c4cea055522cb490d2dc38528ed2aaf169,2014-05,Cheshire Constabulary,Cheshire Constabulary,-2.892790,53.189925,On or near Nightclub,E01018326,Cheshire West and Chester 034A,Other theft,Under investigation,
bfa9b18be88981c4f55f2bb8832bd2e3543fa3a76779f1657996e2bb14d90749,2014-05,Cheshire Constabulary,Cheshire Constabulary,-2.891281,53.189343,On or near Bridge Street,E01018326,Cheshire West and Chester 034A,Other theft,Investigation complete; no suspect identified,
a7aa1d3440b98f748552ef02bd9538b4d151852fd197761c2233bb6018e27be8,2014-05,Cheshire Constabulary,Cheshire Constabulary,-2.892904,53.191057,On or near Supermarket,E01018326,Cheshire West and Chester 034A,Other theft,Under investigation,
c1db67b7e8f216f08972d038d0f75e69a5184c83527f6f53214e0e25420ea003,2014-05,Cheshire Constabulary,Cheshire Constabulary,-2.887870,53.190133,On or near St John Street,E01018326,Cheshire West and Chester 034A,Other theft,Under investigation,
4213ac719dac18840c7e07e916fdbe5f8cd3118e83cd7f1f646ba77925a351ec,2014-05,Cheshire Constabulary,Cheshire Constabulary,-2.888736,53.189282,On or near Newgate Street,E01018326,Cheshire West and Chester 034A,Other theft,Investigation complete; no suspect identified,
a3f60a34860b2beba665193edeea1468f1d89ab959e28000646cb62a117a814f,2014-05,Cheshire Constabulary,Cheshire Constabulary,-2.895482,53.189797,On or near Linen Hall Place,E01018326,Cheshire West and Chester 034A,Other theft,Under investigation,
ce411b290a7440e70f51de4f2ec5fdb22814dc74fe01303a0039591ba669751d,2014-05,Cheshire Constabulary,Cheshire Constabulary,-2.886545,53.189720,On or near Lumley Place,E01018326,Cheshire West and Chester 034A,Other theft,Investigation complete; no suspect identified,
0ef463789a3eb3522d4d031a65d302ffa42cfa608aa0264c8a64b68254a9dae7,2014-05,Cheshire Constabulary,Cheshire Constabulary,-2.892904,53.191057,On or near Supermarket,E01018326,Cheshire West and Chester 034A,Other theft,Under investigation,
2d2c820a54e298c2a0e89c56e9982b8b180ec5a9310273dde954d0d8551b7b84,2014-05,Cheshire Constabulary,Cheshire Constabulary,-2.890041,53.190153,On or near Shopping Area,E01018326,Cheshire West and Chester 034A,Other theft,Investigation complete; no suspect identified,
dadca59d0085265e8ff23bb3a4bc4fb09fa1a3865444c6b0525ac043c5322166,2014-05,Cheshire Constabulary,Cheshire Constabulary,-2.888563,53.192501,On or near Frodsham Street,E01018326,Cheshire West and Chester 034A,Other theft,Under investigation,
e6c1a74f9167ba71d997d32d0531426ca1ac904416b2a999ef3e90c9385e068c,2014-05,Cheshire Constabulary,Cheshire Constabulary,-2.891088,53.190828,On or near Nightclub,E01018326,Cheshire West and Chester 034A,Other theft,Investigation complete; no suspect identified,
efad70ce90384b0bd4b443ef835d0a71f9d37acb3bff7a5d5a69787fdd0b25e1,2014-05,Cheshire Constabulary,Cheshire Constabulary,-2.887222,53.188430,On or near Souter'S Lane,E01018326,Cheshire West and Chester 034A,Other theft,Under investigation,
5d9a7637762adef8e54b25f9510e37bf7092aec0ac22a676578dd7cc32165c44,2014-05,Cheshire Constabulary,Cheshire Constabulary,-2.881265,53.191333,On or near The Headlands,E01018326,Cheshire West and Chester 034A,Other theft,Investigation complete; no suspect identified,
5e2a80b18749215a1618bd8a5209f68d93edd790917755d34b6349e787bd4e09,2014-05,Cheshire Constabulary,Cheshire Constabulary,-2.896993,53.189786,On or near Stanley Place Mews,E01018326,Cheshire West and Chester 034A,Other theft,Investigation complete; no suspect identified,
4b53ddcaf465fd7d6632e806e410426800c83d1a85b5f0f7aac4e35398d47bca,2014-05,Cheshire Constabulary,Cheshire Constabulary,-2.896993,53.189786,On or near Stanley Place Mews,E01018326,Cheshire West and Chester 034A,Other theft,Investigation complete; no suspect identified,
651344595b29a2c867c4510d409627298b8cfa72961e8f2b29c6674f42a98fec,2014-05,Cheshire Constabulary,Cheshire Constabulary,-2.891088,53.190828,On or near Nightclub,E01018326,Cheshire West and Chester 034A,Other theft,Investigation complete; no suspect identified,
ca0a862ce4465638feba8e9a7512dd63222811309115e626c9dd0697fa6e0e9d,2014-05,Cheshire Constabulary,Cheshire Constabulary,-2.891652,53.187714,On or near Grosvenor Place,E01018326,Cheshire West and Chester 034A,Other theft,Investigation complete; no suspect identified,
f32d9f540c5bd1b882582d3140120a37d58198d178a21bd5f9f54cbde4a7c75d,2014-05,Cheshire Constabulary,Cheshire Constabulary,-2.891281,53.189343,On or near Bridge Street,E01018326,Cheshire West and Chester 034A,Other theft,Investigation complete; no suspect identified,
351b5c07f02f53df2e1af338e83e49b1e96a9554ea90cae0e141b35a34b879bd,2014-05,Cheshire Constabulary,Cheshire Constabulary,-2.892583,53.191455,On or near Shopping Area,E01018326,Cheshire West and Chester 034A,Other theft,Investigation complete; no suspect identified,
e41e4781e149feab687a17075ceff014b76e2dcb547516b3f0dd34963a36b00f,2014-05,Cheshire Constabulary,Cheshire Constabulary,-2.884818,53.190911,On or near Love Street,E01018326,Cheshire West and Chester 034A,Other theft,Investigation complete; no suspect identified,
56a87c31c77ed14ef416f82d0cc77efb194c0a7a41e5d4d7fa7533c549f3c41f,2014-05,Cheshire Constabulary,Cheshire Constabulary,-2.886486,53.191240,On or near Foregate Street,E01018326,Cheshire West and Chester 034A,Possession of weapons,Awaiting court outcome,
4f287e115a5ffc48f28073efc40ecef7367f632fe296f81b6a446c50ce7996d0,2014-05,Cheshire Constabulary,Cheshire Constabulary,-2.896993,53.189786,On or near Stanley Place Mews,E01018326,Cheshire West and Chester 034A,Possession of weapons,Offender fined,
73d43eb33969fedf24ae562bea3835a27ce7ff41346ce887c0500c2232461c1b,2014-05,Cheshire Constabulary,Cheshire Constabulary,-2.888847,53.193946,On or near Gorse Stacks,E01018326,Cheshire West and Chester 034A,Possession of weapons,Awaiting court outcome,
c98cb57bc96e98c65da98ba83639a6091a179403d8d052a26a791fa179dbf535,2014-05,Cheshire Constabulary,Cheshire Constabulary,-2.886486,53.191240,On or near Foregate Street,E01018326,Cheshire West and Chester 034A,Possession of weapons,Formal action is not in the public interest,
b2920e67dd633567620950e858f9573461bee8b7ac28bc6a23fdb2ee8ee9ac6a,2014-05,Cheshire Constabulary,Cheshire Constabulary,-2.891281,53.189343,On or near Bridge Street,E01018326,Cheshire West and Chester 034A,Public order,Awaiting court outcome,
1487678968857e9de71faddef37da0ceaa08067d25ac3c80ba2d69c9d0a3831f,2014-05,Cheshire Constabulary,Cheshire Constabulary,-2.891088,53.190828,On or near Nightclub,E01018326,Cheshire West and Chester 034A,Public order,Offender given a caution,
4de266e06af5ddbd2e8f2aaf200d4d2c60042d897926ea402399747414eb05d5,2014-05,Cheshire Constabulary,Cheshire Constabulary,-2.881386,53.192132,On or near The Bars,E01018326,Cheshire West and Chester 034A,Public order,Under investigation,
026523556e28679d2c3f239cc5d1a50582a0c3ccc483187cb9582fbf78a2b9a8,2014-05,Cheshire Constabulary,Cheshire Constabulary,-2.891088,53.190828,On or near Nightclub,E01018326,Cheshire West and Chester 034A,Public order,Offender given penalty notice,
61c5b3ee6fd8a6873ce64bdb1ab11039f0c6ce14903e49f4ff4bc66124a7a1b5,2014-05,Cheshire Constabulary,Cheshire Constabulary,-2.896800,53.192745,On or near Brennus Place,E01018326,Cheshire West and Chester 034A,Public order,Under investigation,
952543c3c5d92f13acfe7c59132de585bdd48532fe7fcdbc460315f7da47b6d1,2014-05,Cheshire Constabulary,Cheshire Constabulary,-2.891088,53.190828,On or near Nightclub,E01018326,Cheshire West and Chester 034A,Public order,Offender fined,
b5f33d040ae53339874c4dad3a16ed4ad62c1f0ee6b941d196bd2f19eae1b613,2014-05,Cheshire Constabulary,Cheshire Constabulary,-2.889733,53.189004,On or near Shopping Area,E01018326,Cheshire West and Chester 034A,Public order,Under investigation,
dac00d2f0f2fbe53a562b99440fbf238a9fabb812bf9e1eeef592590cf3ac7e0,2014-05,Cheshire Constabulary,Cheshire Constabulary,-2.886486,53.191240,On or near Foregate Street,E01018326,Cheshire West and Chester 034A,Public order,Awaiting court outcome,
d5d2a1b239369f5e8f3f6bcff70d0cb6e1df41990b09f662d96d9b7e612edf8f,2014-05,Cheshire Constabulary,Cheshire Constabulary,-2.890380,53.185584,On or near Castle Drive,E01018326,Cheshire West and Chester 034A,Public order,Under investigation,
569634e01118b88befe8234b38e04a39a54e1f0573332a32a93c5085f38ebf69,2014-05,Cheshire Constabulary,Cheshire Constabulary,-2.891281,53.189343,On or near Bridge Street,E01018326,Cheshire West and Chester 034A,Public order,Offender given a caution,
73d6a3fb5f809a0d44d1d90f6d59556c39fd8509fa9357983ceac883e8b8656a,2014-05,Cheshire Constabulary,Cheshire Constabulary,-2.887870,53.190133,On or near St John Street,E01018326,Cheshire West and Chester 034A,Public order,Under investigation,
46b208d27a92651f7645ad5f72c5ed41b7928d3a647ab37d0739eb75ea4a9640,2014-05,Cheshire Constabulary,Cheshire Constabulary,-2.891281,53.189343,On or near Bridge Street,E01018326,Cheshire West and Chester 034A,Public order,Investigation complete; no suspect identified,
b51fbe6edbab1d6c51ccf9c73dc06973c88c4a03c141451f7533412129f5f870,2014-05,Cheshire Constabulary,Cheshire Constabulary,-2.891088,53.190828,On or near Nightclub,E01018326,Cheshire West and Chester 034A,Public order,Awaiting court outcome,
32b87cf11658ed8235361e955a685204ca60684befc2f7a64a1e016628a4db6b,2014-05,Cheshire Constabulary,Cheshire Constabulary,-2.888847,53.193946,On or near Gorse Stacks,E01018326,Cheshire West and Chester 034A,Robbery,Unable to prosecute suspect,
853a77f01e1affe16a1563a4708d2550eebcdcfa4bf94005892522714b53434e,2014-05,Cheshire Constabulary,Cheshire Constabulary,-2.888168,53.192207,On or near Union Walk,E01018326,Cheshire West and Chester 034A,Shoplifting,Under investigation,
8d75f15b8f6103aa215b13c94285075431a133cad13d01f087b03c6055b12898,2014-05,Cheshire Constabulary,Cheshire Constabulary,-2.885048,53.191880,On or near Shopping Area,E01018326,Cheshire West and Chester 034A,Shoplifting,Awaiting court outcome,
35184f4ab9c52ae1295cddc2fae9e1ef9d575875f2e6dfc3d025eae4d3da4137,2014-05,Cheshire Constabulary,Cheshire Constabulary,-2.887185,53.191720,On or near Shopping Area,E01018326,Cheshire West and Chester 034A,Shoplifting,Awaiting court outcome,
0efba0faff2bc977cdce0ec66920fb9ef193a77f1bbc3caeae4f4fb500a02a0a,2014-05,Cheshire Constabulary,Cheshire Constabulary,-2.888563,53.192501,On or near Frodsham Street,E01018326,Cheshire West and Chester 034A,Shoplifting,Offender given a caution,
658d76c573c369c97f81b99c96d1b812a342736fa23ea6b672570cecde6dbc43,2014-05,Cheshire Constabulary,Cheshire Constabulary,-2.884818,53.190911,On or near Love Street,E01018326,Cheshire West and Chester 034A,Shoplifting,Awaiting court outcome,
1d78873e76aac87056c62b79b8d0ea657918077ac06d90528e9bd66ff00fa5e9,2014-05,Cheshire Constabulary,Cheshire Constabulary,-2.888563,53.192501,On or near Frodsham Street,E01018326,Cheshire West and Chester 034A,Shoplifting,Awaiting court outcome,
c435424212dbf59c33fb7f259e7abd56b220a54109934b98f66654dbb83f2ff3,2014-05,Cheshire Constabulary,Cheshire Constabulary,-2.890041,53.190153,On or near Shopping Area,E01018326,Cheshire West and Chester 034A,Shoplifting,Awaiting court outcome,
85d313399ef6fdde6f2c16743380eb7e216a8946ef45fb66f32b9b437cfaae43,2014-05,Cheshire Constabulary,Cheshire Constabulary,-2.887185,53.191720,On or near Shopping Area,E01018326,Cheshire West and Chester 034A,Shoplifting,Awaiting court outcome,
dd93f2565ea6e8877142cf1cb9645d3b614a603d435f1173d6953043b5aa297a,2014-05,Cheshire Constabulary,Cheshire Constabulary,-2.888977,53.190799,On or near Eastgate Street,E01018326,Cheshire West and Chester 034A,Shoplifting,Under investigation,
4138adc86facc94965b08feebd6a0649f611bcf6f04df737d8411833b71bbcbd,2014-05,Cheshire Constabulary,Cheshire Constabulary,-2.891088,53.190828,On or near Nightclub,E01018326,Cheshire West and Chester 034A,Shoplifting,Awaiting court outcome,
7e6e723e7f7af4e24e82e9e1f9314af87ad29da29b624115ebc0a92486d13580,2014-05,Cheshire Constabulary,Cheshire Constabulary,-2.887185,53.191720,On or near Shopping Area,E01018326,Cheshire West and Chester 034A,Shoplifting,Under investigation,
cda8a5e863b7f52f79bb7ea86c752ee56c5044bbd158f59783260719ddcb541f,2014-05,Cheshire Constabulary,Cheshire Constabulary,-2.892583,53.191455,On or near Shopping Area,E01018326,Cheshire West and Chester 034A,Shoplifting,Investigation complete; no suspect identified,
d55efd1f08bc9039d9a85735ea5e8220d6ad0a8d376584e1cc97eacc94e699bd,2014-05,Cheshire Constabulary,Cheshire Constabulary,-2.889733,53.189004,On or near Shopping Area,E01018326,Cheshire West and Chester 034A,Shoplifting,Under investigation,
6cbe1366697c45b5d408c884c01fc832965e6a655811761b4445c86a0d4d88a3,2014-05,Cheshire Constabulary,Cheshire Constabulary,-2.890754,53.191325,On or near St Werburgh Street,E01018326,Cheshire West and Chester 034A,Shoplifting,Offender given community sentence,
c48262a2c7d4aab1ee5fc7963633653b31344ea0c1a52bed9fad3e431215eae8,2014-05,Cheshire Constabulary,Cheshire Constabulary,-2.891088,53.190828,On or near Nightclub,E01018326,Cheshire West and Chester 034A,Shoplifting,Under investigation,
82d128c845e6a24ba1304fde7a31c9ae565dc5256138044eed3a2e720b13a8df,2014-05,Cheshire Constabulary,Cheshire Constabulary,-2.884160,53.191626,On or near Foregate Street,E01018326,Cheshire West and Chester 034A,Shoplifting,Offender given suspended prison sentence,
378c7cd1620e4b6129fd8047a15306b160ac2a42d323b9e38ee27cdb5664994f,2014-05,Cheshire Constabulary,Cheshire Constabulary,-2.888563,53.192501,On or near Frodsham Street,E01018326,Cheshire West and Chester 034A,Shoplifting,Under investigation,
f198c7bad2cd0b0c0bd4ad6880a75c6e51c845a60427a644ad68e39312950a3e,2014-05,Cheshire Constabulary,Cheshire Constabulary,-2.890041,53.190153,On or near Shopping Area,E01018326,Cheshire West and Chester 034A,Shoplifting,Offender given suspended prison sentence,
d1abe391a5123bf8e31c0d0023e84170e3acc04ddf4ac872a968d23de6ad6876,2014-05,Cheshire Constabulary,Cheshire Constabulary,-2.891088,53.190828,On or near Nightclub,E01018326,Cheshire West and Chester 034A,Shoplifting,Under investigation,
b0e92823a7ff4940847e2d40f809a9310905d53f332839126b88e5b4caf191f3,2014-05,Cheshire Constabulary,Cheshire Constabulary,-2.888977,53.190799,On or near Eastgate Street,E01018326,Cheshire West and Chester 034A,Shoplifting,Investigation complete; no suspect identified,
0b5f943da9cf150c7f93f8f4493d3263a82a36cc0a67618fe8323e562e37fe8a,2014-05,Cheshire Constabulary,Cheshire Constabulary,-2.888563,53.192501,On or near Frodsham Street,E01018326,Cheshire West and Chester 034A,Shoplifting,Under investigation,
a3053d2ab47451440d63d9027ce4b9e84c94706f7b04b230fe4462dc4b27499d,2014-05,Cheshire Constabulary,Cheshire Constabulary,-2.886486,53.191240,On or near Foregate Street,E01018326,Cheshire West and Chester 034A,Shoplifting,Awaiting court outcome,
cbb749053fb2c6dff91b2f76deb000683c87ff6d6a94771f502b110b94691157,2014-05,Cheshire Constabulary,Cheshire Constabulary,-2.884818,53.190911,On or near Love Street,E01018326,Cheshire West and Chester 034A,Shoplifting,Under investigation,
95cbe659e25c02b8eae3368757a7aaaeef916ce959bda7e732a444ff66ed87b2,2014-05,Cheshire Constabulary,Cheshire Constabulary,-2.881265,53.191333,On or near The Headlands,E01018326,Cheshire West and Chester 034A,Shoplifting,Local resolution,
861118c698e57eda79dfd87c1b4a3aa5c4ad45cd420120ca695099647f76713a,2014-05,Cheshire Constabulary,Cheshire Constabulary,-2.890041,53.190153,On or near Shopping Area,E01018326,Cheshire West and Chester 034A,Shoplifting,Under investigation,
3735a536f2c2dba8b75d278679ee4e3592ccd274eb44471feccc4445cc2b9c08,2014-05,Cheshire Constabulary,Cheshire Constabulary,-2.890041,53.190153,On or near Shopping Area,E01018326,Cheshire West and Chester 034A,Shoplifting,Offender given a caution,
b49bc90e66fe3e1e99d4e1be144089377617344aad65e8683122e2689d249dcf,2014-05,Cheshire Constabulary,Cheshire Constabulary,-2.888977,53.190799,On or near Eastgate Street,E01018326,Cheshire West and Chester 034A,Shoplifting,Unable to prosecute suspect,
ba881a5e27c86f9e0d259a4053813c7f5a403fa50531ccae696ac78dd6da432f,2014-05,Cheshire Constabulary,Cheshire Constabulary,-2.890145,53.189406,On or near Parking Area,E01018326,Cheshire West and Chester 034A,Shoplifting,Investigation complete; no suspect identified,
94be81aa88c5feeabdd77874b38aae2ef8dce462a6a53527e064ce05f16903d4,2014-05,Cheshire Constabulary,Cheshire Constabulary,-2.884818,53.190911,On or near Love Street,E01018326,Cheshire West and Chester 034A,Shoplifting,Under investigation,
5f26e412bb09634da3e90c5e2220b2ea70b9cd6f96a8a7b4aede5b156f9b80c5,2014-05,Cheshire Constabulary,Cheshire Constabulary,-2.885048,53.191880,On or near Shopping Area,E01018326,Cheshire West and Chester 034A,Shoplifting,Awaiting court outcome,
e3b70c296e1b227bf1cd5c38241fcb74d6c462315bc1905f16bef72a725ec403,2014-05,Cheshire Constabulary,Cheshire Constabulary,-2.890041,53.190153,On or near Shopping Area,E01018326,Cheshire West and Chester 034A,Shoplifting,Under investigation,
bd78fae46ace29c491ba7de20ce73f5b296686b79a0811d4c6860dabbcd07d41,2014-05,Cheshire Constabulary,Cheshire Constabulary,-2.891088,53.190828,On or near Nightclub,E01018326,Cheshire West and Chester 034A,Shoplifting,Offender given a caution,
0c2c438db5932b69e2a331bb3feecc903f12bb15d6bc211e6a3e2b9065b50040,2014-05,Cheshire Constabulary,Cheshire Constabulary,-2.888563,53.192501,On or near Frodsham Street,E01018326,Cheshire West and Chester 034A,Shoplifting,Under investigation,
9221c6fbb4c8fe0a8ba8504b970d212c5a56c6255fcdb4d59d8f94cd57a0ef58,2014-05,Cheshire Constabulary,Cheshire Constabulary,-2.888563,53.192501,On or near Frodsham Street,E01018326,Cheshire West and Chester 034A,Shoplifting,Offender given a caution,
721a4795040b76117e70c256abd2811a6ab8e734e6e3dbacfdf5112e8265a055,2014-05,Cheshire Constabulary,Cheshire Constabulary,-2.887185,53.191720,On or near Shopping Area,E01018326,Cheshire West and Chester 034A,Shoplifting,Awaiting court outcome,
ffc2ece362e794bed5e1ca4f0d1b142a20bf902fb057433896bd38f3e2db5215,2014-05,Cheshire Constabulary,Cheshire Constabulary,-2.890041,53.190153,On or near Shopping Area,E01018326,Cheshire West and Chester 034A,Shoplifting,Awaiting court outcome,
5aec9b964ef73ca92b3e2f578df5fcfa5b9119a15001d7d2b1ee9ab9ec34e551,2014-05,Cheshire Constabulary,Cheshire Constabulary,-2.884818,53.190911,On or near Love Street,E01018326,Cheshire West and Chester 034A,Shoplifting,Awaiting court outcome,
9cf84caa75eeff72ee114f9d92262457f1ab9b0ab94bab559f487cefb2ef5f16,2014-05,Cheshire Constabulary,Cheshire Constabulary,-2.890754,53.191325,On or near St Werburgh Street,E01018326,Cheshire West and Chester 034A,Shoplifting,Awaiting court outcome,
090c28cdddacef5affc8454c8bb3af0d89adf51f2309bf123f5cdb3120f27a95,2014-05,Cheshire Constabulary,Cheshire Constabulary,-2.888563,53.192501,On or near Frodsham Street,E01018326,Cheshire West and Chester 034A,Shoplifting,Offender sent to prison,
11a2eadf02a88da1b61a0e08fcff89903ca591d49b712d69afbfe8be9c0cbfb9,2014-05,Cheshire Constabulary,Cheshire Constabulary,-2.884160,53.191626,On or near Foregate Street,E01018326,Cheshire West and Chester 034A,Shoplifting,Awaiting court outcome,
2cdedc9ce214e2dc05d8e40b510c98138c3eac1c9d11d9a2398ba23147875cc1,2014-05,Cheshire Constabulary,Cheshire Constabulary,-2.888563,53.192501,On or near Frodsham Street,E01018326,Cheshire West and Chester 034A,Shoplifting,Offender given a caution,
ff09f58a411cd030a744b96c6bfee6604a80bd33e3d8a48272c791b2f530bbf9,2014-05,Cheshire Constabulary,Cheshire Constabulary,-2.887185,53.191720,On or near Shopping Area,E01018326,Cheshire West and Chester 034A,Shoplifting,Offender given suspended prison sentence,
db58116a608fb2cef9f41ff5a36f4ec2f7c59f46244244906379009fe8073de4,2014-05,Cheshire Constabulary,Cheshire Constabulary,-2.888563,53.192501,On or near Frodsham Street,E01018326,Cheshire West and Chester 034A,Shoplifting,Offender given a caution,
4bb01da3fa9a4e33124a50fd1958f2addb08d136b11e60add880bbdf82eec0d0,2014-05,Cheshire Constabulary,Cheshire Constabulary,-2.887185,53.191720,On or near Shopping Area,E01018326,Cheshire West and Chester 034A,Shoplifting,Awaiting court outcome,
949bb7fbd5f65360dc3e397b0251b0fe4b1d85b13e8c12cc6ae69cb5aced0427,2014-05,Cheshire Constabulary,Cheshire Constabulary,-2.885048,53.191880,On or near Shopping Area,E01018326,Cheshire West and Chester 034A,Shoplifting,Awaiting court outcome,
8dff1d584402d892da34d71081199ff93c925d63a24ae1cd85c6f556265cd328,2014-05,Cheshire Constabulary,Cheshire Constabulary,-2.891281,53.189343,On or near Bridge Street,E01018326,Cheshire West and Chester 034A,Shoplifting,Unable to prosecute suspect,
32c91e8fe1ca4710144ed3a50dd73994fcd051992e077fb3d52563c1bb63624d,2014-05,Cheshire Constabulary,Cheshire Constabulary,-2.890754,53.191325,On or near St Werburgh Street,E01018326,Cheshire West and Chester 034A,Shoplifting,Under investigation,
7e915c58240daeee2e571813ad8d733e12322281e7dec9e3cd3a4264145ed767,2014-05,Cheshire Constabulary,Cheshire Constabulary,-2.881386,53.192132,On or near The Bars,E01018326,Cheshire West and Chester 034A,Shoplifting,Local resolution,
471776506f6c4374cb41bcb01ffc5b7c97f32872d6ab7e3daf92cf7d160b0f2a,2014-05,Cheshire Constabulary,Cheshire Constabulary,-2.887185,53.191720,On or near Shopping Area,E01018326,Cheshire West and Chester 034A,Shoplifting,Awaiting court outcome,
202e02b1328c0fd292a0282d43220e3429be2affa43252435ab33d77937d2dcd,2014-05,Cheshire Constabulary,Cheshire Constabulary,-2.891088,53.190828,On or near Nightclub,E01018326,Cheshire West and Chester 034A,Shoplifting,Awaiting court outcome,
fc720213ccc121afd10aa2ba12840ec00c9d7c212d745b1fbdc1cc8e5a9d445d,2014-05,Cheshire Constabulary,Cheshire Constabulary,-2.888563,53.192501,On or near Frodsham Street,E01018326,Cheshire West and Chester 034A,Shoplifting,Under investigation,
3d4d715865de28be3b464ce60e99f4467e5e0bf496d81df5b34d092e44c326e9,2014-05,Cheshire Constabulary,Cheshire Constabulary,-2.888563,53.192501,On or near Frodsham Street,E01018326,Cheshire West and Chester 034A,Shoplifting,Local resolution,
3bb679e8be73b69868f848b0631a4de6813d205af8416f1d83bb7355cdbae640,2014-05,Cheshire Constabulary,Cheshire Constabulary,-2.890145,53.189406,On or near Parking Area,E01018326,Cheshire West and Chester 034A,Shoplifting,Awaiting court outcome,
3c6114f0c5bc51ee7df23edbeba75c7c957160223a674d087f0104708168e059,2014-05,Cheshire Constabulary,Cheshire Constabulary,-2.888168,53.192207,On or near Union Walk,E01018326,Cheshire West and Chester 034A,Shoplifting,Offender fined,
3a022b003c1eee1779c721e66a4ed23fdd475ebb6c5a798b9d40f59f706ea7e2,2014-05,Cheshire Constabulary,Cheshire Constabulary,-2.888736,53.189282,On or near Newgate Street,E01018326,Cheshire West and Chester 034A,Theft from the person,Investigation complete; no suspect identified,
beb6d140b20e615104608c45981cd42d34c1734f95592970f431dbb8bebe50b8,2014-05,Cheshire Constabulary,Cheshire Constabulary,-2.890251,53.187293,On or near Lower Bridge Street,E01018326,Cheshire West and Chester 034A,Theft from the person,Investigation complete; no suspect identified,
29717b27001f9416b9c72dfc8f47fb6c7ee26907064bdf250615d221b8e18e9a,2014-05,Cheshire Constabulary,Cheshire Constabulary,-2.884818,53.190911,On or near Love Street,E01018326,Cheshire West and Chester 034A,Theft from the person,Investigation complete; no suspect identified,
09f07c2f2becc204eb49811d1767b679d96ac3d69616a5773180e5afdc0753e5,2014-05,Cheshire Constabulary,Cheshire Constabulary,-2.888977,53.190799,On or near Eastgate Street,E01018326,Cheshire West and Chester 034A,Theft from the person,Investigation complete; no suspect identified,
b132edb26aa8d1040781043b5fc19b6e6242ff0c5b913ebb6a91e39ad9328c23,2014-05,Cheshire Constabulary,Cheshire Constabulary,-2.888977,53.190799,On or near Eastgate Street,E01018326,Cheshire West and Chester 034A,Theft from the person,Investigation complete; no suspect identified,
61791f3f80a459f81d83ee581003002777bf802c335bdf84e02af1289cd69bf5,2014-05,Cheshire Constabulary,Cheshire Constabulary,-2.888563,53.192501,On or near Frodsham Street,E01018326,Cheshire West and Chester 034A,Theft from the person,Under investigation,
d57259809f78c070828e0296dbada66b34e1dcd11923c5a3694c3e3e51c0e4e2,2014-05,Cheshire Constabulary,Cheshire Constabulary,-2.892583,53.191455,On or near Shopping Area,E01018326,Cheshire West and Chester 034A,Theft from the person,Under investigation,
81f78a66a98316542c32ea1088ad1aa52fb0bc4d86636a8b4e9297509c7ee2b2,2014-05,Cheshire Constabulary,Cheshire Constabulary,-2.887222,53.188430,On or near Souter'S Lane,E01018326,Cheshire West and Chester 034A,Vehicle crime,Under investigation,
f7613f963d2b3317a0d9a0b09a53fcde409dd1fc65c9e02daf5a2f25d998e1e7,2014-05,Cheshire Constabulary,Cheshire Constabulary,-2.894719,53.190558,On or near Parking Area,E01018326,Cheshire West and Chester 034A,Vehicle crime,Under investigation,
b9c36bb236cc6538d762a0ae7440432954990578a4b7f026a6b280cdc293449d,2014-05,Cheshire Constabulary,Cheshire Constabulary,-2.891652,53.187714,On or near Grosvenor Place,E01018326,Cheshire West and Chester 034A,Violence and sexual offences,Under investigation,
04e022d33815a5fab880070dbd4d73ef9e9eb319114a79c5f62b651bcaa5c67d,2014-05,Cheshire Constabulary,Cheshire Constabulary,-2.884160,53.191626,On or near Foregate Street,E01018326,Cheshire West and Chester 034A,Violence and sexual offences,Under investigation,
a46c0cf98a004b6cfa2940d89758b2bc878636196dd790fec24fa0043463e94a,2014-05,Cheshire Constabulary,Cheshire Constabulary,-2.891088,53.190828,On or near Nightclub,E01018326,Cheshire West and Chester 034A,Violence and sexual offences,Awaiting court outcome,
cfb5eae038d9b6d9ae96a9a4c0e37f7d594bb1c0b5971921fffb58ed0eb30cf5,2014-05,Cheshire Constabulary,Cheshire Constabulary,-2.892476,53.192795,On or near Little Abbey Gateway,E01018326,Cheshire West and Chester 034A,Violence and sexual offences,Investigation complete; no suspect identified,
c3d368139aba5e757e0084c153fee634218cb002a1d6c0d8311989795e482234,2014-05,Cheshire Constabulary,Cheshire Constabulary,-2.892591,53.191869,On or near Police Station,E01018326,Cheshire West and Chester 034A,Violence and sexual offences,Under investigation,
1f4d647acc147bc2340348687cbbd6672f97ced281a6661e03c78eb7e1423d4b,2014-05,Cheshire Constabulary,Cheshire Constabulary,-2.888168,53.192207,On or near Union Walk,E01018326,Cheshire West and Chester 034A,Violence and sexual offences,Under investigation,
30f553ee2ea25ac9f8041182c3c2053aa4703312433e68c7434a192979c017b6,2014-05,Cheshire Constabulary,Cheshire Constabulary,-2.891088,53.190828,On or near Nightclub,E01018326,Cheshire West and Chester 034A,Violence and sexual offences,Under investigation,
643c19756f0fcc2b750ef86fbd5660d0bb15871472b583dd52ad5a42878cf719,2014-05,Cheshire Constabulary,Cheshire Constabulary,-2.888753,53.187232,On or near Duke Street,E01018326,Cheshire West and Chester 034A,Violence and sexual offences,Under investigation,
a4be37ae799ea39df1df6e4d8e866ec8a17a67831a724da03eb4ea8aca72c72f,2014-05,Cheshire Constabulary,Cheshire Constabulary,-2.886380,53.194773,On or near Brook Street,E01018326,Cheshire West and Chester 034A,Violence and sexual offences,Under investigation,
d1872f29b66ed40622eec0b3c2bc94d7f68cbb1ba060f5d78bf1c709877fe148,2014-05,Cheshire Constabulary,Cheshire Constabulary,-2.892373,53.188553,On or near White Friars,E01018326,Cheshire West and Chester 034A,Violence and sexual offences,Under investigation,
7c91116c62fbc809ecf710d4e5f4cbade9a356c83859048014b677567b6abc44,2014-05,Cheshire Constabulary,Cheshire Constabulary,-2.887185,53.191720,On or near Shopping Area,E01018326,Cheshire West and Chester 034A,Violence and sexual offences,Under investigation,
aad8bf52997c77454416d4669e67d74c8308dda1dabceab7ef114c5f9ac6b3b4,2014-05,Cheshire Constabulary,Cheshire Constabulary,-2.896993,53.189786,On or near Stanley Place Mews,E01018326,Cheshire West and Chester 034A,Violence and sexual offences,Unable to prosecute suspect,
c29a914ec5fcaa48730fe45a3fe79639d45d841e0646a8cd17bc4f3fcb1799f5,2014-05,Cheshire Constabulary,Cheshire Constabulary,-2.895482,53.189797,On or near Linen Hall Place,E01018326,Cheshire West and Chester 034A,Violence and sexual offences,Under investigation,
f4b54685db0c070c39041bce95ce35de45bf07c7885e592d1b77a816c133f946,2014-05,Cheshire Constabulary,Cheshire Constabulary,-2.890380,53.185584,On or near Castle Drive,E01018326,Cheshire West and Chester 034A,Violence and sexual offences,Under investigation,
e196b63389c4b68a39f584c8960a954506372b6a35da49938e8b4aab8b12edc0,2014-05,Cheshire Constabulary,Cheshire Constabulary,-2.889591,53.190102,On or near Parking Area,E01018326,Cheshire West and Chester 034A,Violence and sexual offences,Under investigation,
47f220eb592b0248fda45bcc4ab601b7e13a2f8b29eb43a542adf94bbe90b2f5,2014-05,Cheshire Constabulary,Cheshire Constabulary,-2.886486,53.191240,On or near Foregate Street,E01018326,Cheshire West and Chester 034A,Violence and sexual offences,Under investigation,
59b6ef9e9b7b85a015a39703ef405ce9c9c6fa03c167cce66fb9a633db40ea2f,2014-05,Cheshire Constabulary,Cheshire Constabulary,-2.884160,53.191626,On or near Foregate Street,E01018326,Cheshire West and Chester 034A,Violence and sexual offences,Under investigation,
0366088573f89cb1befbaa5e6a5782d788b3da4e1789bedd8dd8e3e2681af124,2014-05,Cheshire Constabulary,Cheshire Constabulary,-2.888847,53.193946,On or near Gorse Stacks,E01018326,Cheshire West and Chester 034A,Violence and sexual offences,Unable to prosecute suspect,
27cc737db22f576d6b8e942f1cb65c749cda0ddf52403d94c7bda65aea6c7914,2014-05,Cheshire Constabulary,Cheshire Constabulary,-2.893345,53.189993,On or near Watergate Street,E01018326,Cheshire West and Chester 034A,Violence and sexual offences,Under investigation,
ba870e60639f57372533ceb3c5ca47a910587e49d69b24e88f89c122018b753b,2014-05,Cheshire Constabulary,Cheshire Constabulary,-2.891088,53.190828,On or near Nightclub,E01018326,Cheshire West and Chester 034A,Violence and sexual offences,Awaiting court outcome,
bc177200ae3db96d1826ffc27e0c62e6c42d5648324697c15ad6bc10b4c4f56c,2014-05,Cheshire Constabulary,Cheshire Constabulary,-2.891088,53.190828,On or near Nightclub,E01018326,Cheshire West and Chester 034A,Violence and sexual offences,Under investigation,
6f1dae4f7fe99b0ede490b8ff658a45d49fe6ecc530be25ed38dbb2677fee8a0,2014-05,Cheshire Constabulary,Cheshire Constabulary,-2.891088,53.190828,On or near Nightclub,E01018326,Cheshire West and Chester 034A,Violence and sexual offences,Unable to prosecute suspect,
9443c80527161b25d70f29d82f973ee36dbeb02cec9722eb1b8bb42a1f78140c,2014-05,Cheshire Constabulary,Cheshire Constabulary,-2.889460,53.188108,On or near Parking Area,E01018326,Cheshire West and Chester 034A,Violence and sexual offences,Under investigation,
e8afef04adae78cb55f4ac6662e540c7cfd261aeac004473384305d289e926ab,2014-05,Cheshire Constabulary,Cheshire Constabulary,-2.892793,53.192946,On or near Northgate Street,E01018326,Cheshire West and Chester 034A,Violence and sexual offences,Offender given a caution,
db66c72d576a60be88a398098e0f726a379fea78ee827d57ce2b81ec372b065a,2014-05,Cheshire Constabulary,Cheshire Constabulary,-2.891088,53.190828,On or near Nightclub,E01018326,Cheshire West and Chester 034A,Violence and sexual offences,Under investigation,
2fe1b16914c3a78b4736eb53c3458d3b71e0fbd5c15a43b9cc9f9ab6d5f46bae,2014-05,Cheshire Constabulary,Cheshire Constabulary,-2.892790,53.189925,On or near Nightclub,E01018326,Cheshire West and Chester 034A,Violence and sexual offences,Awaiting court outcome,
1abf97fcf7ff912ad9409d0529504eef6f381aad52f8f09acfb0989912af9e6a,2014-05,Cheshire Constabulary,Cheshire Constabulary,-2.893345,53.189993,On or near Watergate Street,E01018326,Cheshire West and Chester 034A,Violence and sexual offences,Under investigation,
c9ce450981bf19816b6aaf34fa157401705a16f8713db2e22774994b5d75c963,2014-05,Cheshire Constabulary,Cheshire Constabulary,-2.884160,53.191626,On or near Foregate Street,E01018326,Cheshire West and Chester 034A,Violence and sexual offences,Offender given a caution,
89f3d00c72feac2453238557d7f4bf2e702fc3746877b900276e637bfe8d12fa,2014-05,Cheshire Constabulary,Cheshire Constabulary,-2.886486,53.191240,On or near Foregate Street,E01018326,Cheshire West and Chester 034A,Violence and sexual offences,Awaiting court outcome,
6273674cc118e73c3c8d1acdd2a6286cc4e89ca00e0b2595122db17834f16580,2014-05,Cheshire Constabulary,Cheshire Constabulary,-2.887870,53.190133,On or near St John Street,E01018326,Cheshire West and Chester 034A,Violence and sexual offences,Unable to prosecute suspect,
faa9e83efc884c97269837c9b670c5d2881eb9f7cffd9462def27ad14dcc76ca,2014-05,Cheshire Constabulary,Cheshire Constabulary,-2.885232,53.192849,On or near York Street,E01018326,Cheshire West and Chester 034A,Violence and sexual offences,Unable to prosecute suspect,
261479ac32ab0ae7a92c3b3b28bdb941a00c307d71e0f62f22a5f32a7d0a5998,2014-05,Cheshire Constabulary,Cheshire Constabulary,-2.886486,53.191240,On or near Foregate Street,E01018326,Cheshire West and Chester 034A,Violence and sexual offences,Unable to prosecute suspect,
14dbdaacf4b28b75f81bc9be3b4acc6481ba09477b9cc9d6fca7ae6f2a531c3d,2014-05,Cheshire Constabulary,Cheshire Constabulary,-2.891088,53.190828,On or near Nightclub,E01018326,Cheshire West and Chester 034A,Violence and sexual offences,Unable to prosecute suspect,
66089834be012952517601387c7c8fd198c3e6a82fe4b50d8f87854c79267f85,2014-05,Cheshire Constabulary,Cheshire Constabulary,-2.888121,53.187767,On or near Albion Place,E01018326,Cheshire West and Chester 034A,Violence and sexual offences,Investigation complete; no suspect identified,
6f2517d5b2d2205bf15f3e6eabeea1a4043f8ea378274e45d64f5830bde240a8,2014-05,Cheshire Constabulary,Cheshire Constabulary,-2.891088,53.190828,On or near Nightclub,E01018326,Cheshire West and Chester 034A,Violence and sexual offences,Investigation complete; no suspect identified,
738525a15b5e4ab488b13b25423be6a57551742ac88673a44ba166767c7eceab,2014-05,Cheshire Constabulary,Cheshire Constabulary,-2.886359,53.193030,On or near Back Queen Street,E01018326,Cheshire West and Chester 034A,Violence and sexual offences,Investigation complete; no suspect identified,
a91442686730b2c71e2c0f71a6589dc26b15210b56eba1e68acd2f1f0ea23aa8,2014-05,Cheshire Constabulary,Cheshire Constabulary,-2.891088,53.190828,On or near Nightclub,E01018326,Cheshire West and Chester 034A,Violence and sexual offences,Unable to prosecute suspect,
e16fc88e8e49401c6ab381725212dbe99a54caf898d89f1928c3edba4d9e9d35,2014-05,Cheshire Constabulary,Cheshire Constabulary,-2.887870,53.190133,On or near St John Street,E01018326,Cheshire West and Chester 034A,Violence and sexual offences,Awaiting court outcome,
74e8b5fcfc061ebf9c219017ad8d740d805f94f0bbefb1fe6fd37a1ace035bed,2014-05,Cheshire Constabulary,Cheshire Constabulary,-2.892790,53.189925,On or near Nightclub,E01018326,Cheshire West and Chester 034A,Violence and sexual offences,Local resolution,
8ba5d533ad92564d7e23e8a2f02b6fdbf034a72ee5c12e030649bf54743ec2cb,2014-05,Cheshire Constabulary,Cheshire Constabulary,-2.891088,53.190828,On or near Nightclub,E01018326,Cheshire West and Chester 034A,Violence and sexual offences,Unable to prosecute suspect,
688cbce0b1f87ef1174dcc500a7ca47766e48d7e176bba2840310bbf5588e6a1,2014-05,Cheshire Constabulary,Cheshire Constabulary,-2.888977,53.190799,On or near Eastgate Street,E01018326,Cheshire West and Chester 034A,Other crime,Under investigation,
2938f861b39be863d93e55de41fdf6fc46e4c70b55f430d18bdd242580eb1e66,2014-05,Cheshire Constabulary,Cheshire Constabulary,-2.890380,53.185584,On or near Castle Drive,E01018326,Cheshire West and Chester 034A,Other crime,Under investigation,
7ff64654147f8decf4e199484e0a175f3569e8d833287c504e1a2b981a3419bf,2014-05,Cheshire Constabulary,Cheshire Constabulary,-2.888977,53.190799,On or near Eastgate Street,E01018326,Cheshire West and Chester 034A,Other crime,Under investigation,
,2014-05,Cheshire Constabulary,Cheshire Constabulary,-2.894780,53.197776,On or near Petrol Station,E01018328,Cheshire West and Chester 034B,Anti-social behaviour,,
,2014-05,Cheshire Constabulary,Cheshire Constabulary,-2.899976,53.196424,On or near Cambrian Road,E01018328,Cheshire West and Chester 034B,Anti-social behaviour,,
,2014-05,Cheshire Constabulary,Cheshire Constabulary,-2.899976,53.196424,On or near Cambrian Road,E01018328,Cheshire West and Chester 034B,Anti-social behaviour,,
,2014-05,Cheshire Constabulary,Cheshire Constabulary,-2.900164,53.197556,On or near Denbigh Street,E01018328,Cheshire West and Chester 034B,Anti-social behaviour,,
,2014-05,Cheshire Constabulary,Cheshire Constabulary,-2.894780,53.197776,On or near Petrol Station,E01018328,Cheshire West and Chester 034B,Anti-social behaviour,,
,2014-05,Cheshire Constabulary,Cheshire Constabulary,-2.899976,53.196424,On or near Cambrian Road,E01018328,Cheshire West and Chester 034B,Anti-social behaviour,,
,2014-05,Cheshire Constabulary,Cheshire Constabulary,-2.899976,53.196424,On or near Cambrian Road,E01018328,Cheshire West and Chester 034B,Anti-social behaviour,,
,2014-05,Cheshire Constabulary,Cheshire Constabulary,-2.899976,53.196424,On or near Cambrian Road,E01018328,Cheshire West and Chester 034B,Anti-social behaviour,,
,2014-05,Cheshire Constabulary,Cheshire Constabulary,-2.899976,53.196424,On or near Cambrian Road,E01018328,Cheshire West and Chester 034B,Anti-social behaviour,,
86a0c583c68555170c3f7f590102763ad61e43485666c144d9e8da22567d2bfe,2014-05,Cheshire Constabulary,Cheshire Constabulary,-2.898076,53.198641,On or near Further/Higher Educational Building,E01018328,Cheshire West and Chester 034B,Bicycle theft,Investigation complete; no suspect identified,
c103cb1fa2887e1bd140f35ba59f4d3e67ec572b7a05b6de42d22b432a8fc3b6,2014-05,Cheshire Constabulary,Cheshire Constabulary,-2.898076,53.198641,On or near Further/Higher Educational Building,E01018328,Cheshire West and Chester 034B,Robbery,Under investigation,
d7ab7f6e6cddc37dc0bf733e3cd0c6203c4ff49727d1ce9c0d9b63c1c3e0069d,2014-05,Cheshire Constabulary,Cheshire Constabulary,-2.898082,53.196052,On or near Garden Lane,E01018328,Cheshire West and Chester 034B,Shoplifting,Awaiting court outcome,
4519b0a3bc55d7b49bac13d53fbc8a831c400281ff8405699750091b2c294ea8,2014-05,Cheshire Constabulary,Cheshire Constabulary,-2.898386,53.197012,On or near Bouverie Street,E01018328,Cheshire West and Chester 034B,Vehicle crime,Under investigation,
a19c1a625d80b274b5f54a8c6b50d582d18efe1ba6171d2b1e9663ed4a375d4f,2014-05,Cheshire Constabulary,Cheshire Constabulary,-2.900164,53.197556,On or near Denbigh Street,E01018328,Cheshire West and Chester 034B,Vehicle crime,Investigation complete; no suspect identified,
70fded7a0dae66513d75ee6e1567044db23e552f755ee6674355f7362242fe08,2014-05,Cheshire Constabulary,Cheshire Constabulary,-2.895236,53.199570,On or near Abbot'S Grange,E01018328,Cheshire West and Chester 034B,Vehicle crime,Investigation complete; no suspect identified,
,2014-05,Cheshire Constabulary,Cheshire Constabulary,-2.898452,53.195843,On or near Louise Street,E01018329,Cheshire West and Chester 034C,Anti-social behaviour,,
,2014-05,Cheshire Constabulary,Cheshire Constabulary,-2.901248,53.192837,On or near Old Port Square,E01018329,Cheshire West and Chester 034C,Anti-social behaviour,,
,2014-05,Cheshire Constabulary,Cheshire Constabulary,-2.893637,53.194665,On or near Upper Northgate Street,E01018329,Cheshire West and Chester 034C,Anti-social behaviour,,
,2014-05,Cheshire Constabulary,Cheshire Constabulary,-2.893637,53.194665,On or near Upper Northgate Street,E01018329,Cheshire West and Chester 034C,Anti-social behaviour,,
,2014-05,Cheshire Constabulary,Cheshire Constabulary,-2.893637,53.194665,On or near Upper Northgate Street,E01018329,Cheshire West and Chester 034C,Anti-social behaviour,,
,2014-05,Cheshire Constabulary,Cheshire Constabulary,-2.893075,53.197142,On or near Abbot'S Nook,E01018329,Cheshire West and Chester 034C,Anti-social behaviour,,
,2014-05,Cheshire Constabulary,Cheshire Constabulary,-2.892698,53.195580,On or near St Oswalds Way,E01018329,Cheshire West and Chester 034C,Anti-social behaviour,,
,2014-05,Cheshire Constabulary,Cheshire Constabulary,-2.900193,53.192503,On or near Tower Road,E01018329,Cheshire West and Chester 034C,Anti-social behaviour,,
,2014-05,Cheshire Constabulary,Cheshire Constabulary,-2.900621,53.190100,On or near Kitchen Street,E01018329,Cheshire West and Chester 034C,Anti-social behaviour,,
,2014-05,Cheshire Constabulary,Cheshire Constabulary,-2.901642,53.191639,On or near New Crane Street,E01018329,Cheshire West and Chester 034C,Anti-social behaviour,,
ab1f250e3dfca10ebf34321a6e4d56e30955b27fd425224a1469ef491c608ce6,2014-05,Cheshire Constabulary,Cheshire Constabulary,-2.901248,53.192837,On or near Old Port Square,E01018329,Cheshire West and Chester 034C,Bicycle theft,Under investigation,
2c8863df28a4e3ec9dbf99db9fec50378e3c3ae8036075a8880dad2a9560515a,2014-05,Cheshire Constabulary,Cheshire Constabulary,-2.901642,53.191639,On or near New Crane Street,E01018329,Cheshire West and Chester 034C,Burglary,Under investigation,
b8a7242bb3de97e17c3213907926ad34f1db7e567775019d6e1350999aa89d90,2014-05,Cheshire Constabulary,Cheshire Constabulary,-2.898452,53.195843,On or near Louise Street,E01018329,Cheshire West and Chester 034C,Criminal damage and arson,Awaiting court outcome,
5daa5c14430f1b65f27a02e90966dd5026193f2f54ddde1f4b24b1e059ed9616,2014-05,Cheshire Constabulary,Cheshire Constabulary,-2.892698,53.195580,On or near St Oswalds Way,E01018329,Cheshire West and Chester 034C,Criminal damage and arson,Under investigation,
a4a619ceff82fd5ca11c5291846ff5c3ae0d279aaf2009a8c2c9aad75d893f36,2014-05,Cheshire Constabulary,Cheshire Constabulary,-2.894542,53.196438,On or near Upper Northgate Street,E01018329,Cheshire West and Chester 034C,Vehicle crime,Investigation complete; no suspect identified,
f4db74379b93fb84bc251ad93d33ccb4bfc222d3afe88255614c699832fb53b0,2014-05,Cheshire Constabulary,Cheshire Constabulary,-2.893637,53.194665,On or near Upper Northgate Street,E01018329,Cheshire West and Chester 034C,Vehicle crime,Investigation complete; no suspect identified,
883d446590f34e6067d597b1c0f6f96e89c6322a2f9f7c4ec0871cfdc5061413,2014-05,Cheshire Constabulary,Cheshire Constabulary,-2.900193,53.192503,On or near Tower Road,E01018329,Cheshire West and Chester 034C,Vehicle crime,Investigation complete; no suspect identified,
d588e794238ac79cd954f5f3526f9284b9a8dd3d00d1b7f81a5c6a5a30ee7294,2014-05,Cheshire Constabulary,Cheshire Constabulary,-2.893637,53.194665,On or near Upper Northgate Street,E01018329,Cheshire West and Chester 034C,Violence and sexual offences,Under investigation,
7aa62aa6a96797c33b32b381d10307fb658b81829eb8b840843fe33c8690e428,2014-05,Cheshire Constabulary,Cheshire Constabulary,-2.899191,53.196143,On or near Orchard Street,E01018329,Cheshire West and Chester 034C,Violence and sexual offences,Awaiting court outcome,
,2014-05,Cheshire Constabulary,Cheshire Constabulary,-2.927078,53.193331,On or near Minerva Avenue,E01018330,Cheshire West and Chester 034D,Anti-social behaviour,,
,2014-05,Cheshire Constabulary,Cheshire Constabulary,-2.921119,53.195355,On or near Sealand Road,E01018330,Cheshire West and Chester 034D,Anti-social behaviour,,
,2014-05,Cheshire Constabulary,Cheshire Constabulary,-2.914730,53.196887,On or near Greyhound Park Road,E01018330,Cheshire West and Chester 034D,Anti-social behaviour,,
,2014-05,Cheshire Constabulary,Cheshire Constabulary,-2.917484,53.195482,On or near Sealand Road,E01018330,Cheshire West and Chester 034D,Anti-social behaviour,,
,2014-05,Cheshire Constabulary,Cheshire Constabulary,-2.916572,53.192010,On or near Bumper'S Lane,E01018330,Cheshire West and Chester 034D,Anti-social behaviour,,
,2014-05,Cheshire Constabulary,Cheshire Constabulary,-2.914730,53.196887,On or near Greyhound Park Road,E01018330,Cheshire West and Chester 034D,Anti-social behaviour,,
,2014-05,Cheshire Constabulary,Cheshire Constabulary,-2.914730,53.196887,On or near Greyhound Park Road,E01018330,Cheshire West and Chester 034D,Anti-social behaviour,,
943bd11ee77a52b71905853063c8c44d59ab6cf4b30a7cd91b9c3d6fead03cf7,2014-05,Cheshire Constabulary,Cheshire Constabulary,-2.910645,53.196244,On or near Shopping Area,E01018330,Cheshire West and Chester 034D,Bicycle theft,Under investigation,
0d35fecd62a2b8fd65518089ab5e50c03bea5dfe22c084211154db9cff684f45,2014-05,Cheshire Constabulary,Cheshire Constabulary,-2.914737,53.204240,On or near Blacon Hall Road,E01018330,Cheshire West and Chester 034D,Burglary,Investigation complete; no suspect identified,
353fd5605f0b9ef0d9f9f57c983ffc24a74d58ec9684b5bb31d3bed750c9f65b,2014-05,Cheshire Constabulary,Cheshire Constabulary,-2.910645,53.196244,On or near Shopping Area,E01018330,Cheshire West and Chester 034D,Criminal damage and arson,Under investigation,
dabff31849a4adee7d2744db9bda16b2190474926ce1e5fc192d98f944c760ec,2014-05,Cheshire Constabulary,Cheshire Constabulary,-2.917484,53.195482,On or near Sealand Road,E01018330,Cheshire West and Chester 034D,Public order,Awaiting court outcome,
21941c7426b8a01a142601f2f53d69708d55d5edafc7267324dd70c81ae8747d,2014-05,Cheshire Constabulary,Cheshire Constabulary,-2.907737,53.195359,On or near Arthur Street,E01018330,Cheshire West and Chester 034D,Shoplifting,Suspect charged as part of another case,
f8b8b526a1dbc1cd012a57444318ee0a3a4498e0957ea8fae1872ac02d4c07e1,2014-05,Cheshire Constabulary,Cheshire Constabulary,-2.910645,53.196244,On or near Shopping Area,E01018330,Cheshire West and Chester 034D,Shoplifting,Investigation complete; no suspect identified,
0e44ddc46dedfdb2c2b5e12e2920549c08d9980a3d5209e46a4d6247448159cc,2014-05,Cheshire Constabulary,Cheshire Constabulary,-2.912944,53.193171,On or near Hartford Way,E01018330,Cheshire West and Chester 034D,Shoplifting,Under investigation,
025ac2e478245ef3750114f842b95cd2dde2f7cafa7d1a7ae7e7e0c8792a5a6f,2014-05,Cheshire Constabulary,Cheshire Constabulary,-2.927469,53.194838,On or near Mercury Court,E01018330,Cheshire West and Chester 034D,Shoplifting,Awaiting court outcome,
86fa3764aa42361f2252c0be706bc2c872833d585027400d9169420c2e6a7611,2014-05,Cheshire Constabulary,Cheshire Constabulary,-2.914730,53.196887,On or near Greyhound Park Road,E01018330,Cheshire West and Chester 034D,Shoplifting,Under investigation,
7e2cf4f1c20be75aee5cf98b930e619adf7b3db90b72334f0e1b74d93f1ac3f1,2014-05,Cheshire Constabulary,Cheshire Constabulary,-2.912944,53.193171,On or near Hartford Way,E01018330,Cheshire West and Chester 034D,Shoplifting,Offender given a caution,
83bac64b34d47cf6994d5555c6fcb316580bf49bd0192c3abbef7de901e1300b,2014-05,Cheshire Constabulary,Cheshire Constabulary,-2.914730,53.196887,On or near Greyhound Park Road,E01018330,Cheshire West and Chester 034D,Shoplifting,Under investigation,
9f7410a83f79ddcba960c0f94bdcd3efcaf4d64a430cd96a935556fd1d109088,2014-05,Cheshire Constabulary,Cheshire Constabulary,-2.916572,53.192010,On or near Bumper'S Lane,E01018330,Cheshire West and Chester 034D,Violence and sexual offences,Investigation complete; no suspect identified,
bda3911ad88959490f8768a8f2d7271170217e45a348d2ac40a413f38a8de21e,2014-05,Cheshire Constabulary,Cheshire Constabulary,-2.902464,53.199417,On or near Salisbury Street,E01018330,Cheshire West and Chester 034D,Violence and sexual offences,Under investigation,
,2014-05,Cheshire Constabulary,Cheshire Constabulary,-2.902190,53.195644,On or near Whipcord Lane,E01018331,Cheshire West and Chester 034E,Anti-social behaviour,,
,2014-05,Cheshire Constabulary,Cheshire Constabulary,-2.902010,53.194198,On or near Vernon Road,E01018331,Cheshire West and Chester 034E,Anti-social behaviour,,
,2014-05,Cheshire Constabulary,Cheshire Constabulary,-2.902190,53.195644,On or near Whipcord Lane,E01018331,Cheshire West and Chester 034E,Anti-social behaviour,,
,2014-05,Cheshire Constabulary,Cheshire Constabulary,-2.902010,53.194198,On or near Vernon Road,E01018331,Cheshire West and Chester 034E,Anti-social behaviour,,
,2014-05,Cheshire Constabulary,Cheshire Constabulary,-2.902676,53.194570,On or near Gladstone Avenue,E01018331,Cheshire West and Chester 034E,Anti-social behaviour,,
,2014-05,Cheshire Constabulary,Cheshire Constabulary,-2.901554,53.193895,On or near Catherine Street,E01018331,Cheshire West and Chester 034E,Anti-social behaviour,,
,2014-05,Cheshire Constabulary,Cheshire Constabulary,-2.904804,53.194689,On or near Wetherby Close,E01018331,Cheshire West and Chester 034E,Anti-social behaviour,,
,2014-05,Cheshire Constabulary,Cheshire Constabulary,-2.902057,53.197182,On or near Gladstone Road,E01018331,Cheshire West and Chester 034E,Anti-social behaviour,,
48adfdf613e0c547d5c74d4521659823b7fbd48d02bb810c7b2a7eca1129a403,2014-05,Cheshire Constabulary,Cheshire Constabulary,-2.903906,53.195388,On or near Sedgefield Road,E01018331,Cheshire West and Chester 034E,Bicycle theft,Investigation complete; no suspect identified,
edf2d77dc8ffa0caa762ec68a19b7107e5b2ad102d3a3e137a218a9d0372c4eb,2014-05,Cheshire Constabulary,Cheshire Constabulary,-2.902676,53.194570,On or near Gladstone Avenue,E01018331,Cheshire West and Chester 034E,Bicycle theft,Investigation complete; no suspect identified,
f6eebc0b6272d150b47496998d30603f40956e018efc6a33c9c16f1fb5b304bd,2014-05,Cheshire Constabulary,Cheshire Constabulary,-2.903906,53.195388,On or near Sedgefield Road,E01018331,Cheshire West and Chester 034E,Bicycle theft,Investigation complete; no suspect identified,
e36b2e1e8c8d0bbcbf25f7600947cca2423b0ab1fe6e3d106ba56a64d31c03fb,2014-05,Cheshire Constabulary,Cheshire Constabulary,-2.900940,53.195311,On or near Upper Cambrian Road,E01018331,Cheshire West and Chester 034E,Theft from the person,Investigation complete; no suspect identified,
e471d31a47046b20a4ddc99a9d36c352be6a905003b339432102e0f2e9b51348,2014-05,Cheshire Constabulary,Cheshire Constabulary,-2.902010,53.194198,On or near Vernon Road,E01018331,Cheshire West and Chester 034E,Theft from the person,Investigation complete; no suspect identified,
556f6aa816ef6fddfc89eb5aed678ccfee4507a6505a0a4859d22634afdf7ecb,2014-05,Cheshire Constabulary,Cheshire Constabulary,-2.902057,53.197182,On or near Gladstone Road,E01018331,Cheshire West and Chester 034E,Vehicle crime,Investigation complete; no suspect identified,
6504a3715da62421dce5d141d857091f389f5b1613e8a55d9f062c077a79a3ed,2014-05,Cheshire Constabulary,Cheshire Constabulary,-2.904986,53.196926,On or near Finchett Drive,E01018331,Cheshire West and Chester 034E,Violence and sexual offences,Under investigation,
,2014-05,Cheshire Constabulary,Cheshire Constabulary,-2.487536,53.193263,On or near Road Three,E01018733,Cheshire West and Chester 035A,Anti-social behaviour,,
,2014-05,Cheshire Constabulary,Cheshire Constabulary,-2.500357,53.194027,On or near Derwent Avenue,E01018733,Cheshire West and Chester 035A,Anti-social behaviour,,
,2014-05,Cheshire Constabulary,Cheshire Constabulary,-2.500797,53.195814,On or near Bollin Avenue,E01018733,Cheshire West and Chester 035A,Anti-social behaviour,,
f71bf5f067e8b17673290928de5a1c72d15c6ce3e119f0b1f29dbd89582043de,2014-05,Cheshire Constabulary,Cheshire Constabulary,-2.482369,53.190272,On or near Seaton Street,E01018733,Cheshire West and Chester 035A,Criminal damage and arson,Investigation complete; no suspect identified,
87f32f87dd1d486203b4be02c9f28c9caab7c09015d39411becfd8597dff2ce6,2014-05,Cheshire Constabulary,Cheshire Constabulary,-2.500797,53.195814,On or near Bollin Avenue,E01018733,Cheshire West and Chester 035A,Criminal damage and arson,Under investigation,
072911e785ab35b0436d76d646c00c147b3ae4b5351f7c22fc32d03033df7d6f,2014-05,Cheshire Constabulary,Cheshire Constabulary,-2.487536,53.193263,On or near Road Three,E01018733,Cheshire West and Chester 035A,Vehicle crime,Investigation complete; no suspect identified,
992b69ad23884609b6f2b27531fa73bff8bce0e8da9dff1c258f856987359615,2014-05,Cheshire Constabulary,Cheshire Constabulary,-2.487536,53.193263,On or near Road Three,E01018733,Cheshire West and Chester 035A,Vehicle crime,Investigation complete; no suspect identified,
cf09a1ac8c2df22a30dee883c39b2cbe8dbe1f0902e0375276abf45d04d34585,2014-05,Cheshire Constabulary,Cheshire Constabulary,-2.500797,53.195814,On or near Bollin Avenue,E01018733,Cheshire West and Chester 035A,Violence and sexual offences,Formal action is not in the public interest,
,2014-05,Cheshire Constabulary,Cheshire Constabulary,-2.504511,53.194630,On or near Crook Lane,E01018734,Cheshire West and Chester 035B,Anti-social behaviour,,
,2014-05,Cheshire Constabulary,Cheshire Constabulary,-2.507765,53.193933,On or near Lime Grove,E01018734,Cheshire West and Chester 035B,Anti-social behaviour,,
,2014-05,Cheshire Constabulary,Cheshire Constabulary,-2.509288,53.191077,On or near Sports/Recreation Area,E01018734,Cheshire West and Chester 035B,Anti-social behaviour,,
176b6caa3641ceb6675624dee7bc093b3ef844a6a0be8c6609c4ed4adf1d24d7,2014-05,Cheshire Constabulary,Cheshire Constabulary,-2.507765,53.193933,On or near Lime Grove,E01018734,Cheshire West and Chester 035B,Burglary,Investigation complete; no suspect identified,
8dcdc54b09acda64246c5fd8dcca6fb24303bdb55a6719cca7c26da6828af664,2014-05,Cheshire Constabulary,Cheshire Constabulary,-2.507765,53.193933,On or near Lime Grove,E01018734,Cheshire West and Chester 035B,Burglary,Investigation complete; no suspect identified,
0965daf4f76168bcc350e198522c4919d3bb495a8ecd59c070aab5e593f88177,2014-05,Cheshire Constabulary,Cheshire Constabulary,-2.506898,53.194000,On or near Maple Grove,E01018734,Cheshire West and Chester 035B,Burglary,Investigation complete; no suspect identified,
7bb693931d3a9f3cdf2b3b21604a6d15c163b7e01602108b143b09c2e2ad87e6,2014-05,Cheshire Constabulary,Cheshire Constabulary,-2.508598,53.192159,On or near Catalan Close,E01018734,Cheshire West and Chester 035B,Criminal damage and arson,Offender given a caution,
0c546418c18f4f2467dfca72e3bd6c5bba15d1ad63b6badda3afaa3ee2e92a24,2014-05,Cheshire Constabulary,Cheshire Constabulary,-2.504511,53.194630,On or near Crook Lane,E01018734,Cheshire West and Chester 035B,Other theft,Investigation complete; no suspect identified,
b58e661c5b5a12fa3c1ecce1a09bad5908768e1f60de90fb48e678630b81958a,2014-05,Cheshire Constabulary,Cheshire Constabulary,-2.504511,53.194630,On or near Crook Lane,E01018734,Cheshire West and Chester 035B,Other theft,Investigation complete; no suspect identified,
d49fd5ca488da5bfba3e4b5385758a96b56707a1f8ca9d2212b82777e1c4f14d,2014-05,Cheshire Constabulary,Cheshire Constabulary,-2.506989,53.191536,On or near Pine Grove,E01018734,Cheshire West and Chester 035B,Violence and sexual offences,Under investigation,
,2014-05,Cheshire Constabulary,Cheshire Constabulary,-2.505770,53.197339,On or near Esk Road,E01018748,Cheshire West and Chester 035C,Anti-social behaviour,,
,2014-05,Cheshire Constabulary,Cheshire Constabulary,-2.505770,53.197339,On or near Esk Road,E01018748,Cheshire West and Chester 035C,Anti-social behaviour,,
,2014-05,Cheshire Constabulary,Cheshire Constabulary,-2.502264,53.198361,On or near Bradbury Road,E01018748,Cheshire West and Chester 035C,Anti-social behaviour,,
,2014-05,Cheshire Constabulary,Cheshire Constabulary,-2.505770,53.197339,On or near Esk Road,E01018748,Cheshire West and Chester 035C,Anti-social behaviour,,
,2014-05,Cheshire Constabulary,Cheshire Constabulary,-2.505770,53.197339,On or near Esk Road,E01018748,Cheshire West and Chester 035C,Anti-social behaviour,,
,2014-05,Cheshire Constabulary,Cheshire Constabulary,-2.505770,53.197339,On or near Esk Road,E01018748,Cheshire West and Chester 035C,Anti-social behaviour,,
,2014-05,Cheshire Constabulary,Cheshire Constabulary,-2.505770,53.197339,On or near Esk Road,E01018748,Cheshire West and Chester 035C,Anti-social behaviour,,
,2014-05,Cheshire Constabulary,Cheshire Constabulary,-2.502264,53.198361,On or near Bradbury Road,E01018748,Cheshire West and Chester 035C,Anti-social behaviour,,
584c805750234aba22487abb96239beea26174a00bd5ae2645ad525e2bada8d9,2014-05,Cheshire Constabulary,Cheshire Constabulary,-2.502264,53.198361,On or near Bradbury Road,E01018748,Cheshire West and Chester 035C,Criminal damage and arson,Investigation complete; no suspect identified,
7067a88a56dde4de70d5f6977e29cf37d5a11171210069c995acafe1e0a8b495,2014-05,Cheshire Constabulary,Cheshire Constabulary,-2.505770,53.197339,On or near Esk Road,E01018748,Cheshire West and Chester 035C,Criminal damage and arson,Under investigation,
e0100877ccab12a5d06e76cdd37bf1e949e1ddea4385e44afcaeac6b0de204e5,2014-05,Cheshire Constabulary,Cheshire Constabulary,-2.505770,53.197339,On or near Esk Road,E01018748,Cheshire West and Chester 035C,Other theft,Investigation complete; no suspect identified,
4ddff9122c2592baa6e2e3e4e3a3a4259fff3bff6fbf3a326119955f102fe934,2014-05,Cheshire Constabulary,Cheshire Constabulary,-2.502264,53.198361,On or near Bradbury Road,E01018748,Cheshire West and Chester 035C,Other theft,Under investigation,
28f3c4e654299d3ab5a8f987213ca649c8c816ea096b531ffb4e40e5e9cff08b,2014-05,Cheshire Constabulary,Cheshire Constabulary,-2.505770,53.197339,On or near Esk Road,E01018748,Cheshire West and Chester 035C,Public order,Under investigation,
d436630ef4000a76fd1f89fc701aa9f8edaec7a081325a9040ff801baa6dcffe,2014-05,Cheshire Constabulary,Cheshire Constabulary,-2.505770,53.197339,On or near Esk Road,E01018748,Cheshire West and Chester 035C,Violence and sexual offences,Unable to prosecute suspect,
a1001bb8281f53ed1aa6deff0a5206348f07a77b415543164407d560e1656fd3,2014-05,Cheshire Constabulary,Cheshire Constabulary,-2.505770,53.197339,On or near Esk Road,E01018748,Cheshire West and Chester 035C,Violence and sexual offences,Offender fined,
,2014-05,Cheshire Constabulary,Cheshire Constabulary,-2.509564,53.205458,On or near Holcot Court,E01018749,Cheshire West and Chester 035D,Anti-social behaviour,,
,2014-05,Cheshire Constabulary,Cheshire Constabulary,-2.511660,53.204236,On or near Upton Close,E01018749,Cheshire West and Chester 035D,Anti-social behaviour,,
,2014-05,Cheshire Constabulary,Cheshire Constabulary,-2.504831,53.206566,On or near Bostock Road,E01018749,Cheshire West and Chester 035D,Anti-social behaviour,,
,2014-05,Cheshire Constabulary,Cheshire Constabulary,-2.506009,53.201087,On or near Park Avenue,E01018749,Cheshire West and Chester 035D,Anti-social behaviour,,
,2014-05,Cheshire Constabulary,Cheshire Constabulary,-2.507378,53.200398,On or near Wharton Road,E01018749,Cheshire West and Chester 035D,Anti-social behaviour,,
,2014-05,Cheshire Constabulary,Cheshire Constabulary,-2.506009,53.201087,On or near Park Avenue,E01018749,Cheshire West and Chester 035D,Anti-social behaviour,,
7498d516c4a33d06cedd09694315e44d3b7aed334c3907e72447a8b68a3a96ea,2014-05,Cheshire Constabulary,Cheshire Constabulary,-2.505700,53.207920,On or near Smokehall Lane,E01018749,Cheshire West and Chester 035D,Burglary,Investigation complete; no suspect identified,
9295cb1a7624c69ce81e11fda1c5fe5c12240845b539f5e79e035f3900550063,2014-05,Cheshire Constabulary,Cheshire Constabulary,-2.506009,53.201087,On or near Park Avenue,E01018749,Cheshire West and Chester 035D,Criminal damage and arson,Under investigation,
3338da9527fc618a450b2bd832644d2718818975f1977a3bdb43f9fac3313c48,2014-05,Cheshire Constabulary,Cheshire Constabulary,-2.508379,53.199009,On or near Kintore Close,E01018749,Cheshire West and Chester 035D,Criminal damage and arson,Unable to prosecute suspect,
315318cfbee7b40b15d7525e6def2ceb1d3634bcc199369a2fa4f597c7dc1dc3,2014-05,Cheshire Constabulary,Cheshire Constabulary,-2.507822,53.198715,On or near Supermarket,E01018749,Cheshire West and Chester 035D,Criminal damage and arson,Under investigation,
72fac28ba2161dc132e8935b396372a093e99ade40955838fa211c538f4b7f5c,2014-05,Cheshire Constabulary,Cheshire Constabulary,-2.507822,53.198715,On or near Supermarket,E01018749,Cheshire West and Chester 035D,Shoplifting,Awaiting court outcome,
a6145dd4647b5eb76060cff4277392fb4ed1d0f29ef638ea522b39481d19fef0,2014-05,Cheshire Constabulary,Cheshire Constabulary,-2.507822,53.198715,On or near Supermarket,E01018749,Cheshire West and Chester 035D,Shoplifting,Awaiting court outcome,
c41e2cfe36b54b5687c91a3b8230b5da5fc20bd8123447a4d5f57469b476ce3e,2014-05,Cheshire Constabulary,Cheshire Constabulary,-2.507544,53.204316,On or near Orton Close,E01018749,Cheshire West and Chester 035D,Vehicle crime,Investigation complete; no suspect identified,
e9da712da4f3e36e6a1739b33ca6a572fb8f913f9f3e57d50c577219f8099150,2014-05,Cheshire Constabulary,Cheshire Constabulary,-2.507822,53.198715,On or near Supermarket,E01018749,Cheshire West and Chester 035D,Vehicle crime,Investigation complete; no suspect identified,
,2014-05,Cheshire Constabulary,Cheshire Constabulary,-2.873445,53.193925,On or near Hoole Lane,E01018319,Cheshire West and Chester 036A,Anti-social behaviour,,
,2014-05,Cheshire Constabulary,Cheshire Constabulary,-2.869474,53.191473,On or near Parking Area,E01018319,Cheshire West and Chester 036A,Anti-social behaviour,,
,2014-05,Cheshire Constabulary,Cheshire Constabulary,-2.865479,53.193057,On or near Churton Street,E01018319,Cheshire West and Chester 036A,Anti-social behaviour,,
,2014-05,Cheshire Constabulary,Cheshire Constabulary,-2.873445,53.193925,On or near Hoole Lane,E01018319,Cheshire West and Chester 036A,Anti-social behaviour,,
,2014-05,Cheshire Constabulary,Cheshire Constabulary,-2.869052,53.192106,On or near Bulkeley Street,E01018319,Cheshire West and Chester 036A,Anti-social behaviour,,
,2014-05,Cheshire Constabulary,Cheshire Constabulary,-2.873445,53.193925,On or near Hoole Lane,E01018319,Cheshire West and Chester 036A,Anti-social behaviour,,
,2014-05,Cheshire Constabulary,Cheshire Constabulary,-2.873445,53.193925,On or near Hoole Lane,E01018319,Cheshire West and Chester 036A,Anti-social behaviour,,
,2014-05,Cheshire Constabulary,Cheshire Constabulary,-2.873445,53.193925,On or near Hoole Lane,E01018319,Cheshire West and Chester 036A,Anti-social behaviour,,
,2014-05,Cheshire Constabulary,Cheshire Constabulary,-2.871003,53.191597,On or near The Mount,E01018319,Cheshire West and Chester 036A,Anti-social behaviour,,
,2014-05,Cheshire Constabulary,Cheshire Constabulary,-2.873445,53.193925,On or near Hoole Lane,E01018319,Cheshire West and Chester 036A,Anti-social behaviour,,
,2014-05,Cheshire Constabulary,Cheshire Constabulary,-2.869052,53.192106,On or near Bulkeley Street,E01018319,Cheshire West and Chester 036A,Anti-social behaviour,,
,2014-05,Cheshire Constabulary,Cheshire Constabulary,-2.873445,53.193925,On or near Hoole Lane,E01018319,Cheshire West and Chester 036A,Anti-social behaviour,,
,2014-05,Cheshire Constabulary,Cheshire Constabulary,-2.865881,53.192911,On or near Churton Road,E01018319,Cheshire West and Chester 036A,Anti-social behaviour,,
,2014-05,Cheshire Constabulary,Cheshire Constabulary,-2.873445,53.193925,On or near Hoole Lane,E01018319,Cheshire West and Chester 036A,Anti-social behaviour,,
,2014-05,Cheshire Constabulary,Cheshire Constabulary,-2.873445,53.193925,On or near Hoole Lane,E01018319,Cheshire West and Chester 036A,Anti-social behaviour,,
,2014-05,Cheshire Constabulary,Cheshire Constabulary,-2.873445,53.193925,On or near Hoole Lane,E01018319,Cheshire West and Chester 036A,Anti-social behaviour,,
74edbf4dd5bc259e452e0e250583fb150fef4e1ecb0c28a633f9a365d9cc4640,2014-05,Cheshire Constabulary,Cheshire Constabulary,-2.872143,53.194672,On or near Edge Grove,E01018319,Cheshire West and Chester 036A,Bicycle theft,Investigation complete; no suspect identified,
5b3d7d15b026aad2ad3b1614f02a47a9a28b781763e384b621c3c72918100c78,2014-05,Cheshire Constabulary,Cheshire Constabulary,-2.866440,53.188727,On or near Stocks Lane,E01018319,Cheshire West and Chester 036A,Burglary,Investigation complete; no suspect identified,
a49ab6bc1f4aea191dfb911fc2215a0117673297988823ac96d674ce4a63f7e4,2014-05,Cheshire Constabulary,Cheshire Constabulary,-2.867006,53.190098,On or near Merecroft,E01018319,Cheshire West and Chester 036A,Burglary,Investigation complete; no suspect identified,
2053ef871523ac67cc59bf8319a652f86682db3bb8bebfb389fec9fe71942899,2014-05,Cheshire Constabulary,Cheshire Constabulary,-2.861812,53.187798,On or near Westward Road,E01018319,Cheshire West and Chester 036A,Criminal damage and arson,Unable to prosecute suspect,
17bc21af6dd66773466ac77529c2409d529c269409120a3c45e558d78242e5b7,2014-05,Cheshire Constabulary,Cheshire Constabulary,-2.871132,53.194266,On or near Watertower View,E01018319,Cheshire West and Chester 036A,Criminal damage and arson,Investigation complete; no suspect identified,
91657f061afa232331531e0fc6f2f463c84299ad70fdd6275f4d14fd7795fc5a,2014-05,Cheshire Constabulary,Cheshire Constabulary,-2.869052,53.192106,On or near Bulkeley Street,E01018319,Cheshire West and Chester 036A,Other theft,Investigation complete; no suspect identified,
4d50e2d01de012116815edea3bcfb0df7dfb311e2d6175474a8d5a0e3d81b264,2014-05,Cheshire Constabulary,Cheshire Constabulary,-2.871132,53.194266,On or near Watertower View,E01018319,Cheshire West and Chester 036A,Vehicle crime,Investigation complete; no suspect identified,
232bb3268bdc387315abbdae7ee3a819156fea4f4c52f8d8ecf9e4a2cbd82569,2014-05,Cheshire Constabulary,Cheshire Constabulary,-2.865813,53.187311,On or near Beckett'S Lane,E01018319,Cheshire West and Chester 036A,Vehicle crime,Investigation complete; no suspect identified,
2de4cf19a13ca9717b6df6d13a499dae1ab3a4f1f89337b649806631b44f8bec,2014-05,Cheshire Constabulary,Cheshire Constabulary,-2.867573,53.192224,On or near Woodlands Lane,E01018319,Cheshire West and Chester 036A,Vehicle crime,Investigation complete; no suspect identified,
3343def817da1ddf0271d4426140dbfd73cb819d9fa2e86e8f9c24831ffab583,2014-05,Cheshire Constabulary,Cheshire Constabulary,-2.873445,53.193925,On or near Hoole Lane,E01018319,Cheshire West and Chester 036A,Violence and sexual offences,Under investigation,
0391b9ddfef5beb1be779094ced1dc0c4b4a83f7339e020d5a9444c51e0e687d,2014-05,Cheshire Constabulary,Cheshire Constabulary,-2.865479,53.193057,On or near Churton Street,E01018319,Cheshire West and Chester 036A,Violence and sexual offences,Unable to prosecute suspect,
,2014-05,Cheshire Constabulary,Cheshire Constabulary,-2.869947,53.197834,On or near Housesteads Drive,E01018344,Cheshire West and Chester 036B,Anti-social behaviour,,
,2014-05,Cheshire Constabulary,Cheshire Constabulary,-2.871404,53.198839,On or near Hewitt Street,E01018344,Cheshire West and Chester 036B,Anti-social behaviour,,
,2014-05,Cheshire Constabulary,Cheshire Constabulary,-2.868495,53.197845,On or near Melkridge Close,E01018344,Cheshire West and Chester 036B,Anti-social behaviour,,
1ec70bb8fc5b6730ecf2ddc91bc8cc545a311e954346c76fd4ca31ff742dbaf6,2014-05,Cheshire Constabulary,Cheshire Constabulary,-2.868204,53.196067,On or near Wycliffe Court,E01018344,Cheshire West and Chester 036B,Burglary,Investigation complete; no suspect identified,
02542ef34e8776142c984708a9df02ee7486f115bb875f17f88eff09960b1698,2014-05,Cheshire Constabulary,Cheshire Constabulary,-2.871404,53.198839,On or near Hewitt Street,E01018344,Cheshire West and Chester 036B,Other theft,Investigation complete; no suspect identified,
f232b12f91cd212c0a5f58b5e7afba5a587d75ce0e83ae683667f1efd88d0689,2014-05,Cheshire Constabulary,Cheshire Constabulary,-2.869738,53.197143,On or near Houghton Close,E01018344,Cheshire West and Chester 036B,Other theft,Unable to prosecute suspect,
224f8fbbbc50333fe72e8bc405a0681f179f8f2b455c2898a3fbe7da0270daa4,2014-05,Cheshire Constabulary,Cheshire Constabulary,-2.868721,53.198688,On or near Clare Avenue,E01018344,Cheshire West and Chester 036B,Possession of weapons,Under investigation,
bf25eab5fbc0f97beed430b4920fd2d9e0551e854295c42378e6c6b0ca94589a,2014-05,Cheshire Constabulary,Cheshire Constabulary,-2.871233,53.199236,On or near Burges Street,E01018344,Cheshire West and Chester 036B,Vehicle crime,Investigation complete; no suspect identified,
522a8475160ef506de7188b576ce909fbed27d4f96133fa02a3ef62dd4c4cb2c,2014-05,Cheshire Constabulary,Cheshire Constabulary,-2.867832,53.199117,On or near Laurel Grove,E01018344,Cheshire West and Chester 036B,Vehicle crime,Investigation complete; no suspect identified,
66c7ba10fdff804878877e5c25d89dfbb30f9cbeff95e161719b3e3bb0ba9ebc,2014-05,Cheshire Constabulary,Cheshire Constabulary,-2.869396,53.199483,On or near Lime Grove,E01018344,Cheshire West and Chester 036B,Vehicle crime,Investigation complete; no suspect identified,
4811a6e1048f0731fdef5c28d3ece76c2654abfe5fd87537bde5dc52a0d89d22,2014-05,Cheshire Constabulary,Cheshire Constabulary,-2.869396,53.199483,On or near Lime Grove,E01018344,Cheshire West and Chester 036B,Vehicle crime,Investigation complete; no suspect identified,
d4b3eb113925f2616d90f029c8465e74a7ce4c015ecf7b32ca02712ce71ac9b9,2014-05,Cheshire Constabulary,Cheshire Constabulary,-2.868204,53.196067,On or near Wycliffe Court,E01018344,Cheshire West and Chester 036B,Violence and sexual offences,Unable to prosecute suspect,
b47b55e8f85cfd882140fba1b25e9bb11bef536b2fe9c435ceee56533f32fced,2014-05,Cheshire Constabulary,Cheshire Constabulary,-2.868495,53.197845,On or near Melkridge Close,E01018344,Cheshire West and Chester 036B,Violence and sexual offences,Unable to prosecute suspect,
3c20c08ca9b21b07d1d0689358e6633ecb737a3db3e79434606e4e56d0b9be95,2014-05,Cheshire Constabulary,Cheshire Constabulary,-2.868495,53.197845,On or near Melkridge Close,E01018344,Cheshire West and Chester 036B,Violence and sexual offences,Unable to prosecute suspect,
,2014-05,Cheshire Constabulary,Cheshire Constabulary,-2.855244,53.193167,On or near Willoway Road,E01018381,Cheshire West and Chester 036C,Anti-social behaviour,,
,2014-05,Cheshire Constabulary,Cheshire Constabulary,-2.856405,53.193635,On or near Petrol Station,E01018381,Cheshire West and Chester 036C,Anti-social behaviour,,
ecacf8084651ca9cd77ba6f31542b565cb4808a844f6b2509b4dd545613c251a,2014-05,Cheshire Constabulary,Cheshire Constabulary,-2.847543,53.195820,On or near Sports/Recreation Area,E01018381,Cheshire West and Chester 036C,Criminal damage and arson,Under investigation,
3da68e4a771d7f69adc12afbdd8eafe68f70f802ddb1e7d02cfdc35ae6e088f2,2014-05,Cheshire Constabulary,Cheshire Constabulary,-2.856405,53.193635,On or near Petrol Station,E01018381,Cheshire West and Chester 036C,Violence and sexual offences,Under investigation,
54989c791210d4f9b0e0bb2afcad8b12ce02e8c582f97312d5343233c54dc39c,2014-05,Cheshire Constabulary,Cheshire Constabulary,-2.861945,53.191447,On or near Boughton Hall Avenue,E01018382,Cheshire West and Chester 036D,Other theft,Investigation complete; no suspect identified,
398dead424d7f63735d6d90d4e5249bc23897ad45367d92bc96205b8e9fa88ca,2014-05,Cheshire Constabulary,Cheshire Constabulary,-2.862154,53.193675,On or near Shed Lane,E01018382,Cheshire West and Chester 036D,Vehicle crime,Investigation complete; no suspect identified,
b62efb001f9ca169a44aeafc207f9234d00f26abeb9d151884dc2cb6d56b5c9e,2014-05,Cheshire Constabulary,Cheshire Constabulary,-2.863788,53.190067,On or near Beechlands Avenue,E01018382,Cheshire West and Chester 036D,Violence and sexual offences,Under investigation,
75083f1c01f976291434735fc4d6a2bcb65db653384662b5fea80035a3d08d3f,2014-05,Cheshire Constabulary,Cheshire Constabulary,-2.867857,53.195171,On or near Pentland Close,E01018382,Cheshire West and Chester 036D,Other crime,Awaiting court outcome,
,2014-05,Cheshire Constabulary,Cheshire Constabulary,-2.543916,53.191832,On or near St Johns Court,E01018736,Cheshire West and Chester 037A,Anti-social behaviour,,
,2014-05,Cheshire Constabulary,Cheshire Constabulary,-2.545146,53.190855,On or near Leaf Grove,E01018736,Cheshire West and Chester 037A,Anti-social behaviour,,
,2014-05,Cheshire Constabulary,Cheshire Constabulary,-2.551187,53.190486,On or near Cambridge Avenue,E01018736,Cheshire West and Chester 037A,Anti-social behaviour,,
,2014-05,Cheshire Constabulary,Cheshire Constabulary,-2.545098,53.185912,On or near Pentland Close,E01018736,Cheshire West and Chester 037A,Anti-social behaviour,,
,2014-05,Cheshire Constabulary,Cheshire Constabulary,-2.545146,53.190855,On or near Leaf Grove,E01018736,Cheshire West and Chester 037A,Anti-social behaviour,,
2a86948f2298d19ecc9d32a138eba9524c724a6d0492330683e6bcb0d8dd581d,2014-05,Cheshire Constabulary,Cheshire Constabulary,-2.543916,53.191832,On or near St Johns Court,E01018736,Cheshire West and Chester 037A,Burglary,Investigation complete; no suspect identified,
601c499c2d4fec09d7d4a3b44f98956445ce507b119477aa398eb06ec9c2919a,2014-05,Cheshire Constabulary,Cheshire Constabulary,-2.542858,53.188655,On or near Woodford Lane,E01018736,Cheshire West and Chester 037A,Other theft,Investigation complete; no suspect identified,
216c1ec0f862aa419f615e2a145f7cf484815338a081e6aa884e697aae0acfbd,2014-05,Cheshire Constabulary,Cheshire Constabulary,-2.543916,53.191832,On or near St Johns Court,E01018736,Cheshire West and Chester 037A,Shoplifting,Suspect charged as part of another case,
15ebbfcdd5e1147f441f7cbef7f6a1b1b29a0e0cac0b3d1cdd4604e04794a4d6,2014-05,Cheshire Constabulary,Cheshire Constabulary,-2.545146,53.190855,On or near Leaf Grove,E01018736,Cheshire West and Chester 037A,Shoplifting,Offender given conditional discharge,
fed3ebbdfb4928bc956722776a5c14be2e2af524c4598fde6e5ae5cc752804d9,2014-05,Cheshire Constabulary,Cheshire Constabulary,-2.543916,53.191832,On or near St Johns Court,E01018736,Cheshire West and Chester 037A,Shoplifting,Unable to prosecute suspect,
d95a28833672e01ab7f2ec3ef34e8c004d28dc7c028d3d3e47cc45237b4c3a07,2014-05,Cheshire Constabulary,Cheshire Constabulary,-2.545098,53.185912,On or near Pentland Close,E01018736,Cheshire West and Chester 037A,Other crime,Awaiting court outcome,
45e1306ba0c68cdc8a6836144b1bddcd065a11dc88835376e1ec83d84b68c530,2014-05,Cheshire Constabulary,Cheshire Constabulary,-2.545098,53.185912,On or near Pentland Close,E01018736,Cheshire West and Chester 037A,Other crime,Awaiting court outcome,
,2014-05,Cheshire Constabulary,Cheshire Constabulary,-2.560732,53.201642,On or near Whitegate Road,E01018737,Cheshire West and Chester 037B,Anti-social behaviour,,
,2014-05,Cheshire Constabulary,Cheshire Constabulary,-2.553379,53.188660,On or near Croftwood Close,E01018737,Cheshire West and Chester 037B,Anti-social behaviour,,
,2014-05,Cheshire Constabulary,Cheshire Constabulary,-2.552416,53.189438,On or near Caerleon Close,E01018737,Cheshire West and Chester 037B,Anti-social behaviour,,
6dd074426cd02ac8acf0b8b58eb24c2e2199d341113822a7c3b42be5dd8e6f72,2014-05,Cheshire Constabulary,Cheshire Constabulary,-2.553931,53.193152,On or near Harewood Close,E01018737,Cheshire West and Chester 037B,Criminal damage and arson,Under investigation,
e405fce8bae7628a9abba0a9493c3b1f59dc605ed70465929d6139d2d470f748,2014-05,Cheshire Constabulary,Cheshire Constabulary,-2.556561,53.189391,On or near Oakmere Road,E01018737,Cheshire West and Chester 037B,Criminal damage and arson,Under investigation,
,2014-05,Cheshire Constabulary,Cheshire Constabulary,-2.536408,53.200711,On or near Marlborough Avenue,E01018743,Cheshire West and Chester 037C,Anti-social behaviour,,
,2014-05,Cheshire Constabulary,Cheshire Constabulary,-2.538624,53.199496,On or near Alundale Road,E01018743,Cheshire West and Chester 037C,Anti-social behaviour,,
,2014-05,Cheshire Constabulary,Cheshire Constabulary,-2.551946,53.209935,On or near Park/Open Space,E01018743,Cheshire West and Chester 037C,Anti-social behaviour,,
bd300fee0c8cd931182ab83c7f86f88abd4cd17cd0b8f1923d34d46b433a7fdb,2014-05,Cheshire Constabulary,Cheshire Constabulary,-2.536054,53.199913,On or near Meadow Close,E01018743,Cheshire West and Chester 037C,Criminal damage and arson,Under investigation,
fc07b814d556a12cd974ce8f29ac89e11e69fa32072c689dcd128d37f2f5e207,2014-05,Cheshire Constabulary,Cheshire Constabulary,-2.531834,53.198844,On or near Ennerdale Close,E01018743,Cheshire West and Chester 037C,Public order,Formal action is not in the public interest,
c48e7b4b2795db5e18e16f91acd32ec2ca8855a3bee48b9286ba73021c0789f8,2014-05,Cheshire Constabulary,Cheshire Constabulary,-2.539585,53.202153,On or near Grange Lane,E01018743,Cheshire West and Chester 037C,Violence and sexual offences,Under investigation,
1a2af4e27df121eedba0f698f55dbac38fe998187d7ab70995b12520e2819abd,2014-05,Cheshire Constabulary,Cheshire Constabulary,-2.539585,53.202153,On or near Grange Lane,E01018743,Cheshire West and Chester 037C,Violence and sexual offences,Unable to prosecute suspect,
,2014-05,Cheshire Constabulary,Cheshire Constabulary,-2.539135,53.193750,On or near Brindley Avenue,E01018744,Cheshire West and Chester 037D,Anti-social behaviour,,
,2014-05,Cheshire Constabulary,Cheshire Constabulary,-2.539135,53.193750,On or near Brindley Avenue,E01018744,Cheshire West and Chester 037D,Anti-social behaviour,,
c8adb47d82f8debcfd3874870f0d5f1ce65de4f5f0acf4657c075d3bf44de835,2014-05,Cheshire Constabulary,Cheshire Constabulary,-2.546208,53.194383,On or near Abbotts Way,E01018744,Cheshire West and Chester 037D,Criminal damage and arson,Under investigation,
ea099191fa7e3e04927cebce8ae8f267738fb530892a89dfebf5b14d76572c40,2014-05,Cheshire Constabulary,Cheshire Constabulary,-2.539135,53.193750,On or near Brindley Avenue,E01018744,Cheshire West and Chester 037D,Vehicle crime,Under investigation,
39f39c0a70425dae313aff97045468ecac0c51e00913d2897d6761977a77afd2,2014-05,Cheshire Constabulary,Cheshire Constabulary,-2.546657,53.195514,On or near Picton Drive,E01018744,Cheshire West and Chester 037D,Violence and sexual offences,Under investigation,
289646e2a3f0cf2371e6b6a98beda9242cd4c86fd6be182ebb2bd09e614ef9ec,2014-05,Cheshire Constabulary,Cheshire Constabulary,-2.546208,53.194383,On or near Abbotts Way,E01018744,Cheshire West and Chester 037D,Violence and sexual offences,Unable to prosecute suspect,
,2014-05,Cheshire Constabulary,Cheshire Constabulary,-2.531075,53.188303,On or near Ashgrove,E01018732,Cheshire West and Chester 038A,Anti-social behaviour,,
,2014-05,Cheshire Constabulary,Cheshire Constabulary,-2.536760,53.189320,On or near Springbank Crescent,E01018732,Cheshire West and Chester 038A,Anti-social behaviour,,
,2014-05,Cheshire Constabulary,Cheshire Constabulary,-2.528380,53.190616,On or near Supermarket,E01018732,Cheshire West and Chester 038A,Anti-social behaviour,,
,2014-05,Cheshire Constabulary,Cheshire Constabulary,-2.527358,53.190288,On or near The Drumber,E01018732,Cheshire West and Chester 038A,Anti-social behaviour,,
,2014-05,Cheshire Constabulary,Cheshire Constabulary,-2.527358,53.190288,On or near The Drumber,E01018732,Cheshire West and Chester 038A,Anti-social behaviour,,
,2014-05,Cheshire Constabulary,Cheshire Constabulary,-2.536760,53.189320,On or near Springbank Crescent,E01018732,Cheshire West and Chester 038A,Anti-social behaviour,,
,2014-05,Cheshire Constabulary,Cheshire Constabulary,-2.528380,53.190616,On or near Supermarket,E01018732,Cheshire West and Chester 038A,Anti-social behaviour,,
,2014-05,Cheshire Constabulary,Cheshire Constabulary,-2.529585,53.191240,On or near Shopping Area,E01018732,Cheshire West and Chester 038A,Anti-social behaviour,,
b014bb938dfb6de9354ad7023fc4409f788aac2b4ec56a40c9d0c7c1c44390f9,2014-05,Cheshire Constabulary,Cheshire Constabulary,-2.534134,53.189979,On or near Well Street,E01018732,Cheshire West and Chester 038A,Criminal damage and arson,Under investigation,
02d56f9f51892cf6c792d3ff8cca2021b7d00a22fa0ffe06264bec8800685d80,2014-05,Cheshire Constabulary,Cheshire Constabulary,-2.528380,53.190616,On or near Supermarket,E01018732,Cheshire West and Chester 038A,Criminal damage and arson,Under investigation,
2f86996a38e15f6135f49b89b704bb793b38db322cd12b2a8c26b7465a617a09,2014-05,Cheshire Constabulary,Cheshire Constabulary,-2.528380,53.190616,On or near Supermarket,E01018732,Cheshire West and Chester 038A,Other theft,Under investigation,
b95419710f54142c85918bf5826410df19e910e88ee2122a7761fe4e3e9ace3e,2014-05,Cheshire Constabulary,Cheshire Constabulary,-2.526442,53.191263,On or near Parking Area,E01018732,Cheshire West and Chester 038A,Public order,Under investigation,
f07e20f908cccfe2c2ee21bf288c901aa33510bfc572e260ce5dcd5afa1a3acf,2014-05,Cheshire Constabulary,Cheshire Constabulary,-2.528380,53.190616,On or near Supermarket,E01018732,Cheshire West and Chester 038A,Shoplifting,Unable to prosecute suspect,
08e1b35d107a5fb6018620e8b801d89fcbcdc1bf7de3c6749cd82992840f4ead,2014-05,Cheshire Constabulary,Cheshire Constabulary,-2.526442,53.191263,On or near Parking Area,E01018732,Cheshire West and Chester 038A,Shoplifting,Awaiting court outcome,
c94443e9009acf3d6c5d739cd6baad67d16eb74420d861aa831ade130455452d,2014-05,Cheshire Constabulary,Cheshire Constabulary,-2.529970,53.192083,On or near Parking Area,E01018732,Cheshire West and Chester 038A,Shoplifting,Unable to prosecute suspect,
2786ef5e13839b77bc55372b17b9092e3cccb0dc4799bea7eaac8a88f9f112a9,2014-05,Cheshire Constabulary,Cheshire Constabulary,-2.528380,53.190616,On or near Supermarket,E01018732,Cheshire West and Chester 038A,Shoplifting,Under investigation,
849f1638ce4f9a6976b380dc0be79d60131c0c855caecc2c4ca6a640fd63e088,2014-05,Cheshire Constabulary,Cheshire Constabulary,-2.528380,53.190616,On or near Supermarket,E01018732,Cheshire West and Chester 038A,Shoplifting,Offender given a caution,
94d1f23d8e1f8a6fb635e6d7943b7632be93c1db5afc0e3708ef29e4cfabbe50,2014-05,Cheshire Constabulary,Cheshire Constabulary,-2.528380,53.190616,On or near Supermarket,E01018732,Cheshire West and Chester 038A,Shoplifting,Local resolution,
cecbf3a1795e242c8beb1ec78d568c49efeb35f435a92daa39f9cc2bfc22bb5a,2014-05,Cheshire Constabulary,Cheshire Constabulary,-2.533105,53.190245,On or near John Street,E01018732,Cheshire West and Chester 038A,Theft from the person,Investigation complete; no suspect identified,
ac012282934b3e7a5de38745bc1020e671544b9465c7a60f82ace3d4a904f117,2014-05,Cheshire Constabulary,Cheshire Constabulary,-2.528380,53.190616,On or near Supermarket,E01018732,Cheshire West and Chester 038A,Vehicle crime,Investigation complete; no suspect identified,
5cb760016539c64d06889b39569980417b6a1405d52237e6f75367a921136b78,2014-05,Cheshire Constabulary,Cheshire Constabulary,-2.534134,53.189979,On or near Well Street,E01018732,Cheshire West and Chester 038A,Violence and sexual offences,Under investigation,
380ec192ab3ca637e2f1d7ac0721821db1728ccd0936e3679685c34e4f581a57,2014-05,Cheshire Constabulary,Cheshire Constabulary,-2.532960,53.188241,On or near Briarwood Court,E01018732,Cheshire West and Chester 038A,Violence and sexual offences,Awaiting court outcome,
609bd7c58b24e6655e6f2ec51487ebd1a4e1ea76a8610989675ae4804703f754,2014-05,Cheshire Constabulary,Cheshire Constabulary,-2.532960,53.188241,On or near Briarwood Court,E01018732,Cheshire West and Chester 038A,Violence and sexual offences,Awaiting court outcome,
,2014-05,Cheshire Constabulary,Cheshire Constabulary,-2.538380,53.190769,On or near Hunters Rise,E01018745,Cheshire West and Chester 038B,Anti-social behaviour,,
,2014-05,Cheshire Constabulary,Cheshire Constabulary,-2.539474,53.190926,On or near Denton Close,E01018745,Cheshire West and Chester 038B,Anti-social behaviour,,
,2014-05,Cheshire Constabulary,Cheshire Constabulary,-2.539951,53.191958,On or near Moss Bank,E01018745,Cheshire West and Chester 038B,Anti-social behaviour,,
,2014-05,Cheshire Constabulary,Cheshire Constabulary,-2.534212,53.191426,On or near Alexandra Street,E01018745,Cheshire West and Chester 038B,Anti-social behaviour,,
,2014-05,Cheshire Constabulary,Cheshire Constabulary,-2.544999,53.193436,On or near Carden Avenue,E01018745,Cheshire West and Chester 038B,Anti-social behaviour,,
,2014-05,Cheshire Constabulary,Cheshire Constabulary,-2.539474,53.190926,On or near Denton Close,E01018745,Cheshire West and Chester 038B,Anti-social behaviour,,
,2014-05,Cheshire Constabulary,Cheshire Constabulary,-2.534212,53.191426,On or near Alexandra Street,E01018745,Cheshire West and Chester 038B,Anti-social behaviour,,
,2014-05,Cheshire Constabulary,Cheshire Constabulary,-2.544999,53.193436,On or near Carden Avenue,E01018745,Cheshire West and Chester 038B,Anti-social behaviour,,
76059873052e752eb3a9ff2f2bf59611c1c0fd88f14e6d8e18053a29da8e4b1c,2014-05,Cheshire Constabulary,Cheshire Constabulary,-2.542447,53.194041,On or near Saxon Crossway,E01018745,Cheshire West and Chester 038B,Criminal damage and arson,Investigation complete; no suspect identified,
a6cd5bddd674feb7db93d466b11ef6358aa05c4430152f6e5dd5fd56fbecd609,2014-05,Cheshire Constabulary,Cheshire Constabulary,-2.544999,53.193436,On or near Carden Avenue,E01018745,Cheshire West and Chester 038B,Criminal damage and arson,Under investigation,
8ed02642a5b2ed02c960fd10a571126977b07776cb76e8b9eebfdbcacd48de38,2014-05,Cheshire Constabulary,Cheshire Constabulary,-2.534212,53.191426,On or near Alexandra Street,E01018745,Cheshire West and Chester 038B,Public order,Under investigation,
2c5cf12d237a9518d3c17bdcc0ea84d7790d5189c6ecb8959a4413064872a578,2014-05,Cheshire Constabulary,Cheshire Constabulary,-2.534212,53.191426,On or near Alexandra Street,E01018745,Cheshire West and Chester 038B,Shoplifting,Under investigation,
ad2983d8670227372f7d4198f9f85b6728f9c60f36eef593b37cf00426c81a19,2014-05,Cheshire Constabulary,Cheshire Constabulary,-2.544999,53.193436,On or near Carden Avenue,E01018745,Cheshire West and Chester 038B,Violence and sexual offences,Formal action is not in the public interest,
c0ad9df2896996278336a8a643bd0eb2e536f7834b333bf09b0fc7e405668ed9,2014-05,Cheshire Constabulary,Cheshire Constabulary,-2.544999,53.193436,On or near Carden Avenue,E01018745,Cheshire West and Chester 038B,Violence and sexual offences,Under investigation,
bb241af688a61056a776a3e7f52f154bc0b99ccad213557fbf7c5efb82d6b5fb,2014-05,Cheshire Constabulary,Cheshire Constabulary,-2.542447,53.194041,On or near Saxon Crossway,E01018745,Cheshire West and Chester 038B,Violence and sexual offences,Unable to prosecute suspect,
,2014-05,Cheshire Constabulary,Cheshire Constabulary,-2.537606,53.197146,On or near Verdin Close,E01018746,Cheshire West and Chester 038C,Anti-social behaviour,,
,2014-05,Cheshire Constabulary,Cheshire Constabulary,-2.521994,53.194672,On or near Lagos Grove,E01018746,Cheshire West and Chester 038C,Anti-social behaviour,,
,2014-05,Cheshire Constabulary,Cheshire Constabulary,-2.522222,53.192549,On or near High Street,E01018746,Cheshire West and Chester 038C,Anti-social behaviour,,
,2014-05,Cheshire Constabulary,Cheshire Constabulary,-2.529063,53.193777,On or near Sports/Recreation Area,E01018746,Cheshire West and Chester 038C,Anti-social behaviour,,
,2014-05,Cheshire Constabulary,Cheshire Constabulary,-2.522222,53.192549,On or near High Street,E01018746,Cheshire West and Chester 038C,Anti-social behaviour,,
,2014-05,Cheshire Constabulary,Cheshire Constabulary,-2.530249,53.192900,On or near Grange Lane,E01018746,Cheshire West and Chester 038C,Anti-social behaviour,,
,2014-05,Cheshire Constabulary,Cheshire Constabulary,-2.530015,53.196973,On or near Bowness Avenue,E01018746,Cheshire West and Chester 038C,Anti-social behaviour,,
a89e8b9ce2cf5e12d0ee7059b769fb4638289d0c27403fc100cc602e5bbd56d3,2014-05,Cheshire Constabulary,Cheshire Constabulary,-2.537606,53.197146,On or near Verdin Close,E01018746,Cheshire West and Chester 038C,Criminal damage and arson,Investigation complete; no suspect identified,
fb3421b6574f8d5535ca2d2a6176fb3466235c518b745f6c23cb0bb9858b110e,2014-05,Cheshire Constabulary,Cheshire Constabulary,-2.534093,53.195121,On or near Joyce Avenue,E01018746,Cheshire West and Chester 038C,Other theft,Investigation complete; no suspect identified,
fe7a44ba9b02fd999c9723db9aa80a7c6c6132fae64b3c0f98f49e07a57d5a1a,2014-05,Cheshire Constabulary,Cheshire Constabulary,-2.530249,53.192900,On or near Grange Lane,E01018746,Cheshire West and Chester 038C,Violence and sexual offences,Under investigation,
,2014-05,Cheshire Constabulary,Cheshire Constabulary,-2.508163,53.194659,On or near Princess Street,E01018747,Cheshire West and Chester 038D,Anti-social behaviour,,
,2014-05,Cheshire Constabulary,Cheshire Constabulary,-2.515348,53.193442,On or near A5018,E01018747,Cheshire West and Chester 038D,Anti-social behaviour,,
,2014-05,Cheshire Constabulary,Cheshire Constabulary,-2.515348,53.193442,On or near A5018,E01018747,Cheshire West and Chester 038D,Anti-social behaviour,,
,2014-05,Cheshire Constabulary,Cheshire Constabulary,-2.513923,53.196891,On or near Supermarket,E01018747,Cheshire West and Chester 038D,Anti-social behaviour,,
,2014-05,Cheshire Constabulary,Cheshire Constabulary,-2.515348,53.193442,On or near A5018,E01018747,Cheshire West and Chester 038D,Anti-social behaviour,,
,2014-05,Cheshire Constabulary,Cheshire Constabulary,-2.511296,53.198835,On or near Nat Lane,E01018747,Cheshire West and Chester 038D,Anti-social behaviour,,
,2014-05,Cheshire Constabulary,Cheshire Constabulary,-2.513923,53.196891,On or near Supermarket,E01018747,Cheshire West and Chester 038D,Anti-social behaviour,,
,2014-05,Cheshire Constabulary,Cheshire Constabulary,-2.511296,53.198835,On or near Nat Lane,E01018747,Cheshire West and Chester 038D,Anti-social behaviour,,
,2014-05,Cheshire Constabulary,Cheshire Constabulary,-2.513923,53.196891,On or near Supermarket,E01018747,Cheshire West and Chester 038D,Anti-social behaviour,,
24d1349729fdf9654356f905ec4d4d33dcc143b9a0520748a41469408ea1150a,2014-05,Cheshire Constabulary,Cheshire Constabulary,-2.513923,53.196891,On or near Supermarket,E01018747,Cheshire West and Chester 038D,Criminal damage and arson,Under investigation,
5bc3d8fd6ce54641dc939a55bb52f6a39b933a8405c33bf2e3508da75cb4dfb9,2014-05,Cheshire Constabulary,Cheshire Constabulary,-2.509473,53.195274,On or near Scholar Rise,E01018747,Cheshire West and Chester 038D,Criminal damage and arson,Investigation complete; no suspect identified,
b517224616338c07ec5db8589d8b517403f5cc4b438bf48c0c6be1e2c5976f78,2014-05,Cheshire Constabulary,Cheshire Constabulary,-2.511759,53.192469,On or near Race Track,E01018747,Cheshire West and Chester 038D,Criminal damage and arson,Investigation complete; no suspect identified,
ef5e8d6f0c64a01678f53176181dc4b05bb8957bf9cf0f1ddbe4067215711da9,2014-05,Cheshire Constabulary,Cheshire Constabulary,-2.515348,53.193442,On or near A5018,E01018747,Cheshire West and Chester 038D,Criminal damage and arson,Unable to prosecute suspect,
6a9785585cabe6a7d2f1723c0b6f3247dc46e9393dac7c4336d3a24ef6bed5eb,2014-05,Cheshire Constabulary,Cheshire Constabulary,-2.515348,53.193442,On or near A5018,E01018747,Cheshire West and Chester 038D,Other theft,Investigation complete; no suspect identified,
3469eef51aaf54ace52b07d6a28a87d7189f02db1555b034e3cb034f352e12cc,2014-05,Cheshire Constabulary,Cheshire Constabulary,-2.513923,53.196891,On or near Supermarket,E01018747,Cheshire West and Chester 038D,Shoplifting,Under investigation,
39bf44daf49e0bd1e57241e8d125c91bb5047c342811b2b1aa515b29ba3247a4,2014-05,Cheshire Constabulary,Cheshire Constabulary,-2.509829,53.193807,On or near Ledward Street,E01018747,Cheshire West and Chester 038D,Violence and sexual offences,Awaiting court outcome,
518eae2b2ab2e40231cc9dc960aad4020a712c25b67f5fbd5f578ba42cb35089,2014-05,Cheshire Constabulary,Cheshire Constabulary,-2.513923,53.196891,On or near Supermarket,E01018747,Cheshire West and Chester 038D,Other crime,Offender given a caution,
,2014-05,Cheshire Constabulary,Cheshire Constabulary,-2.830276,53.189209,On or near Sports/Recreation Area,E01018323,Cheshire West and Chester 039A,Anti-social behaviour,,
,2014-05,Cheshire Constabulary,Cheshire Constabulary,-2.832126,53.195857,On or near Brickfield Lane,E01018323,Cheshire West and Chester 039A,Anti-social behaviour,,
,2014-05,Cheshire Constabulary,Cheshire Constabulary,-2.849274,53.187214,On or near Toll Bar Road,E01018323,Cheshire West and Chester 039A,Anti-social behaviour,,
,2014-05,Cheshire Constabulary,Cheshire Constabulary,-2.849464,53.193802,On or near Cedar Park,E01018323,Cheshire West and Chester 039A,Anti-social behaviour,,
055c09601cb0a9270f42d6bc418fa56f7b9da8b1245e5bbb105fc1a1c79e990b,2014-05,Cheshire Constabulary,Cheshire Constabulary,-2.832126,53.195857,On or near Brickfield Lane,E01018323,Cheshire West and Chester 039A,Burglary,Investigation complete; no suspect identified,
834caf7539e9c461fce1597f07fdbab136976cc54e374743d5cb4bc800ccb03f,2014-05,Cheshire Constabulary,Cheshire Constabulary,-2.837121,53.187174,On or near The Square,E01018323,Cheshire West and Chester 039A,Criminal damage and arson,Investigation complete; no suspect identified,
f4c58cc1b5467a342d45546e9f86db6c4f2e9673872288ec7fcd2691bde9e409,2014-05,Cheshire Constabulary,Cheshire Constabulary,-2.835540,53.195914,On or near Tarvin Road,E01018323,Cheshire West and Chester 039A,Other theft,Investigation complete; no suspect identified,
,2014-05,Cheshire Constabulary,Cheshire Constabulary,-2.835204,53.180976,On or near Home Close,E01018324,Cheshire West and Chester 039B,Anti-social behaviour,,
,2014-05,Cheshire Constabulary,Cheshire Constabulary,-2.845165,53.183774,On or near White Lane,E01018324,Cheshire West and Chester 039B,Anti-social behaviour,,
,2014-05,Cheshire Constabulary,Cheshire Constabulary,-2.833420,53.180773,On or near Rowton Bridge Road,E01018324,Cheshire West and Chester 039B,Anti-social behaviour,,
f7d4fc63bbe5b37f3bb34282f097393f7c3f65fd177d950276087cb27e20813c,2014-05,Cheshire Constabulary,Cheshire Constabulary,-2.834376,53.184551,On or near The Park,E01018324,Cheshire West and Chester 039B,Vehicle crime,Investigation complete; no suspect identified,
11832d4bffff882675b7bafc9d6d52e0dd1e2b8643415257cf124a4211453745,2014-05,Cheshire Constabulary,Cheshire Constabulary,-2.819233,53.180683,On or near Plough Lane,E01018324,Cheshire West and Chester 039B,Vehicle crime,Investigation complete; no suspect identified,
34ba3cb8c42d96db50d82312ad2ccaa9f51340f1de9792da8d760943a7d196e2,2014-05,Cheshire Constabulary,Cheshire Constabulary,-2.845165,53.183774,On or near White Lane,E01018324,Cheshire West and Chester 039B,Violence and sexual offences,Unable to prosecute suspect,
1ca1062cf0a3898eb1816807220e2c1b6c73f14174692656301200cbce7c9e23,2014-05,Cheshire Constabulary,Cheshire Constabulary,-2.854310,53.202685,On or near Ring Road,E01018325,Cheshire West and Chester 039C,Burglary,Under investigation,
,2014-05,Cheshire Constabulary,Cheshire Constabulary,-2.818115,53.169895,On or near Cowthorne Drive,E01018385,Cheshire West and Chester 039D,Anti-social behaviour,,
,2014-05,Cheshire Constabulary,Cheshire Constabulary,-2.811529,53.174470,On or near Abbotts Road,E01018385,Cheshire West and Chester 039D,Anti-social behaviour,,
8c90e3461b34a557bd0e81741850ef76fb9c198439d12ca77288329cc2d759a0,2014-05,Cheshire Constabulary,Cheshire Constabulary,-2.825677,53.175730,On or near Petrol Station,E01018385,Cheshire West and Chester 039D,Burglary,Investigation complete; no suspect identified,
95065501fe4bf0a27bb5209b49c6d75fe903f7ace6df4952e3cc35b04bc2af4b,2014-05,Cheshire Constabulary,Cheshire Constabulary,-2.808746,53.166498,On or near Village Road,E01018385,Cheshire West and Chester 039D,Criminal damage and arson,Unable to prosecute suspect,
ccbfc2c893969e931e4f3ae60a092e41458c11a819293411846b928967d3f887,2014-05,Cheshire Constabulary,Cheshire Constabulary,-2.808746,53.166498,On or near Village Road,E01018385,Cheshire West and Chester 039D,Violence and sexual offences,Formal action is not in the public interest,
,2014-05,Cheshire Constabulary,Cheshire Constabulary,-2.533687,53.187707,On or near Chestnut Grove,E01018730,Cheshire West and Chester 040A,Anti-social behaviour,,
,2014-05,Cheshire Constabulary,Cheshire Constabulary,-2.530283,53.183480,On or near Townfields Gardens,E01018730,Cheshire West and Chester 040A,Anti-social behaviour,,
1cb87ec6bfb839aa9ce97d3b087f4fd2c930dfcb9985c77148f50666072a6a08,2014-05,Cheshire Constabulary,Cheshire Constabulary,-2.530839,53.184924,On or near Oak Avenue,E01018730,Cheshire West and Chester 040A,Burglary,Investigation complete; no suspect identified,
1547726659d95e3cca3993d3f0f05cdb338b95d8f64b2dd99fc386c4b9f25c7c,2014-05,Cheshire Constabulary,Cheshire Constabulary,-2.529189,53.186999,On or near Denesgate,E01018730,Cheshire West and Chester 040A,Burglary,Investigation complete; no suspect identified,
1a3dc4838b7697c480e1930f430410c7439baee69f60b9d815c603f3bd310243,2014-05,Cheshire Constabulary,Cheshire Constabulary,-2.533246,53.183520,On or near Grosvenor Court,E01018730,Cheshire West and Chester 040A,Burglary,Investigation complete; no suspect identified,
a635537a31ec3b319bb724f53822cc55aecf6c2264e64f63747866081f91682a,2014-05,Cheshire Constabulary,Cheshire Constabulary,-2.530796,53.182668,On or near Townfields Road,E01018730,Cheshire West and Chester 040A,Burglary,Investigation complete; no suspect identified,
cbccbc190358f89c67ee175ace320709057990681c2d353188dd9f99db0a4ef4,2014-05,Cheshire Constabulary,Cheshire Constabulary,-2.529189,53.186999,On or near Denesgate,E01018730,Cheshire West and Chester 040A,Burglary,Investigation complete; no suspect identified,
05a93ef04bccea37fdc4a5ccf11b3019a49c53853e87501bd1358297946bfd09,2014-05,Cheshire Constabulary,Cheshire Constabulary,-2.529467,53.185308,On or near Beech Grove,E01018730,Cheshire West and Chester 040A,Other theft,Under investigation,
,2014-05,Cheshire Constabulary,Cheshire Constabulary,-2.548421,53.184800,On or near Grampian Way,E01018738,Cheshire West and Chester 040B,Anti-social behaviour,,
,2014-05,Cheshire Constabulary,Cheshire Constabulary,-2.546370,53.185897,On or near Pennine Way,E01018738,Cheshire West and Chester 040B,Anti-social behaviour,,
,2014-05,Cheshire Constabulary,Cheshire Constabulary,-2.548921,53.189948,On or near Beckenham Grove,E01018738,Cheshire West and Chester 040B,Anti-social behaviour,,
,2014-05,Cheshire Constabulary,Cheshire Constabulary,-2.547703,53.183670,On or near Quantock Close,E01018738,Cheshire West and Chester 040B,Anti-social behaviour,,
,2014-05,Cheshire Constabulary,Cheshire Constabulary,-2.550244,53.184603,On or near Hambleton Way,E01018738,Cheshire West and Chester 040B,Anti-social behaviour,,
,2014-05,Cheshire Constabulary,Cheshire Constabulary,-2.550244,53.184603,On or near Hambleton Way,E01018738,Cheshire West and Chester 040B,Anti-social behaviour,,
,2014-05,Cheshire Constabulary,Cheshire Constabulary,-2.554466,53.184754,On or near Browning Way,E01018738,Cheshire West and Chester 040B,Anti-social behaviour,,
,2014-05,Cheshire Constabulary,Cheshire Constabulary,-2.546370,53.185897,On or near Pennine Way,E01018738,Cheshire West and Chester 040B,Anti-social behaviour,,
,2014-05,Cheshire Constabulary,Cheshire Constabulary,-2.549924,53.187669,On or near Southwark Place,E01018738,Cheshire West and Chester 040B,Anti-social behaviour,,
,2014-05,Cheshire Constabulary,Cheshire Constabulary,-2.550244,53.184603,On or near Hambleton Way,E01018738,Cheshire West and Chester 040B,Anti-social behaviour,,
1c0509ce01f880eb0a3bd3d62e8317ea014469459cf3db0be38d4534bbeafed5,2014-05,Cheshire Constabulary,Cheshire Constabulary,-2.554466,53.184754,On or near Browning Way,E01018738,Cheshire West and Chester 040B,Burglary,Under investigation,
9e415c50e1d832fd341b008dcd8875a11d104d679c18531d66b8ae2b095cf0a4,2014-05,Cheshire Constabulary,Cheshire Constabulary,-2.554466,53.184754,On or near Browning Way,E01018738,Cheshire West and Chester 040B,Burglary,Under investigation,
618af297e5e864e70193fc8dba0d20de1ec176f019fca4ed3f3e6a0b5679176a,2014-05,Cheshire Constabulary,Cheshire Constabulary,-2.550364,53.189294,On or near Berkeley Rise,E01018738,Cheshire West and Chester 040B,Criminal damage and arson,Under investigation,
df6bcd6c1d805143946b2b22980a4a071d315f9c0315ff5825ba37416c507bdf,2014-05,Cheshire Constabulary,Cheshire Constabulary,-2.551701,53.188506,On or near Victoria Square,E01018738,Cheshire West and Chester 040B,Criminal damage and arson,Under investigation,
bfbfd97160b4ee30563457691a411496e8365e7f169046678430f002b083baeb,2014-05,Cheshire Constabulary,Cheshire Constabulary,-2.550757,53.188412,On or near Newbury Avenue,E01018738,Cheshire West and Chester 040B,Criminal damage and arson,Investigation complete; no suspect identified,
3ef0d9c86bf2372e8182dcff0af380015518149c1e109678f274e56da61a98c5,2014-05,Cheshire Constabulary,Cheshire Constabulary,-2.550244,53.184603,On or near Hambleton Way,E01018738,Cheshire West and Chester 040B,Criminal damage and arson,Investigation complete; no suspect identified,
d311f29bf7fd882a792178151fb3cd621363bad6f57b5bb2cd6658992269e359,2014-05,Cheshire Constabulary,Cheshire Constabulary,-2.550364,53.189294,On or near Berkeley Rise,E01018738,Cheshire West and Chester 040B,Violence and sexual offences,Under investigation,
8df275247ba06e24d7078d42ef19bd493797fad405714ed1b21e1aa01cd15e6c,2014-05,Cheshire Constabulary,Cheshire Constabulary,-2.546370,53.185897,On or near Pennine Way,E01018738,Cheshire West and Chester 040B,Violence and sexual offences,Unable to prosecute suspect,
6239357a9bdf7122f63688dd6e774eb381e0c06bd6cc91f986dc9def2f3fbe04,2014-05,Cheshire Constabulary,Cheshire Constabulary,-2.551267,53.188508,On or near Cavendish Close,E01018738,Cheshire West and Chester 040B,Violence and sexual offences,Under investigation,
,2014-05,Cheshire Constabulary,Cheshire Constabulary,-2.545206,53.182621,On or near Cleveland Way,E01018739,Cheshire West and Chester 040C,Anti-social behaviour,,
06965c5f860cf8abb40b023645f2accde5ff30b3108b0794456fb1c8e5141d2c,2014-05,Cheshire Constabulary,Cheshire Constabulary,-2.541598,53.188418,On or near Pedestrian Subway,E01018739,Cheshire West and Chester 040C,Bicycle theft,Investigation complete; no suspect identified,
d81a702aa5fc90ca33ba285ee9890ce287d5cd5991dde1bf1c5ac823ae381b9f,2014-05,Cheshire Constabulary,Cheshire Constabulary,-2.541856,53.185144,On or near Snowdonia Way,E01018739,Cheshire West and Chester 040C,Bicycle theft,Unable to prosecute suspect,
06f9cb5b2256f6b03d2316e9b21fe1c88b36f5fa77d6ca833c75541989090011,2014-05,Cheshire Constabulary,Cheshire Constabulary,-2.541598,53.188418,On or near Pedestrian Subway,E01018739,Cheshire West and Chester 040C,Burglary,Under investigation,
161becbaf22b0ba45cf9639c90eb8ce6a24be6ae8a538733247df7088694c226,2014-05,Cheshire Constabulary,Cheshire Constabulary,-2.541846,53.185540,On or near Cambrian Way,E01018739,Cheshire West and Chester 040C,Criminal damage and arson,Under investigation,
8fb89904785b0041b3aee1a2409ec040f6fb6f4bcfee54ff5061dc8c488a2bc5,2014-05,Cheshire Constabulary,Cheshire Constabulary,-2.541598,53.188418,On or near Pedestrian Subway,E01018739,Cheshire West and Chester 040C,Shoplifting,Under investigation,
cd956340b705c82d4c06c93c3cbce1bb3dcfa21fc7b59df2d296d74cfd3553d9,2014-05,Cheshire Constabulary,Cheshire Constabulary,-2.543695,53.183878,On or near Montgomery Way,E01018739,Cheshire West and Chester 040C,Shoplifting,Investigation complete; no suspect identified,
e4f9bff5e484521a722fe2cc3ff5451bdf70644752524c4736cda5893efbc5c9,2014-05,Cheshire Constabulary,Cheshire Constabulary,-2.543695,53.183878,On or near Montgomery Way,E01018739,Cheshire West and Chester 040C,Shoplifting,Under investigation,
c87d4734f35931299c9d48c76285aee0c0a85dce837a5ebd51e1db8c51574e3b,2014-05,Cheshire Constabulary,Cheshire Constabulary,-2.543695,53.183878,On or near Montgomery Way,E01018739,Cheshire West and Chester 040C,Shoplifting,Unable to prosecute suspect,
ada099e4adcaa82394d76b41ffb9ec1a7c473536e4bc3a7735fad5cddf1dd8e8,2014-05,Cheshire Constabulary,Cheshire Constabulary,-2.543695,53.183878,On or near Montgomery Way,E01018739,Cheshire West and Chester 040C,Shoplifting,Suspect charged as part of another case,
2abb3c69c671ba0c1fbfd3d438902616c344f5131082ac294b44d012bdbe95a7,2014-05,Cheshire Constabulary,Cheshire Constabulary,-2.542121,53.186006,On or near Furness Close,E01018739,Cheshire West and Chester 040C,Violence and sexual offences,Awaiting court outcome,
4cbc2802e4ee0a0405573f6df726ab6899530d2e5bc396a346007a57a3ff9717,2014-05,Cheshire Constabulary,Cheshire Constabulary,-2.541598,53.188418,On or near Pedestrian Subway,E01018739,Cheshire West and Chester 040C,Violence and sexual offences,Unable to prosecute suspect,
,2014-05,Cheshire Constabulary,Cheshire Constabulary,-2.539665,53.179869,On or near Wingfield Place,E01018741,Cheshire West and Chester 040D,Anti-social behaviour,,
,2014-05,Cheshire Constabulary,Cheshire Constabulary,-2.540110,53.180775,On or near Dover Drive,E01018741,Cheshire West and Chester 040D,Anti-social behaviour,,
6a86190f79af8e1d3298439fd9f5989d45536cf09049f250421530365409fcd1,2014-05,Cheshire Constabulary,Cheshire Constabulary,-2.536295,53.184406,On or near Beeston Drive,E01018741,Cheshire West and Chester 040D,Burglary,Under investigation,
36f03c15ce2e5f89e726956217eff59e37444f33071268fdb0c7d69546a8cef9,2014-05,Cheshire Constabulary,Cheshire Constabulary,-2.536133,53.182204,On or near Kensington Court,E01018741,Cheshire West and Chester 040D,Burglary,Investigation complete; no suspect identified,
3eb390f664454b94609d39922877dfcd0bd51fb1d22940e4053dedcfe4888778,2014-05,Cheshire Constabulary,Cheshire Constabulary,-2.541498,53.180499,On or near Wolvesey Place,E01018741,Cheshire West and Chester 040D,Criminal damage and arson,Investigation complete; no suspect identified,
1f220e61d915dddec7a5703c3499f32934426e7fa5b2e4191305059e1478e52e,2014-05,Cheshire Constabulary,Cheshire Constabulary,-2.538099,53.180343,On or near Warwick Place,E01018741,Cheshire West and Chester 040D,Criminal damage and arson,Investigation complete; no suspect identified,
27558c939017774c49669d5d565f8effac36089d0632afbee6789581b6288a09,2014-05,Cheshire Constabulary,Cheshire Constabulary,-2.537114,53.181750,On or near Buckingham Drive,E01018741,Cheshire West and Chester 040D,Violence and sexual offences,Unable to prosecute suspect,
d1b5b8c244c5cf8af6cb3bb33add66373820b4084f07707c0e814ab70bc082b6,2014-05,Cheshire Constabulary,Cheshire Constabulary,-2.541498,53.180499,On or near Wolvesey Place,E01018741,Cheshire West and Chester 040D,Violence and sexual offences,Formal action is not in the public interest,
94eba17755103b64d83cd19432597ee1f06a68d651f33bdd9c6f709470d9298c,2014-05,Cheshire Constabulary,Cheshire Constabulary,-2.540110,53.180775,On or near Dover Drive,E01018741,Cheshire West and Chester 040D,Violence and sexual offences,Unable to prosecute suspect,
,2014-05,Cheshire Constabulary,Cheshire Constabulary,-2.856867,53.186782,On or near Belgrave Road,E01018320,Cheshire West and Chester 041A,Anti-social behaviour,,
3f2840758b9ea62a05129d6efd0528033c80fa95ebb8108a2cc338c9ffe3e63b,2014-05,Cheshire Constabulary,Cheshire Constabulary,-2.856576,53.188672,On or near Whitchurch Road,E01018320,Cheshire West and Chester 041A,Burglary,Under investigation,
7b4f8857cc13f7d6c2853b9181b62ece8e8cbaf8393f16e398dc226e6b1e0a0a,2014-05,Cheshire Constabulary,Cheshire Constabulary,-2.861464,53.186120,On or near Beckett'S Lane,E01018320,Cheshire West and Chester 041A,Vehicle crime,Investigation complete; no suspect identified,
,2014-05,Cheshire Constabulary,Cheshire Constabulary,-2.863574,53.181682,On or near Foxes Walk,E01018321,Cheshire West and Chester 041B,Anti-social behaviour,,
,2014-05,Cheshire Constabulary,Cheshire Constabulary,-2.868010,53.181272,On or near Keristal Avenue,E01018321,Cheshire West and Chester 041B,Anti-social behaviour,,
,2014-05,Cheshire Constabulary,Cheshire Constabulary,-2.863199,53.186835,On or near Heather Court,E01018321,Cheshire West and Chester 041B,Anti-social behaviour,,
,2014-05,Cheshire Constabulary,Cheshire Constabulary,-2.868010,53.181272,On or near Keristal Avenue,E01018321,Cheshire West and Chester 041B,Anti-social behaviour,,
7e57ea579b1f9b2b88ea8bbc34cac4330d9d9d7a001a361d82742f9058e38c25,2014-05,Cheshire Constabulary,Cheshire Constabulary,-2.868878,53.186426,On or near Dee Banks,E01018321,Cheshire West and Chester 041B,Burglary,Investigation complete; no suspect identified,
80b420b784a1ee71edd5b128ecd21b6442c8fd0034374e801d9d8b46b811d1ee,2014-05,Cheshire Constabulary,Cheshire Constabulary,-2.863199,53.186835,On or near Heather Court,E01018321,Cheshire West and Chester 041B,Criminal damage and arson,Investigation complete; no suspect identified,
41943f3724bd72041c85b8106c463bb14504129d8db1103a02bffcc4ef8b3692,2014-05,Cheshire Constabulary,Cheshire Constabulary,-2.863574,53.181682,On or near Foxes Walk,E01018321,Cheshire West and Chester 041B,Criminal damage and arson,Investigation complete; no suspect identified,
3c094a01f51b4d7f999c623d57027caefe4a34311d34eb9e7462278f49c6ec1b,2014-05,Cheshire Constabulary,Cheshire Constabulary,-2.863574,53.181682,On or near Foxes Walk,E01018321,Cheshire West and Chester 041B,Vehicle crime,Investigation complete; no suspect identified,
fab0fe454501f35edee58b1deab7ca24f342018c8889ac316fee59fec4478f9e,2014-05,Cheshire Constabulary,Cheshire Constabulary,-2.859598,53.181900,On or near Glovers Loom,E01018322,Cheshire West and Chester 041C,Burglary,Under investigation,
cfc258de919bec837875be65933a497d82b23676428eb12c7dac55b351751cd5,2014-05,Cheshire Constabulary,Cheshire Constabulary,-2.855399,53.182910,On or near Supermarket,E01018322,Cheshire West and Chester 041C,Other theft,Investigation complete; no suspect identified,
9e3be01750dadbee29cd6fff8b203b587b7b7a9bb12e69d78af81de0fb2e0d9f,2014-05,Cheshire Constabulary,Cheshire Constabulary,-2.855399,53.182910,On or near Supermarket,E01018322,Cheshire West and Chester 041C,Other theft,Under investigation,
563fff067ddc7ff6da9cd08bdea252ca22bcf4afd9ee4916d6e193cd7d5c685b,2014-05,Cheshire Constabulary,Cheshire Constabulary,-2.855399,53.182910,On or near Supermarket,E01018322,Cheshire West and Chester 041C,Shoplifting,Investigation complete; no suspect identified,
feabb3b5e6f954faa052e226ca79090ddab1b7a88b47a1913c208b48a1322359,2014-05,Cheshire Constabulary,Cheshire Constabulary,-2.855399,53.182910,On or near Supermarket,E01018322,Cheshire West and Chester 041C,Shoplifting,Awaiting court outcome,
727eb864efcf2ccbcd04cbc1b547659f8e9d1b65180c2851a39a8cb9129667b0,2014-05,Cheshire Constabulary,Cheshire Constabulary,-2.855399,53.182910,On or near Supermarket,E01018322,Cheshire West and Chester 041C,Shoplifting,Local resolution,
62c3cbbbe0ddf88f0b0f5816c74867de7f96ea66ec463d6f6b1cbf5259f0d984,2014-05,Cheshire Constabulary,Cheshire Constabulary,-2.858050,53.183807,On or near Waters Reams,E01018322,Cheshire West and Chester 041C,Vehicle crime,Investigation complete; no suspect identified,
12d68ecae166958579bb95f5fa00349f9a6da5a186bc8f7e23a36fc307c85fc3,2014-05,Cheshire Constabulary,Cheshire Constabulary,-2.860410,53.181309,On or near Withy Croft,E01018322,Cheshire West and Chester 041C,Violence and sexual offences,Awaiting court outcome,
,2014-05,Cheshire Constabulary,Cheshire Constabulary,-2.866705,53.178900,On or near Celandine Close,E01018348,Cheshire West and Chester 041D,Anti-social behaviour,,
,2014-05,Cheshire Constabulary,Cheshire Constabulary,-2.865472,53.172607,On or near Meadow Lane,E01018348,Cheshire West and Chester 041D,Anti-social behaviour,,
0e46c5684f68d32a7a86bab2ab5543c54d543a0faadb50e2af3b8f7d5d9401ad,2014-05,Cheshire Constabulary,Cheshire Constabulary,-2.866738,53.174567,On or near Riversmead,E01018348,Cheshire West and Chester 041D,Criminal damage and arson,Unable to prosecute suspect,
aab0e84314163ae1ecdc23873a7b88c57f262f6115ac1a7a11b8be9d691e9757,2014-05,Cheshire Constabulary,Cheshire Constabulary,-2.861771,53.177569,On or near Orchid Close,E01018348,Cheshire West and Chester 041D,Criminal damage and arson,Under investigation,
10eb7661af48fbd59e5a9cb02428944a56ad9a6e4f6dcc8a9d89fec0a3cd25d7,2014-05,Cheshire Constabulary,Cheshire Constabulary,-2.866556,53.178173,On or near Foxglove Close,E01018348,Cheshire West and Chester 041D,Vehicle crime,Investigation complete; no suspect identified,
,2014-05,Cheshire Constabulary,Cheshire Constabulary,-2.528630,53.187784,On or near Queensway,E01018731,Cheshire West and Chester 042A,Anti-social behaviour,,
,2014-05,Cheshire Constabulary,Cheshire Constabulary,-2.525971,53.185800,On or near Gladstone Street,E01018731,Cheshire West and Chester 042A,Anti-social behaviour,,
,2014-05,Cheshire Constabulary,Cheshire Constabulary,-2.525089,53.190712,On or near Dingle Lane,E01018731,Cheshire West and Chester 042A,Anti-social behaviour,,
,2014-05,Cheshire Constabulary,Cheshire Constabulary,-2.528630,53.187784,On or near Queensway,E01018731,Cheshire West and Chester 042A,Anti-social behaviour,,
,2014-05,Cheshire Constabulary,Cheshire Constabulary,-2.522624,53.189887,On or near Poole Street,E01018731,Cheshire West and Chester 042A,Anti-social behaviour,,
,2014-05,Cheshire Constabulary,Cheshire Constabulary,-2.519259,53.190045,On or near Coningsby Drive,E01018731,Cheshire West and Chester 042A,Anti-social behaviour,,
,2014-05,Cheshire Constabulary,Cheshire Constabulary,-2.526352,53.189960,On or near Shopping Area,E01018731,Cheshire West and Chester 042A,Anti-social behaviour,,
,2014-05,Cheshire Constabulary,Cheshire Constabulary,-2.528630,53.187784,On or near Queensway,E01018731,Cheshire West and Chester 042A,Anti-social behaviour,,
,2014-05,Cheshire Constabulary,Cheshire Constabulary,-2.519208,53.189587,On or near Hemswell Close,E01018731,Cheshire West and Chester 042A,Anti-social behaviour,,
,2014-05,Cheshire Constabulary,Cheshire Constabulary,-2.528630,53.187784,On or near Queensway,E01018731,Cheshire West and Chester 042A,Anti-social behaviour,,
19b79b272264531d5502fc7a746a38e54250ba9eeee8f39971e418bab4e47128,2014-05,Cheshire Constabulary,Cheshire Constabulary,-2.525108,53.187413,On or near Granville Square,E01018731,Cheshire West and Chester 042A,Bicycle theft,Investigation complete; no suspect identified,
5a6976204dc64bd06c3e59ad175cc9aa962a5926edcc322d064057973aa29176,2014-05,Cheshire Constabulary,Cheshire Constabulary,-2.522624,53.189887,On or near Poole Street,E01018731,Cheshire West and Chester 042A,Violence and sexual offences,Awaiting court outcome,
,2014-05,Cheshire Constabulary,Cheshire Constabulary,-2.512091,53.188881,On or near Rosebank Close,E01018735,Cheshire West and Chester 042B,Anti-social behaviour,,
,2014-05,Cheshire Constabulary,Cheshire Constabulary,-2.510403,53.189158,On or near Elmwood Grove,E01018735,Cheshire West and Chester 042B,Anti-social behaviour,,
,2014-05,Cheshire Constabulary,Cheshire Constabulary,-2.512091,53.188881,On or near Rosebank Close,E01018735,Cheshire West and Chester 042B,Anti-social behaviour,,
c14ba76184c900111f8b820c4d57ba70196af8a6aa34c1f958ffe909349a31a4,2014-05,Cheshire Constabulary,Cheshire Constabulary,-2.499298,53.190445,On or near Greenfields,E01018735,Cheshire West and Chester 042B,Burglary,Investigation complete; no suspect identified,
70b6b6eb6c22f5aa8d8af06f1b77c91b844ce7e6de30046ef16abf3052632604,2014-05,Cheshire Constabulary,Cheshire Constabulary,-2.512091,53.188881,On or near Rosebank Close,E01018735,Cheshire West and Chester 042B,Criminal damage and arson,Investigation complete; no suspect identified,
f0ec1402909e865bc47013f300444d1468dc383d303242ce3d6cf019ddedb08f,2014-05,Cheshire Constabulary,Cheshire Constabulary,-2.502406,53.189983,On or near Firtree Close,E01018735,Cheshire West and Chester 042B,Violence and sexual offences,Under investigation,
,2014-05,Cheshire Constabulary,Cheshire Constabulary,-2.532472,53.177834,On or near Commonwealth Close,E01018740,Cheshire West and Chester 042C,Anti-social behaviour,,
,2014-05,Cheshire Constabulary,Cheshire Constabulary,-2.535059,53.180087,On or near Bedford Rise,E01018740,Cheshire West and Chester 042C,Anti-social behaviour,,
,2014-05,Cheshire Constabulary,Cheshire Constabulary,-2.536780,53.178929,On or near Vauxhall Way,E01018740,Cheshire West and Chester 042C,Anti-social behaviour,,
,2014-05,Cheshire Constabulary,Cheshire Constabulary,-2.532472,53.177834,On or near Commonwealth Close,E01018740,Cheshire West and Chester 042C,Anti-social behaviour,,
,2014-05,Cheshire Constabulary,Cheshire Constabulary,-2.534426,53.180980,On or near Townfields Drive,E01018740,Cheshire West and Chester 042C,Anti-social behaviour,,
,2014-05,Cheshire Constabulary,Cheshire Constabulary,-2.532524,53.175946,On or near Stuart Close,E01018740,Cheshire West and Chester 042C,Anti-social behaviour,,
,2014-05,Cheshire Constabulary,Cheshire Constabulary,-2.532472,53.177834,On or near Commonwealth Close,E01018740,Cheshire West and Chester 042C,Anti-social behaviour,,
,2014-05,Cheshire Constabulary,Cheshire Constabulary,-2.533602,53.178458,On or near Austin Close,E01018740,Cheshire West and Chester 042C,Anti-social behaviour,,
,2014-05,Cheshire Constabulary,Cheshire Constabulary,-2.534838,53.177976,On or near Leyland Walk,E01018740,Cheshire West and Chester 042C,Anti-social behaviour,,
,2014-05,Cheshire Constabulary,Cheshire Constabulary,-2.535059,53.180087,On or near Bedford Rise,E01018740,Cheshire West and Chester 042C,Anti-social behaviour,,
,2014-05,Cheshire Constabulary,Cheshire Constabulary,-2.536780,53.178929,On or near Vauxhall Way,E01018740,Cheshire West and Chester 042C,Anti-social behaviour,,
31d308fc7fedd464c93e055f69e428d0a628054027e5e82e9b8dd1ecedcd367f,2014-05,Cheshire Constabulary,Cheshire Constabulary,-2.534838,53.177976,On or near Leyland Walk,E01018740,Cheshire West and Chester 042C,Bicycle theft,Investigation complete; no suspect identified,
eef333115ef1af03d6b512b8a60ce6b52b5eb9adc1d04f4720adf55be7cec321,2014-05,Cheshire Constabulary,Cheshire Constabulary,-2.533602,53.178458,On or near Austin Close,E01018740,Cheshire West and Chester 042C,Burglary,Under investigation,
1ccbaf70d6745fad57b36eb149b6915b6e569b97cf864361370092dd5ab5f98a,2014-05,Cheshire Constabulary,Cheshire Constabulary,-2.534123,53.174608,On or near St Chad'S Fields,E01018740,Cheshire West and Chester 042C,Burglary,Awaiting court outcome,
821defc254759e23c4131a73eac7837e2a0dbf68796b671768e5e84fb3cd37a2,2014-05,Cheshire Constabulary,Cheshire Constabulary,-2.536296,53.177313,On or near Glebe Green Drive,E01018740,Cheshire West and Chester 042C,Criminal damage and arson,Under investigation,
2415d286c8051c09bed86d6ed245b857d9e59d85f5d971bc78d4607a9ea98274,2014-05,Cheshire Constabulary,Cheshire Constabulary,-2.535059,53.180087,On or near Bedford Rise,E01018740,Cheshire West and Chester 042C,Criminal damage and arson,Investigation complete; no suspect identified,
517408f64a7dadf4b1946741069e809db708a300272153bca03d89b9020e2b0f,2014-05,Cheshire Constabulary,Cheshire Constabulary,-2.534123,53.174608,On or near St Chad'S Fields,E01018740,Cheshire West and Chester 042C,Criminal damage and arson,Awaiting court outcome,
20b0fbef811b09cccedf25ece509e908d856d5deb8ea8ada589da38579fd13c6,2014-05,Cheshire Constabulary,Cheshire Constabulary,-2.534123,53.174608,On or near St Chad'S Fields,E01018740,Cheshire West and Chester 042C,Public order,Awaiting court outcome,
95867f420c456d9fc7135938e354cdc4c96a60b8be2fa39cf43c46d13205bc83,2014-05,Cheshire Constabulary,Cheshire Constabulary,-2.535639,53.177406,On or near Bentley Grove,E01018740,Cheshire West and Chester 042C,Violence and sexual offences,Offender fined,
0ac2d9b404cc87e197c67afa7016d5cd49886e04a6578ad833059d80d5f1afa0,2014-05,Cheshire Constabulary,Cheshire Constabulary,-2.535059,53.180087,On or near Bedford Rise,E01018740,Cheshire West and Chester 042C,Violence and sexual offences,Under investigation,
0e26e516725a70317c88a2198abd3ca62bc52f7af5c0ef5adead0644ac3edcba,2014-05,Cheshire Constabulary,Cheshire Constabulary,-2.534123,53.174608,On or near St Chad'S Fields,E01018740,Cheshire West and Chester 042C,Violence and sexual offences,Awaiting court outcome,
,2014-05,Cheshire Constabulary,Cheshire Constabulary,-2.529343,53.180095,On or near Swanlow Lane,E01018742,Cheshire West and Chester 042D,Anti-social behaviour,,
,2014-05,Cheshire Constabulary,Cheshire Constabulary,-2.529343,53.180095,On or near Swanlow Lane,E01018742,Cheshire West and Chester 042D,Anti-social behaviour,,
,2014-05,Cheshire Constabulary,Cheshire Constabulary,-2.531933,53.177755,On or near Plantagenet Close,E01018742,Cheshire West and Chester 042D,Anti-social behaviour,,
47f94a52cbef37d3e15beb9adff1446b5158f648f18e3843cda17169d486b125,2014-05,Cheshire Constabulary,Cheshire Constabulary,-2.529343,53.180095,On or near Swanlow Lane,E01018742,Cheshire West and Chester 042D,Criminal damage and arson,Under investigation,
0045e39717734f6fe05e49e121d9adde8979518c0971213ef49812310009460e,2014-05,Cheshire Constabulary,Cheshire Constabulary,-2.529343,53.180095,On or near Swanlow Lane,E01018742,Cheshire West and Chester 042D,Other theft,Investigation complete; no suspect identified,
e90722b0584b42528a232a4194c981b7d5d81e3f26b7055deba298db56850467,2014-05,Cheshire Constabulary,Cheshire Constabulary,-2.527153,53.174792,On or near Plover Avenue,E01018742,Cheshire West and Chester 042D,Other crime,Under investigation,
,2014-05,Cheshire Constabulary,Cheshire Constabulary,-2.917394,53.180048,On or near Curzon Street,E01018332,Cheshire West and Chester 043A,Anti-social behaviour,,
,2014-05,Cheshire Constabulary,Cheshire Constabulary,-2.914550,53.180708,On or near Mount Pleasent,E01018332,Cheshire West and Chester 043A,Anti-social behaviour,,
,2014-05,Cheshire Constabulary,Cheshire Constabulary,-2.914550,53.180708,On or near Mount Pleasent,E01018332,Cheshire West and Chester 043A,Anti-social behaviour,,
b92620f4783778581afe9c8c3619233b35db2ca8c811e615e23d1449844fc71a,2014-05,Cheshire Constabulary,Cheshire Constabulary,-2.910957,53.180610,On or near Park Road West,E01018332,Cheshire West and Chester 043A,Other theft,Investigation complete; no suspect identified,
6547de16902396e13077fc432ff422ee397ba5e3b242bd1020341a80090e82d1,2014-05,Cheshire Constabulary,Cheshire Constabulary,-2.914550,53.180708,On or near Mount Pleasent,E01018332,Cheshire West and Chester 043A,Other crime,Under investigation,
,2014-05,Cheshire Constabulary,Cheshire Constabulary,-2.908157,53.176262,On or near Sports/Recreation Area,E01018333,Cheshire West and Chester 043B,Anti-social behaviour,,
,2014-05,Cheshire Constabulary,Cheshire Constabulary,-2.906200,53.184943,On or near Curzon Close,E01018333,Cheshire West and Chester 043B,Anti-social behaviour,,
,2014-05,Cheshire Constabulary,Cheshire Constabulary,-2.913550,53.179394,On or near Lansdowne Grove,E01018333,Cheshire West and Chester 043B,Anti-social behaviour,,
,2014-05,Cheshire Constabulary,Cheshire Constabulary,-2.896281,53.181503,On or near Grosvenor Road,E01018333,Cheshire West and Chester 043B,Anti-social behaviour,,
9f351dce08eb0a0e4392bfc9c649db018c99e3ad846fb705ce8d45e223d7936b,2014-05,Cheshire Constabulary,Cheshire Constabulary,-2.896832,53.174200,On or near Wrexham Road,E01018333,Cheshire West and Chester 043B,Burglary,Investigation complete; no suspect identified,
d882e32270258044ae8b826b9ec3a909d67a36ac4aed3a9d73025d80bd52a6c0,2014-05,Cheshire Constabulary,Cheshire Constabulary,-2.899708,53.178637,On or near Westminster Avenue,E01018333,Cheshire West and Chester 043B,Burglary,Under investigation,
bcb05f0ea0d82b61711219c23ffa1310f4f82691e1e2a08e3cfbcfdd0f9870e1,2014-05,Cheshire Constabulary,Cheshire Constabulary,-2.896832,53.174200,On or near Wrexham Road,E01018333,Cheshire West and Chester 043B,Violence and sexual offences,Formal action is not in the public interest,
,2014-05,Cheshire Constabulary,Cheshire Constabulary,-2.899381,53.172311,On or near Ash Grove,E01018334,Cheshire West and Chester 043C,Anti-social behaviour,,
,2014-05,Cheshire Constabulary,Cheshire Constabulary,-2.900753,53.170691,On or near Fir Tree Avenue,E01018334,Cheshire West and Chester 043C,Anti-social behaviour,,
3bcbbfb79160af01e6b2ca031ac824d63eb99e7a4cca1732131d2825b69a1192,2014-05,Cheshire Constabulary,Cheshire Constabulary,-2.903108,53.170970,On or near Sherbourne Avenue,E01018334,Cheshire West and Chester 043C,Burglary,Under investigation,
422b32654e4bde14a52daade7e09356a4c0e97af6fcf786ba830508f38774b40,2014-05,Cheshire Constabulary,Cheshire Constabulary,-2.905918,53.172270,On or near Farbailey Close,E01018334,Cheshire West and Chester 043C,Burglary,Under investigation,
671f59cb165ce88fbae88efddd8a05b1e98bb2b4475cde3ed1bf5c933ccc8cba,2014-05,Cheshire Constabulary,Cheshire Constabulary,-2.916088,53.166502,On or near Greenacre Road,E01018334,Cheshire West and Chester 043C,Burglary,Under investigation,
631bbd9f3048f208da9ed9c1bdbceef92fa2e9ac6574bd5e049bed800da575c2,2014-05,Cheshire Constabulary,Cheshire Constabulary,-2.903264,53.172003,On or near Five Ashes Road,E01018334,Cheshire West and Chester 043C,Criminal damage and arson,Investigation complete; no suspect identified,
63f2e66305bc38dda988a51a702db513872c0c8bf96b13efda08c0398935e4b3,2014-05,Cheshire Constabulary,Cheshire Constabulary,-2.902163,53.173710,On or near Johnsons Close,E01018334,Cheshire West and Chester 043C,Other theft,Investigation complete; no suspect identified,
0390610c3a05112890a7587c303bc2e6ddc2468a900c7e8db6977caa4fb27dee,2014-05,Cheshire Constabulary,Cheshire Constabulary,-2.907400,53.172322,On or near Lower Field Road,E01018334,Cheshire West and Chester 043C,Other theft,Investigation complete; no suspect identified,
3387083bf3796824c5a5bc54cf48c3af3b8d36ef23f0c4650990d7d67a9b0af7,2014-05,Cheshire Constabulary,Cheshire Constabulary,-2.904300,53.172157,On or near Supermarket,E01018334,Cheshire West and Chester 043C,Shoplifting,Investigation complete; no suspect identified,
f1e073ef5da2f54fd7872ad78245ed854dbde231f0cd222b23d81ca70f366f7e,2014-05,Cheshire Constabulary,Cheshire Constabulary,-2.904300,53.172157,On or near Supermarket,E01018334,Cheshire West and Chester 043C,Shoplifting,Under investigation,
288318ba3e145610580cca6023e96963d2c026f0df0762e8419ed40f978132e8,2014-05,Cheshire Constabulary,Cheshire Constabulary,-2.877582,53.186874,On or near Elizabeth Crescent,E01018340,Cheshire West and Chester 043D,Bicycle theft,Investigation complete; no suspect identified,
fffc3398bdaff1a11899198970b5903ae58ea35a4abd0fd7fc3fb2d3f02dfb5b,2014-05,Cheshire Constabulary,Cheshire Constabulary,-2.880386,53.187878,On or near Lower Park Road,E01018340,Cheshire West and Chester 043D,Bicycle theft,Under investigation,
c1716f0a247c5d5779e6ce06349ddf4b6e8d1284190c9199edf28b4026cc496b,2014-05,Cheshire Constabulary,Cheshire Constabulary,-2.879819,53.180673,On or near Beeston View,E01018340,Cheshire West and Chester 043D,Burglary,Investigation complete; no suspect identified,
1d73b88ca80c8534d118302852ea15442b7df71dc5ddc2e4ed27b23f4218d881,2014-05,Cheshire Constabulary,Cheshire Constabulary,-2.879819,53.180673,On or near Beeston View,E01018340,Cheshire West and Chester 043D,Burglary,Investigation complete; no suspect identified,
3a04a8f20b5c7bd5d0b7622ca3d6ea7f308acfd2b890b12d5a8b6d8e1a43a499,2014-05,Cheshire Constabulary,Cheshire Constabulary,-2.879819,53.180673,On or near Beeston View,E01018340,Cheshire West and Chester 043D,Burglary,Investigation complete; no suspect identified,
b918217af69352c3b6c6a95c0e2b9923c383b11aaee0ebc498248aa7f9fba6b4,2014-05,Cheshire Constabulary,Cheshire Constabulary,-2.882816,53.186719,On or near South Crescent Road,E01018340,Cheshire West and Chester 043D,Other theft,Investigation complete; no suspect identified,
fb0b161136455fe44cef6bba683fe34a006de702357c759a3ef6ab361fa05132,2014-05,Cheshire Constabulary,Cheshire Constabulary,-2.879819,53.180673,On or near Beeston View,E01018340,Cheshire West and Chester 043D,Violence and sexual offences,Under investigation,
5d261b8aa776137ff64eeeb521ea8721ab36d577a85d4d4b6469b0c964e31edc,2014-05,Cheshire Constabulary,Cheshire Constabulary,-2.887646,53.185065,On or near Mill Street,E01018340,Cheshire West and Chester 043D,Violence and sexual offences,Under investigation,
,2014-05,Cheshire Constabulary,Cheshire Constabulary,-2.886322,53.179627,On or near College Green,E01018341,Cheshire West and Chester 043E,Anti-social behaviour,,
328086c932974cc547ce8ed7bee958aececcb9dd2853dee6b0a707d76fb5fac3,2014-05,Cheshire Constabulary,Cheshire Constabulary,-2.884876,53.176276,On or near Berkley Drive,E01018341,Cheshire West and Chester 043E,Burglary,Investigation complete; no suspect identified,
,2014-05,Cheshire Constabulary,Cheshire Constabulary,-2.889142,53.183579,On or near Edgar Place,E01018342,Cheshire West and Chester 043F,Anti-social behaviour,,
,2014-05,Cheshire Constabulary,Cheshire Constabulary,-2.889142,53.183579,On or near Edgar Place,E01018342,Cheshire West and Chester 043F,Anti-social behaviour,,
,2014-05,Cheshire Constabulary,Cheshire Constabulary,-2.887293,53.183890,On or near Petrol Station,E01018342,Cheshire West and Chester 043F,Anti-social behaviour,,
,2014-05,Cheshire Constabulary,Cheshire Constabulary,-2.888363,53.180673,On or near Eaton Mews,E01018342,Cheshire West and Chester 043F,Anti-social behaviour,,
,2014-05,Cheshire Constabulary,Cheshire Constabulary,-2.895276,53.176333,On or near Hospital,E01018342,Cheshire West and Chester 043F,Anti-social behaviour,,
,2014-05,Cheshire Constabulary,Cheshire Constabulary,-2.887578,53.183204,On or near Belgrave Place,E01018342,Cheshire West and Chester 043F,Anti-social behaviour,,
34b24c7612f803c721714e3e8d53b2135e2af5d9dad8b43f78b5c0aa658148b3,2014-05,Cheshire Constabulary,Cheshire Constabulary,-2.892722,53.182303,On or near Brown'S Lane,E01018342,Cheshire West and Chester 043F,Other theft,Investigation complete; no suspect identified,
ae6df0392d3a427db2e54e683d93337b52957640394efd59fe1667f77adc0e1d,2014-05,Cheshire Constabulary,Cheshire Constabulary,-2.886166,53.181489,On or near Fraser Court,E01018342,Cheshire West and Chester 043F,Other theft,Investigation complete; no suspect identified,
9da68be67a01d6a9c9a551fa6e9a51de07913ec7d78d632288cc6a4d3cffca11,2014-05,Cheshire Constabulary,Cheshire Constabulary,-2.885076,53.183052,On or near Queen'S Park View,E01018342,Cheshire West and Chester 043F,Violence and sexual offences,Under investigation,
99ebcd195bf5b82da81dc37b4e026b813e589e8b51cfa27dbf5365c2c8858684,2014-05,Cheshire Constabulary,Cheshire Constabulary,-2.887811,53.184362,On or near Handbridge,E01018342,Cheshire West and Chester 043F,Violence and sexual offences,Awaiting court outcome,
,2014-05,Cheshire Constabulary,Cheshire Constabulary,-2.916784,53.170380,On or near Clover Place,E01018351,Cheshire West and Chester 044A,Anti-social behaviour,,
,2014-05,Cheshire Constabulary,Cheshire Constabulary,-2.916527,53.175866,On or near Fairford Road,E01018351,Cheshire West and Chester 044A,Anti-social behaviour,,
,2014-05,Cheshire Constabulary,Cheshire Constabulary,-2.917528,53.173683,On or near Willow Road,E01018351,Cheshire West and Chester 044A,Anti-social behaviour,,
,2014-05,Cheshire Constabulary,Cheshire Constabulary,-2.917068,53.175304,On or near Guildford Close,E01018351,Cheshire West and Chester 044A,Anti-social behaviour,,
,2014-05,Cheshire Constabulary,Cheshire Constabulary,-2.916739,53.169671,On or near Medlar Close,E01018351,Cheshire West and Chester 044A,Anti-social behaviour,,
54c70c66a9700b2248dcc45a3120b705da2545886ddcb7c9500033b296b41565,2014-05,Cheshire Constabulary,Cheshire Constabulary,-2.919642,53.171095,On or near Sycamore Drive,E01018351,Cheshire West and Chester 044A,Burglary,Unable to prosecute suspect,
dcf3d17e6c6e700f226e09bd619d92a73b01585b36c987b4dc4f54af84fe2390,2014-05,Cheshire Constabulary,Cheshire Constabulary,-2.917068,53.175304,On or near Guildford Close,E01018351,Cheshire West and Chester 044A,Criminal damage and arson,Investigation complete; no suspect identified,
6d8faa20639eb7d11da7d3e5c5fafdf0e88cc675f9c998577881ecdc3cfc5372,2014-05,Cheshire Constabulary,Cheshire Constabulary,-2.917068,53.175304,On or near Guildford Close,E01018351,Cheshire West and Chester 044A,Criminal damage and arson,Investigation complete; no suspect identified,
ae414cf6ea5c4a5e1668c453c9dcd299a53a24d27810c1b1506825d5d3244090,2014-05,Cheshire Constabulary,Cheshire Constabulary,-2.918827,53.173565,On or near Oak Road,E01018351,Cheshire West and Chester 044A,Criminal damage and arson,Investigation complete; no suspect identified,
2e3e60ab063835b153d415ea2d760231ac1d0bf86df3b25caac32e61f6c03302,2014-05,Cheshire Constabulary,Cheshire Constabulary,-2.916527,53.175866,On or near Fairford Road,E01018351,Cheshire West and Chester 044A,Public order,Formal action is not in the public interest,
,2014-05,Cheshire Constabulary,Cheshire Constabulary,-2.923868,53.170748,On or near Weybourne Close,E01018352,Cheshire West and Chester 044B,Anti-social behaviour,,
,2014-05,Cheshire Constabulary,Cheshire Constabulary,-2.926028,53.171729,On or near Shannon Close,E01018352,Cheshire West and Chester 044B,Anti-social behaviour,,
,2014-05,Cheshire Constabulary,Cheshire Constabulary,-2.916456,53.178878,On or near Coronation Street,E01018352,Cheshire West and Chester 044B,Anti-social behaviour,,
,2014-05,Cheshire Constabulary,Cheshire Constabulary,-2.917746,53.176890,On or near St Marks Road,E01018352,Cheshire West and Chester 044B,Anti-social behaviour,,
,2014-05,Cheshire Constabulary,Cheshire Constabulary,-2.926028,53.171729,On or near Shannon Close,E01018352,Cheshire West and Chester 044B,Anti-social behaviour,,
,2014-05,Cheshire Constabulary,Cheshire Constabulary,-2.923123,53.175087,On or near Boundary Lane,E01018352,Cheshire West and Chester 044B,Anti-social behaviour,,
,2014-05,Cheshire Constabulary,Cheshire Constabulary,-2.918958,53.178292,On or near Shrewsbury Way,E01018352,Cheshire West and Chester 044B,Anti-social behaviour,,
14d64d378a6fb96662fb7996f0bea3f2ba480306a8ee300c82c98dc3c09bc207,2014-05,Cheshire Constabulary,Cheshire Constabulary,-2.917746,53.176890,On or near St Marks Road,E01018352,Cheshire West and Chester 044B,Burglary,Investigation complete; no suspect identified,
5b1577f885d0474b0d67d965178eba66e0affe28a08d9b040b0f46530e6065d9,2014-05,Cheshire Constabulary,Cheshire Constabulary,-2.916456,53.178878,On or near Coronation Street,E01018352,Cheshire West and Chester 044B,Criminal damage and arson,Investigation complete; no suspect identified,
8258ed10301f68396ab508834d3c9817163050653298f2885f86bac83d43a3e9,2014-05,Cheshire Constabulary,Cheshire Constabulary,-2.916879,53.176951,On or near Bray Road,E01018352,Cheshire West and Chester 044B,Criminal damage and arson,Investigation complete; no suspect identified,
8eb3df691b21f8db5b75bddbc4fd112ca0e3a7aedc77570bd317d8afa86065ec,2014-05,Cheshire Constabulary,Cheshire Constabulary,-2.917746,53.176890,On or near St Marks Road,E01018352,Cheshire West and Chester 044B,Criminal damage and arson,Investigation complete; no suspect identified,
1691948ae906ae13d92eff01b9b98c7b58d2bf381984cade4528134910756b66,2014-05,Cheshire Constabulary,Cheshire Constabulary,-2.917746,53.176890,On or near St Marks Road,E01018352,Cheshire West and Chester 044B,Criminal damage and arson,Investigation complete; no suspect identified,
6211c7502755f6d8b8d2819c3b9d36b0c704b464677d9e371eb930d20f654a2d,2014-05,Cheshire Constabulary,Cheshire Constabulary,-2.926028,53.171729,On or near Shannon Close,E01018352,Cheshire West and Chester 044B,Violence and sexual offences,Unable to prosecute suspect,
3ef5dc381252ac66f1be70aa1ec5490cacb9b6c29e4d6a95ac75c2a9c9ceb4b7,2014-05,Cheshire Constabulary,Cheshire Constabulary,-2.918793,53.177610,On or near Wenlock Way,E01018352,Cheshire West and Chester 044B,Violence and sexual offences,Awaiting court outcome,
c1aaadd268e9b481cd56c889d8828eca6e3e97449007c81bb010fd2036153c08,2014-05,Cheshire Constabulary,Cheshire Constabulary,-2.926028,53.171729,On or near Shannon Close,E01018352,Cheshire West and Chester 044B,Violence and sexual offences,Unable to prosecute suspect,
,2014-05,Cheshire Constabulary,Cheshire Constabulary,-2.911543,53.175796,On or near Alun Crescent,E01018353,Cheshire West and Chester 044C,Anti-social behaviour,,
,2014-05,Cheshire Constabulary,Cheshire Constabulary,-2.910203,53.175384,On or near Lache Park Avenue,E01018353,Cheshire West and Chester 044C,Anti-social behaviour,,
35ec03127302c518dc3b4bddd41d4c99d930b53df6128e3d17d160dbe05ec67f,2014-05,Cheshire Constabulary,Cheshire Constabulary,-2.910134,53.174261,On or near Dover Road,E01018353,Cheshire West and Chester 044C,Burglary,Under investigation,
707d32ad6493e4e53452ea631896ba15e32bc86a5e3bc4e68abf4ba8973897bb,2014-05,Cheshire Constabulary,Cheshire Constabulary,-2.914202,53.173475,On or near Hawthorn Road,E01018353,Cheshire West and Chester 044C,Other theft,Investigation complete; no suspect identified,
2fbe83f0de1c4ec56c96e8a539a8b40ab3677670ccf245baa9456a41938e862b,2014-05,Cheshire Constabulary,Cheshire Constabulary,-2.914810,53.176041,On or near Henley Road,E01018353,Cheshire West and Chester 044C,Theft from the person,Under investigation,
,2014-05,Cheshire Constabulary,Cheshire Constabulary,-2.918647,53.168649,On or near Circular Drive,E01018354,Cheshire West and Chester 044D,Anti-social behaviour,,
,2014-05,Cheshire Constabulary,Cheshire Constabulary,-2.919105,53.170497,On or near Colchester Square,E01018354,Cheshire West and Chester 044D,Anti-social behaviour,,
,2014-05,Cheshire Constabulary,Cheshire Constabulary,-2.919710,53.170106,On or near Winchester Square,E01018354,Cheshire West and Chester 044D,Anti-social behaviour,,
4dcfbb6b1403838c97b71a11d969f11ebdd9307a56181cdd5df7b9aeca015f5f,2014-05,Cheshire Constabulary,Cheshire Constabulary,-2.923558,53.168881,On or near Avonlea Close,E01018354,Cheshire West and Chester 044D,Bicycle theft,Under investigation,
e8f22d543f646081948fe2044b828629ae9adefac1bb544d78af2c213c2e8811,2014-05,Cheshire Constabulary,Cheshire Constabulary,-2.922806,53.170082,On or near Elder Drive,E01018354,Cheshire West and Chester 044D,Burglary,Investigation complete; no suspect identified,
f342a6cf0d1d3dd21b9b9dcc15b6699bc062897faf7274f2586cc1fbc89747c9,2014-05,Cheshire Constabulary,Cheshire Constabulary,-2.919710,53.170106,On or near Winchester Square,E01018354,Cheshire West and Chester 044D,Burglary,Under investigation,
d167f9fa526794a50a59cafb47291a3544bbfbcd71e57ef49e3284d33650a010,2014-05,Cheshire Constabulary,Cheshire Constabulary,-2.923360,53.171498,On or near Toft Close,E01018354,Cheshire West and Chester 044D,Violence and sexual offences,Awaiting court outcome,
9ecbba8486267a1b04200c438d04283d1915528150da16edc2b669f4a10f53b9,2014-05,Cheshire Constabulary,Cheshire Constabulary,-2.918647,53.168649,On or near Circular Drive,E01018354,Cheshire West and Chester 044D,Violence and sexual offences,Under investigation,
8e77576d91611256f6fbf1e62809f54d5cd67ea1765c03ca6107151d28f06720,2014-05,Cheshire Constabulary,Cheshire Constabulary,-2.919710,53.170106,On or near Winchester Square,E01018354,Cheshire West and Chester 044D,Violence and sexual offences,Under investigation,
51eb9a3d4ce091731360c623235b82bf86e4ad5847bc605cfe1ffc126429739b,2014-05,Cheshire Constabulary,Cheshire Constabulary,-2.923360,53.171498,On or near Toft Close,E01018354,Cheshire West and Chester 044D,Violence and sexual offences,Under investigation,
33273c32df103830fa8db57bb982ce6e635882ef7f1d6a9948ddb9802e18172f,2014-05,Cheshire Constabulary,Cheshire Constabulary,-2.923360,53.171498,On or near Toft Close,E01018354,Cheshire West and Chester 044D,Violence and sexual offences,Under investigation,
,2014-05,Cheshire Constabulary,Cheshire Constabulary,-2.650269,53.200530,On or near Fishpool Road,E01018707,Cheshire West and Chester 045A,Anti-social behaviour,,
e00b95dd3b2a955ebf1ab16e4faf719f637abab8417679cdd2b6ac83e82719ef,2014-05,Cheshire Constabulary,Cheshire Constabulary,-2.664445,53.222763,On or near Frith Avenue,E01018707,Cheshire West and Chester 045A,Criminal damage and arson,Investigation complete; no suspect identified,
06e639cba6a1ab25d05214935801d33247e51587884626a7b4925d8a791537a9,2014-05,Cheshire Constabulary,Cheshire Constabulary,-2.663165,53.169986,On or near Tarporley Road,E01018707,Cheshire West and Chester 045A,Criminal damage and arson,Investigation complete; no suspect identified,
4d2fc9b8044088aa34800dcf7fdeacf08b0ccf725c1626324c7153161cb697b2,2014-05,Cheshire Constabulary,Cheshire Constabulary,-2.666586,53.233304,On or near B5152,E01018707,Cheshire West and Chester 045A,Criminal damage and arson,Investigation complete; no suspect identified,
65f3f58f9de1005cda612a4c19ba1fee13094e4269decd14a80cdb22286f220e,2014-05,Cheshire Constabulary,Cheshire Constabulary,-2.663165,53.169986,On or near Tarporley Road,E01018707,Cheshire West and Chester 045A,Other theft,Investigation complete; no suspect identified,
2a4dd4808e284f02f2f5c9bb8cb3524c50a83d316eae8abe1f9ad32ecc5b2230,2014-05,Cheshire Constabulary,Cheshire Constabulary,-2.663165,53.169986,On or near Tarporley Road,E01018707,Cheshire West and Chester 045A,Violence and sexual offences,Under investigation,
,2014-05,Cheshire Constabulary,Cheshire Constabulary,-2.667064,53.155133,On or near Petrol Station,E01018723,Cheshire West and Chester 045B,Anti-social behaviour,,
9ef4b18f0d6fbda4c3d8b9850aa57739cf42237ba9a1da4b0af05c63d99709ef,2014-05,Cheshire Constabulary,Cheshire Constabulary,-2.666072,53.156747,On or near Parking Area,E01018723,Cheshire West and Chester 045B,Vehicle crime,Investigation complete; no suspect identified,
,2014-05,Cheshire Constabulary,Cheshire Constabulary,-2.666783,53.159215,On or near Hospital,E01018724,Cheshire West and Chester 045C,Anti-social behaviour,,
,2014-05,Cheshire Constabulary,Cheshire Constabulary,-2.666109,53.158158,On or near Park Road,E01018724,Cheshire West and Chester 045C,Anti-social behaviour,,
5b3157ef7ac8eb981d1b3f80971d8cef741309d9a0e22b44113af448ee254e16,2014-05,Cheshire Constabulary,Cheshire Constabulary,-2.666030,53.161745,On or near Lime Close,E01018724,Cheshire West and Chester 045C,Burglary,Investigation complete; no suspect identified,
,2014-05,Cheshire Constabulary,Cheshire Constabulary,-2.616768,53.176753,On or near Sports/Recreation Area,E01018725,Cheshire West and Chester 045D,Anti-social behaviour,,
9815f27bdbf4f262c6f3c5bd6717b6c2b625c3ef8f71918c60f0f21a299c9a07,2014-05,Cheshire Constabulary,Cheshire Constabulary,-2.515355,53.170277,On or near New Lane,E01018725,Cheshire West and Chester 045D,Burglary,Investigation complete; no suspect identified,
43c39a8e80b2b0d47dc5d4d622619e53649b30460ba38814e28b9be1df70598a,2014-05,Cheshire Constabulary,Cheshire Constabulary,-2.636485,53.192739,On or near Petrol Station,E01018725,Cheshire West and Chester 045D,Burglary,Under investigation,
6e78d36b97b367a5843436762ba4f62513a87816f89ce9a0da042651daccbf19,2014-05,Cheshire Constabulary,Cheshire Constabulary,-2.594644,53.200812,On or near Shay'S Lane,E01018725,Cheshire West and Chester 045D,Criminal damage and arson,Investigation complete; no suspect identified,
6c40d2dc15ad968421f5dd0f607b2a12037839dcf30cbf84265f8fcf37f84812,2014-05,Cheshire Constabulary,Cheshire Constabulary,-2.616768,53.176753,On or near Sports/Recreation Area,E01018725,Cheshire West and Chester 045D,Other theft,Under investigation,
c473436fe8e984f4d37f11f446199aaf6c7950e8435c11055816e96bf281b492,2014-05,Cheshire Constabulary,Cheshire Constabulary,-2.604799,53.196941,On or near A54,E01018725,Cheshire West and Chester 045D,Public order,Awaiting court outcome,
d7e51e5bd3c16d866f04de66b0c4f032f7f99fb2d083fab18aaa6e7daee83447,2014-05,Cheshire Constabulary,Cheshire Constabulary,-2.533721,53.172354,On or near Chartwell Grove,E01018725,Cheshire West and Chester 045D,Violence and sexual offences,Unable to prosecute suspect,
e82241727ef529ab7a75a55a1a44ede9711fc16ecfe990cc0d609c92a10aafb7,2014-05,Cheshire Constabulary,Cheshire Constabulary,-2.604799,53.196941,On or near A54,E01018725,Cheshire West and Chester 045D,Violence and sexual offences,Offender fined,
fc0701d209e10ce3d1c33439c0c052f64c71b662f6ee0dea0c419e4dabb331b3,2014-05,Cheshire Constabulary,Cheshire Constabulary,-2.616768,53.176753,On or near Sports/Recreation Area,E01018725,Cheshire West and Chester 045D,Violence and sexual offences,Offender given suspended prison sentence,
b43e7f28541a7cec6477453866c75355244bb2a2e0dfc7a95ab2a527c884f3d0,2014-05,Cheshire Constabulary,Cheshire Constabulary,-2.616768,53.176753,On or near Sports/Recreation Area,E01018725,Cheshire West and Chester 045D,Violence and sexual offences,Awaiting court outcome,
,2014-05,Cheshire Constabulary,Cheshire Constabulary,-2.878690,53.144473,On or near Sports/Recreation Area,E01018335,Cheshire West and Chester 046A,Anti-social behaviour,,
,2014-05,Cheshire Constabulary,Cheshire Constabulary,-2.956052,53.142043,On or near Parking Area,E01018335,Cheshire West and Chester 046A,Anti-social behaviour,,
,2014-05,Cheshire Constabulary,Cheshire Constabulary,-2.913521,53.155501,On or near Wrexham Road,E01018335,Cheshire West and Chester 046A,Anti-social behaviour,,
,2014-05,Cheshire Constabulary,Cheshire Constabulary,-2.881479,53.156534,On or near Hill Road,E01018335,Cheshire West and Chester 046A,Anti-social behaviour,,
,2014-05,Cheshire Constabulary,Cheshire Constabulary,-2.867841,53.128417,On or near Church Lane,E01018335,Cheshire West and Chester 046A,Anti-social behaviour,,
,2014-05,Cheshire Constabulary,Cheshire Constabulary,-2.913521,53.155501,On or near Wrexham Road,E01018335,Cheshire West and Chester 046A,Anti-social behaviour,,
28e95ec3700e34ad17fdfb216be07b10d18a3eccb68ce5fb4ac8198254eaea56,2014-05,Cheshire Constabulary,Cheshire Constabulary,-2.953802,53.144407,On or near St Mary'S Road,E01018335,Cheshire West and Chester 046A,Burglary,Under investigation,
091ac1faa4e7daf4c0799f1f230ee4ee3670d0958eb6a0a14e3979eddba944fc,2014-05,Cheshire Constabulary,Cheshire Constabulary,-2.935919,53.122337,On or near Castlehill,E01018335,Cheshire West and Chester 046A,Burglary,Under investigation,
3026751e6588cb1e993d9b822d125cc3d1712afbc2b6967da7a412919b9cced5,2014-05,Cheshire Constabulary,Cheshire Constabulary,-2.904540,53.160109,On or near Herons Way,E01018335,Cheshire West and Chester 046A,Other theft,Investigation complete; no suspect identified,
67a2da687344644df20c73ba25029712f2215747253fe70ef06c7140ab09113c,2014-05,Cheshire Constabulary,Cheshire Constabulary,-2.913521,53.155501,On or near Wrexham Road,E01018335,Cheshire West and Chester 046A,Vehicle crime,Under investigation,
9e83fa98d978f26a3fd78dc47701a1dedff8edc739f7961e46d434842540cfe1,2014-05,Cheshire Constabulary,Cheshire Constabulary,-2.913521,53.155501,On or near Wrexham Road,E01018335,Cheshire West and Chester 046A,Vehicle crime,Investigation complete; no suspect identified,
68d87217002e213af66a25b78ceb474672ff745f59b6631a12801410691bf5cf,2014-05,Cheshire Constabulary,Cheshire Constabulary,-2.913521,53.155501,On or near Wrexham Road,E01018335,Cheshire West and Chester 046A,Vehicle crime,Investigation complete; no suspect identified,
bbcc0bb4fcba2290df965b55f3f26aed8b15683d2f4992da226139feb54135f8,2014-05,Cheshire Constabulary,Cheshire Constabulary,-2.925438,53.154735,On or near Roughlyn Crescent,E01018335,Cheshire West and Chester 046A,Vehicle crime,Awaiting court outcome,
,2014-05,Cheshire Constabulary,Cheshire Constabulary,-2.703595,53.167831,On or near High Street,E01018369,Cheshire West and Chester 046B,Anti-social behaviour,,
,2014-05,Cheshire Constabulary,Cheshire Constabulary,-2.730981,53.148240,On or near Church Lane,E01018369,Cheshire West and Chester 046B,Anti-social behaviour,,
,2014-05,Cheshire Constabulary,Cheshire Constabulary,-2.727692,53.177403,On or near Laurel Park,E01018369,Cheshire West and Chester 046B,Anti-social behaviour,,
,2014-05,Cheshire Constabulary,Cheshire Constabulary,-2.762420,53.125184,On or near Keysbrook Avenue,E01018371,Cheshire West and Chester 046C,Anti-social behaviour,,
cbad6fa3b0a6bd40a0cfbf803f59a42369e3199a2f18d7ec02775bf94766910b,2014-05,Cheshire Constabulary,Cheshire Constabulary,-2.763979,53.122899,On or near Rean Meadow,E01018371,Cheshire West and Chester 046C,Violence and sexual offences,Unable to prosecute suspect,
d017f3579166a5c8975cd7e052bf1a79a51c806963e5b22362763cf1d3d37988,2014-05,Cheshire Constabulary,Cheshire Constabulary,-2.763979,53.122899,On or near Rean Meadow,E01018371,Cheshire West and Chester 046C,Violence and sexual offences,Unable to prosecute suspect,
e849051e54c5afe3acfc3a48ad3040dcd90da63b2dceea20c9367b3da989f7dd,2014-05,Cheshire Constabulary,Cheshire Constabulary,-2.809163,53.138592,On or near Chester Road,E01018371,Cheshire West and Chester 046C,Violence and sexual offences,Under investigation,
,2014-05,Cheshire Constabulary,Cheshire Constabulary,-2.688923,53.125964,On or near Parking Area,E01018372,Cheshire West and Chester 046D,Anti-social behaviour,,
,2014-05,Cheshire Constabulary,Cheshire Constabulary,-2.699607,53.139637,On or near Bate'S Mill Lane,E01018372,Cheshire West and Chester 046D,Anti-social behaviour,,
,2014-05,Cheshire Constabulary,Cheshire Constabulary,-2.657152,53.142621,On or near Nantwich Road,E01018372,Cheshire West and Chester 046D,Anti-social behaviour,,
26ad9e569733b65c2e7a0522f32a85218f3d26f9c59b50595cb664a883ca006f,2014-05,Cheshire Constabulary,Cheshire Constabulary,-2.645614,53.135879,On or near Vale Road,E01018372,Cheshire West and Chester 046D,Burglary,Under investigation,
65a0776a03bdc4b5e45520dcdba4c9d4ab31219d63289867738746f519a668fa,2014-05,Cheshire Constabulary,Cheshire Constabulary,-2.688923,53.125964,On or near Parking Area,E01018372,Cheshire West and Chester 046D,Criminal damage and arson,Investigation complete; no suspect identified,
768c673ab5744595eac74ffff33e1500e11b1c953af7415a209d06ccc3f4b6aa,2014-05,Cheshire Constabulary,Cheshire Constabulary,-2.688923,53.125964,On or near Parking Area,E01018372,Cheshire West and Chester 046D,Criminal damage and arson,Investigation complete; no suspect identified,
2ce3cb3dac3cfd7d2bf19f6a2db42189bc4235ddfb0a62e023158e4516671a79,2014-05,Cheshire Constabulary,Cheshire Constabulary,-2.773047,53.119461,On or near Rosemary Row,E01018372,Cheshire West and Chester 046D,Other theft,Investigation complete; no suspect identified,
ca36b7ffee77dc3c7a046e4c9eeaa0d45fe8cffc4fa989a1aede2d61a61a21b8,2014-05,Cheshire Constabulary,Cheshire Constabulary,-2.687621,53.121118,On or near Peckforton Road,E01018372,Cheshire West and Chester 046D,Other theft,Investigation complete; no suspect identified,
f4f88894b86031d112208d562c709a1994a3d98c6b761d2ce1b0ec57fb7fde95,2014-05,Cheshire Constabulary,Cheshire Constabulary,-2.664033,53.121566,On or near Betty'S Lane,E01018372,Cheshire West and Chester 046D,Other theft,Investigation complete; no suspect identified,
c5a3998d4e11464e555179d8cd5f7ab2f4ebf73dcb60ec011aa9e7eb18897643,2014-05,Cheshire Constabulary,Cheshire Constabulary,-2.695688,53.133979,On or near Bate'S Mill Lane,E01018372,Cheshire West and Chester 046D,Other theft,Investigation complete; no suspect identified,
,2014-05,Cheshire Constabulary,Cheshire Constabulary,-2.880938,53.086242,On or near Townfield Avenue,E01018339,Cheshire West and Chester 047A,Anti-social behaviour,,
,2014-05,Cheshire Constabulary,Cheshire Constabulary,-2.869386,53.095370,On or near Sibbersfield Lane,E01018339,Cheshire West and Chester 047A,Anti-social behaviour,,
8f1c74bcdcb384a53e1caa0efdb8789a158e31b192c598929cfcd2b217e1abb8,2014-05,Cheshire Constabulary,Cheshire Constabulary,-2.880402,53.084888,On or near River Lane,E01018339,Cheshire West and Chester 047A,Burglary,Under investigation,
c58226b352ef931e02ae3a3fac2dea66fd52bffca846501c0fdf9e14e016534c,2014-05,Cheshire Constabulary,Cheshire Constabulary,-2.879485,53.087511,On or near Maddocks Close,E01018339,Cheshire West and Chester 047A,Burglary,Investigation complete; no suspect identified,
5ee92f933363c0aded907f7921b3857546bde67e0abe1c4a5b0c7cbb70a3734c,2014-05,Cheshire Constabulary,Cheshire Constabulary,-2.880938,53.086242,On or near Townfield Avenue,E01018339,Cheshire West and Chester 047A,Criminal damage and arson,Under investigation,
85d556861bb39ae2552b47f1c722f84fca460f3e79146ae4232d5a3a0d7bce0f,2014-05,Cheshire Constabulary,Cheshire Constabulary,-2.877357,53.084902,On or near Church Street,E01018339,Cheshire West and Chester 047A,Vehicle crime,Investigation complete; no suspect identified,
0bd540cce38730b2b15f65fff8e1ce21e98704c043b0e48a373d98516b4dabb6,2014-05,Cheshire Constabulary,Cheshire Constabulary,-2.872950,53.100288,On or near The Knowl,E01018339,Cheshire West and Chester 047A,Violence and sexual offences,Awaiting court outcome,
,2014-05,Cheshire Constabulary,Cheshire Constabulary,-2.764787,53.019365,On or near Old Hall Court,E01018355,Cheshire West and Chester 047B,Anti-social behaviour,,
12e153158ff5ad224bfc4840d6b6473b930ec8bce9e1cd238b57b37d54c5f50f,2014-05,Cheshire Constabulary,Cheshire Constabulary,-2.765455,53.020079,On or near High Street,E01018355,Cheshire West and Chester 047B,Shoplifting,Investigation complete; no suspect identified,
7dfbcd1774094ee2d06c21232e8a053bbd9f7a999b85339ba4eeac0a9851e94b,2014-05,Cheshire Constabulary,Cheshire Constabulary,-2.760908,53.019201,On or near Springfield Avenue,E01018355,Cheshire West and Chester 047B,Violence and sexual offences,Under investigation,
,2014-05,Cheshire Constabulary,Cheshire Constabulary,-2.712261,52.999968,On or near A41,E01018356,Cheshire West and Chester 047C,Anti-social behaviour,,
,2014-05,Cheshire Constabulary,Cheshire Constabulary,-2.768861,53.048140,On or near Brassey'S Contract Road,E01018356,Cheshire West and Chester 047C,Anti-social behaviour,,
284c12116883716b11b2459c2117498d1e6b9da5a406cb76a91e6a4391283821,2014-05,Cheshire Constabulary,Cheshire Constabulary,-2.760291,53.046856,On or near Whitchurch Road,E01018356,Cheshire West and Chester 047C,Burglary,Investigation complete; no suspect identified,
6cd7cd31610d2440e49fd20f468c87cdea69b244eb93ab5ba9a4a276a79ad002,2014-05,Cheshire Constabulary,Cheshire Constabulary,-2.727053,53.027188,On or near Dean Park,E01018356,Cheshire West and Chester 047C,Burglary,Under investigation,
9a6490db2f16e88d76402f7e88d564d0fd48f4bbb6cb8ef299204dbfb54cc83a,2014-05,Cheshire Constabulary,Cheshire Constabulary,-2.719402,53.044045,On or near Park/Open Space,E01018356,Cheshire West and Chester 047C,Other theft,Investigation complete; no suspect identified,
6794364f9a02ecea4ffb770a8f2b7db61569787895f5ded7f304bd5ec9b1d65a,2014-05,Cheshire Constabulary,Cheshire Constabulary,-2.749562,53.038060,On or near B5069,E01018356,Cheshire West and Chester 047C,Theft from the person,Under investigation,
,2014-05,Cheshire Constabulary,Cheshire Constabulary,-2.831708,53.006267,On or near Oldcastle Lane,E01018357,Cheshire West and Chester 047D,Anti-social behaviour,,
,2014-05,Cheshire Constabulary,Cheshire Constabulary,-2.761748,53.028796,On or near Heber'S Close,E01018357,Cheshire West and Chester 047D,Anti-social behaviour,,
98c4d10e82d5b30454df09685477508814ed843f74f6e08d9baa4825cbadb4f8,2014-05,Cheshire Constabulary,Cheshire Constabulary,-2.734681,52.999607,On or near B5395,E01018357,Cheshire West and Chester 047D,Burglary,Investigation complete; no suspect identified,
ad50cd4c551ab9fa724d1f490190ea097a427b6551d57315e1915c8265619e01,2014-05,Cheshire Constabulary,Cheshire Constabulary,-2.753427,53.033910,On or near B5069,E01018357,Cheshire West and Chester 047D,Burglary,Under investigation,
270d133eb4e76050941192f032507f7addf2edab7352bde2a7c823309eaffc49,2014-05,Cheshire Constabulary,Cheshire Constabulary,-2.837031,53.004890,On or near Sarn Road,E01018357,Cheshire West and Chester 047D,Burglary,Investigation complete; no suspect identified,
87a4f3cddf13737a26df5dc59881362aa27c4050b751bd16f1ced4b35edde9dc,2014-05,Cheshire Constabulary,Cheshire Constabulary,-2.812683,53.012152,On or near B5069,E01018357,Cheshire West and Chester 047D,Other theft,Investigation complete; no suspect identified,
b1b4ade5b72571415a118d30ba602c6b93f4d1cb92cccde17b8fea5d8c8877b0,2014-05,Cheshire Constabulary,Cheshire Constabulary,-2.789990,53.014993,On or near Wrexham Road,E01018357,Cheshire West and Chester 047D,Violence and sexual offences,Awaiting court outcome,
,2014-05,Cheshire Constabulary,Cheshire Constabulary,-2.743062,53.091920,On or near Sports/Recreation Area,E01018373,Cheshire West and Chester 047E,Anti-social behaviour,,
,2014-05,Cheshire Constabulary,Cheshire Constabulary,-2.796923,53.083796,On or near Broxton Road,E01018373,Cheshire West and Chester 047E,Anti-social behaviour,,
,2014-05,Cheshire Constabulary,Cheshire Constabulary,-2.779250,53.083203,On or near Parking Area,E01018373,Cheshire West and Chester 047E,Anti-social behaviour,,
,2014-05,Cheshire Constabulary,Cheshire Constabulary,-2.846849,53.039727,On or near Green Lane,E01018373,Cheshire West and Chester 047E,Anti-social behaviour,,
,2014-05,Cheshire Constabulary,Cheshire Constabulary,-2.794082,53.053593,On or near Grange Lane,E01018373,Cheshire West and Chester 047E,Anti-social behaviour,,
3de70baa7fbe815be6c97e650842cf61d81198c3419aa55ed340fcc272c8f482,2014-05,Cheshire Constabulary,Cheshire Constabulary,-2.818364,53.092559,On or near Aldersey Lane,E01018373,Cheshire West and Chester 047E,Criminal damage and arson,Investigation complete; no suspect identified,
624c44a879a9e5e75651b2eb93fe2171f3b20ce727ebf1f5b354eb9e3499acc0,2014-05,Cheshire Constabulary,Cheshire Constabulary,-2.780179,53.084203,On or near Broxton Road,E01018373,Cheshire West and Chester 047E,Other theft,Investigation complete; no suspect identified,
8d26ef2ca123d8874df0633ba2420e230213e1f783471cd1f13b50e20bc322d3,2014-05,Cheshire Constabulary,Cheshire Constabulary,-2.812343,53.055123,On or near Wynter Lane,E01018373,Cheshire West and Chester 047E,Violence and sexual offences,Unable to prosecute suspect,
,2014-05,Cheshire Constabulary,Cheshire Constabulary,-3.407256,53.343470,On or near Beach Road East,W01000214,Denbighshire 002B,Anti-social behaviour,,
9b1f29f8c43b0d84254433043b9c327a23a7a49d25bca7feddc2a723bdf431ee,2014-05,Cheshire Constabulary,Cheshire Constabulary,-2.926915,53.174005,On or near Eaton Grove,W01000330,Flintshire 015E,Violence and sexual offences,Under investigation,
,2014-05,Cheshire Constabulary,Cheshire Constabulary,-2.719886,53.385553,On or near Latimer Road,E01012392,Halton 001A,Anti-social behaviour,,
,2014-05,Cheshire Constabulary,Cheshire Constabulary,-2.719886,53.385553,On or near Latimer Road,E01012392,Halton 001A,Anti-social behaviour,,
5aa78ab5d4e07402067ddcbec8fd09ce5e6975823d302a6ffc394b3f28f1fcf2,2014-05,Cheshire Constabulary,Cheshire Constabulary,-2.714487,53.389082,On or near Mill Lane,E01012392,Halton 001A,Burglary,Investigation complete; no suspect identified,
c6c0dacf916b859596e796539ce781773429d0cd5d68eda790d64b563de1c114,2014-05,Cheshire Constabulary,Cheshire Constabulary,-2.722424,53.384522,On or near Claremont Avenue,E01012392,Halton 001A,Other theft,Under investigation,
,2014-05,Cheshire Constabulary,Cheshire Constabulary,-2.746831,53.389100,On or near Further/Higher Educational Building,E01012393,Halton 001B,Anti-social behaviour,,
,2014-05,Cheshire Constabulary,Cheshire Constabulary,-2.734044,53.385269,On or near Holyrood Avenue,E01012393,Halton 001B,Anti-social behaviour,,
,2014-05,Cheshire Constabulary,Cheshire Constabulary,-2.734044,53.385269,On or near Holyrood Avenue,E01012393,Halton 001B,Anti-social behaviour,,
,2014-05,Cheshire Constabulary,Cheshire Constabulary,-2.737369,53.389734,On or near Lunt'S Heath Road,E01012393,Halton 001B,Anti-social behaviour,,
,2014-05,Cheshire Constabulary,Cheshire Constabulary,-2.738620,53.389933,On or near A5080,E01012393,Halton 001B,Anti-social behaviour,,
a423bc55b8e8922602f5fc5bef4e4e793cb8f466575e3ac29586463f22479f14,2014-05,Cheshire Constabulary,Cheshire Constabulary,-2.735521,53.395076,On or near Wilmere Lane,E01012393,Halton 001B,Burglary,Investigation complete; no suspect identified,
88d5b8ab6029f5516279ff8f40c7367f1930f7fb3180612572f9ffc573f00020,2014-05,Cheshire Constabulary,Cheshire Constabulary,-2.729895,53.384423,On or near St Luke'S Crescent,E01012393,Halton 001B,Burglary,Investigation complete; no suspect identified,
886068a4c4f5099bd68b16e7d65ace4e2714b8d59a0b4071539c78d9f75613f2,2014-05,Cheshire Constabulary,Cheshire Constabulary,-2.737369,53.389734,On or near Lunt'S Heath Road,E01012393,Halton 001B,Other theft,Under investigation,
7f7d4e03cb77ccc802b76afea707611bd2e7050c5189c0c0ebf6c053d655415d,2014-05,Cheshire Constabulary,Cheshire Constabulary,-2.743190,53.389833,On or near Cronton Lane,E01012393,Halton 001B,Vehicle crime,Investigation complete; no suspect identified,
a3b544cb7176633285ee5d73f990df00f5ca1d5cf56ac2ebb42981ba59a30c29,2014-05,Cheshire Constabulary,Cheshire Constabulary,-2.730175,53.386749,On or near Twyford Close,E01012395,Halton 001C,Burglary,Unable to prosecute suspect,
de0cd072259fc6fddb11306bd1682cfc2f6974a1cd15e553a767f1aa09791f6e,2014-05,Cheshire Constabulary,Cheshire Constabulary,-2.722604,53.388018,On or near Mansell Close,E01012395,Halton 001C,Other theft,Investigation complete; no suspect identified,
6ef27507065c0c40ea7deb48af4296b263b84729bba353bd9e26c9a8cba96ed2,2014-05,Cheshire Constabulary,Cheshire Constabulary,-2.732043,53.387844,On or near Glencourse Road,E01012395,Halton 001C,Vehicle crime,Under investigation,
84299dcb49e6280d86a83bce1af5e3277f79ab870da8684d33a20b0f72b8671e,2014-05,Cheshire Constabulary,Cheshire Constabulary,-2.732043,53.387844,On or near Glencourse Road,E01012395,Halton 001C,Violence and sexual offences,Under investigation,
,2014-05,Cheshire Constabulary,Cheshire Constabulary,-2.712466,53.378793,On or near Bishops Way,E01012411,Halton 001D,Anti-social behaviour,,
,2014-05,Cheshire Constabulary,Cheshire Constabulary,-2.707223,53.378995,On or near Hilary Close,E01012411,Halton 001D,Anti-social behaviour,,
,2014-05,Cheshire Constabulary,Cheshire Constabulary,-2.711053,53.377912,On or near Crow Wood Place,E01012411,Halton 001D,Anti-social behaviour,,
,2014-05,Cheshire Constabulary,Cheshire Constabulary,-2.746883,53.385226,On or near Upton Rocks Avenue,E01012374,Halton 002A,Anti-social behaviour,,
,2014-05,Cheshire Constabulary,Cheshire Constabulary,-2.739563,53.385352,On or near Linden Way,E01012374,Halton 002A,Anti-social behaviour,,
,2014-05,Cheshire Constabulary,Cheshire Constabulary,-2.746203,53.385877,On or near Upton Rocks Mews,E01012374,Halton 002A,Anti-social behaviour,,
,2014-05,Cheshire Constabulary,Cheshire Constabulary,-2.746883,53.385226,On or near Upton Rocks Avenue,E01012374,Halton 002A,Anti-social behaviour,,
,2014-05,Cheshire Constabulary,Cheshire Constabulary,-2.746883,53.385226,On or near Upton Rocks Avenue,E01012374,Halton 002A,Anti-social behaviour,,
d02af7a38689243fa1bb4088c1290b132b3fa8acde38c4dd59a7f43a1257fc93,2014-05,Cheshire Constabulary,Cheshire Constabulary,-2.748332,53.385558,On or near Bellflower Close,E01012374,Halton 002A,Bicycle theft,Investigation complete; no suspect identified,
5b85e771d7d06f9bd05b4e75924b6f72d748d3563cb00f4ee298ae32659df998,2014-05,Cheshire Constabulary,Cheshire Constabulary,-2.741906,53.385221,On or near Upton Lane,E01012374,Halton 002A,Criminal damage and arson,Investigation complete; no suspect identified,
2e92c55c75e586bff07df8cb6b3145256b404b2b073d13f8c54fcec72b3ef7f9,2014-05,Cheshire Constabulary,Cheshire Constabulary,-2.738338,53.384910,On or near Sports/Recreation Area,E01012374,Halton 002A,Vehicle crime,Investigation complete; no suspect identified,
77d8e6ecf236810ad66a5bc07ad3a7c5df6bfc6ae71203c5fd8554db112035e6,2014-05,Cheshire Constabulary,Cheshire Constabulary,-2.738338,53.384910,On or near Sports/Recreation Area,E01012374,Halton 002A,Vehicle crime,Investigation complete; no suspect identified,
8a4ca0312a365f2e53ef5d018d350c4f893d1e0a8c363d1bdaa03bc465eb6ce3,2014-05,Cheshire Constabulary,Cheshire Constabulary,-2.743245,53.386111,On or near Chetwood Drive,E01012374,Halton 002A,Vehicle crime,Under investigation,
e0297b8e48faceacde8e69011320756e2cdca319a6363159d59882773fb28eb7,2014-05,Cheshire Constabulary,Cheshire Constabulary,-2.738338,53.384910,On or near Sports/Recreation Area,E01012374,Halton 002A,Violence and sexual offences,Under investigation,
8cc3a6fe6ca0f52d6d5fb08823c9b6640544bb2f76cc07ad7e101d48d6b02c45,2014-05,Cheshire Constabulary,Cheshire Constabulary,-2.742070,53.386829,On or near Cowanway,E01012374,Halton 002A,Violence and sexual offences,Under investigation,
,2014-05,Cheshire Constabulary,Cheshire Constabulary,-2.736120,53.384493,On or near Birchfield Road,E01012375,Halton 002B,Anti-social behaviour,,
4fe6067353ee8c7dc2544d52f471a079193e2b085388e156f578b017f351ffdc,2014-05,Cheshire Constabulary,Cheshire Constabulary,-2.735198,53.382458,On or near Balham Close,E01012375,Halton 002B,Burglary,Investigation complete; no suspect identified,
362ca5fedcf1ab28926e38b3e54bc564c3b7794e035951ad319e408628cc51bf,2014-05,Cheshire Constabulary,Cheshire Constabulary,-2.737571,53.383171,On or near Sandringham Road,E01012375,Halton 002B,Violence and sexual offences,Under investigation,
,2014-05,Cheshire Constabulary,Cheshire Constabulary,-2.748440,53.377962,On or near Biddlestone Cross,E01012376,Halton 002C,Anti-social behaviour,,
,2014-05,Cheshire Constabulary,Cheshire Constabulary,-2.749818,53.376875,On or near Longford Drive,E01012376,Halton 002C,Anti-social behaviour,,
,2014-05,Cheshire Constabulary,Cheshire Constabulary,-2.744318,53.378653,On or near Wallsend Court,E01012376,Halton 002C,Anti-social behaviour,,
,2014-05,Cheshire Constabulary,Cheshire Constabulary,-2.757492,53.382372,On or near Chapel Lane,E01012376,Halton 002C,Anti-social behaviour,,
,2014-05,Cheshire Constabulary,Cheshire Constabulary,-2.753616,53.377435,On or near Lingwell Avenue,E01012376,Halton 002C,Anti-social behaviour,,
,2014-05,Cheshire Constabulary,Cheshire Constabulary,-2.748440,53.377962,On or near Biddlestone Cross,E01012376,Halton 002C,Anti-social behaviour,,
72ea61854cca8d17af96bc361df6738b4dfda57590e105228333aa208782137e,2014-05,Cheshire Constabulary,Cheshire Constabulary,-2.754613,53.381078,On or near Meadow Close,E01012376,Halton 002C,Drugs,Under investigation,
9585d74c13ff88a84e466fee2c8b976c687a3ae4448eb647e194a07266cb949f,2014-05,Cheshire Constabulary,Cheshire Constabulary,-2.744318,53.378653,On or near Wallsend Court,E01012376,Halton 002C,Shoplifting,Awaiting court outcome,
,2014-05,Cheshire Constabulary,Cheshire Constabulary,-2.763658,53.375762,On or near Flander Close,E01012421,Halton 002D,Anti-social behaviour,,
,2014-05,Cheshire Constabulary,Cheshire Constabulary,-2.763658,53.375762,On or near Flander Close,E01012421,Halton 002D,Anti-social behaviour,,
,2014-05,Cheshire Constabulary,Cheshire Constabulary,-2.763375,53.377562,On or near Whernside,E01012421,Halton 002D,Anti-social behaviour,,
a071f4b4919e173e751dd470e7fd9af8b6e61667ddf91ca79b5b5e5f46e7d4d2,2014-05,Cheshire Constabulary,Cheshire Constabulary,-2.763375,53.377562,On or near Whernside,E01012421,Halton 002D,Violence and sexual offences,Unable to prosecute suspect,
,2014-05,Cheshire Constabulary,Cheshire Constabulary,-2.769130,53.381651,On or near Darley Close,E01012423,Halton 002E,Anti-social behaviour,,
,2014-05,Cheshire Constabulary,Cheshire Constabulary,-2.769130,53.381651,On or near Darley Close,E01012423,Halton 002E,Anti-social behaviour,,
0085dc8af49eca3787674c881c13dbbc40d361d13eef0e612238a19baa9101cf,2014-05,Cheshire Constabulary,Cheshire Constabulary,-2.760233,53.380090,On or near Parklands,E01012423,Halton 002E,Criminal damage and arson,Investigation complete; no suspect identified,
,2014-05,Cheshire Constabulary,Cheshire Constabulary,-2.721895,53.374566,On or near Reay Street,E01012368,Halton 003A,Anti-social behaviour,,
,2014-05,Cheshire Constabulary,Cheshire Constabulary,-2.721096,53.372665,On or near Richmond Street,E01012368,Halton 003A,Anti-social behaviour,,
,2014-05,Cheshire Constabulary,Cheshire Constabulary,-2.724805,53.373326,On or near Pine Avenue,E01012368,Halton 003A,Anti-social behaviour,,
f21747a68cd1f13741015ffd90e9ef182df5279434101f6a7f319e9a97d0b31c,2014-05,Cheshire Constabulary,Cheshire Constabulary,-2.722299,53.377098,On or near Lytham Road,E01012368,Halton 003A,Bicycle theft,Investigation complete; no suspect identified,
44a58bf9677191416f72ce7344d6b996bc3a5274f3c4518d49e4f835db0182b0,2014-05,Cheshire Constabulary,Cheshire Constabulary,-2.723154,53.376113,On or near St Anne'S Road,E01012368,Halton 003A,Burglary,Investigation complete; no suspect identified,
d4ee51e42fc0c2d08a5d123b7394a23eba278d0968b5919420a5b348ad239599,2014-05,Cheshire Constabulary,Cheshire Constabulary,-2.724805,53.373326,On or near Pine Avenue,E01012368,Halton 003A,Criminal damage and arson,Under investigation,
cce3a3bee3e357b4c9a792add18ab51d41422f29134ba444bc2fe6f47f0f6a01,2014-05,Cheshire Constabulary,Cheshire Constabulary,-2.724299,53.375360,On or near Lime Avenue,E01012368,Halton 003A,Other theft,Investigation complete; no suspect identified,
261e18676aac08d23ef5c6e63a8ac4ab19bc7e2cbe7b70ab1efa230b60efb720,2014-05,Cheshire Constabulary,Cheshire Constabulary,-2.723743,53.373620,On or near Mount Pleasant,E01012368,Halton 003A,Other theft,Investigation complete; no suspect identified,
67eb86823fd664bb0eb1c779e1ab8199940ab7e80235ed2e72737b69de932f9d,2014-05,Cheshire Constabulary,Cheshire Constabulary,-2.721895,53.374566,On or near Reay Street,E01012368,Halton 003A,Vehicle crime,Investigation complete; no suspect identified,
ed709ed8825bcde93359169332f23c57b45a2a1dff737adaf3907766c32fd9de,2014-05,Cheshire Constabulary,Cheshire Constabulary,-2.726830,53.373961,On or near Sycamore Avenue,E01012368,Halton 003A,Vehicle crime,Investigation complete; no suspect identified,
3752167e573dff10900a4c141895032b2ee38e1df651baf71780196794b7d027,2014-05,Cheshire Constabulary,Cheshire Constabulary,-2.720654,53.372290,On or near Edwin Street,E01012368,Halton 003A,Vehicle crime,Investigation complete; no suspect identified,
a215eeb5767b718ca7d130dbd0b92860dc33eb864a13d08a1d418246f6bcf2e3,2014-05,Cheshire Constabulary,Cheshire Constabulary,-2.724077,53.375595,On or near Peel House Lane,E01012368,Halton 003A,Vehicle crime,Under investigation,
88da7190b2de35d9e8e1403b9aac2d2b0605ab5b43db26d86aa65aefbf6ae850,2014-05,Cheshire Constabulary,Cheshire Constabulary,-2.722299,53.377098,On or near Lytham Road,E01012368,Halton 003A,Violence and sexual offences,Under investigation,
,2014-05,Cheshire Constabulary,Cheshire Constabulary,-2.700625,53.368104,On or near Johnson'S Lane,E01012412,Halton 003C,Anti-social behaviour,,
,2014-05,Cheshire Constabulary,Cheshire Constabulary,-2.716463,53.370626,On or near Frank Street,E01012412,Halton 003C,Anti-social behaviour,,
,2014-05,Cheshire Constabulary,Cheshire Constabulary,-2.716550,53.372207,On or near Brierley Terrace,E01012412,Halton 003C,Anti-social behaviour,,
,2014-05,Cheshire Constabulary,Cheshire Constabulary,-2.700625,53.368104,On or near Johnson'S Lane,E01012412,Halton 003C,Anti-social behaviour,,
007c98b94d9a37d8945b18cf41048db283363bfff779fe237eac7a45bff7d5a7,2014-05,Cheshire Constabulary,Cheshire Constabulary,-2.712645,53.371529,On or near East Street,E01012412,Halton 003C,Burglary,Investigation complete; no suspect identified,
1c65ef6add584ab9e569bdee7b1394431fbb8609d7fa9d899bfdf0c2f480f628,2014-05,Cheshire Constabulary,Cheshire Constabulary,-2.713989,53.369193,On or near French Street,E01012412,Halton 003C,Burglary,Under investigation,
34ad0ef813527982857b6101da90bd0226102d98b4bfe1f76f2104c21d292307,2014-05,Cheshire Constabulary,Cheshire Constabulary,-2.700625,53.368104,On or near Johnson'S Lane,E01012412,Halton 003C,Possession of weapons,Under investigation,
709b2fdee3d0e570bd5637b62108d0f5e0ab2df383aab42bd06d0f8d9c986492,2014-05,Cheshire Constabulary,Cheshire Constabulary,-2.710992,53.372402,On or near Edward Street,E01012412,Halton 003C,Vehicle crime,Investigation complete; no suspect identified,
69e0771aab84e6ceb9fde018b7754f21f8c2e2a6cc56ba3b7fe0974c3a181984,2014-05,Cheshire Constabulary,Cheshire Constabulary,-2.713989,53.369193,On or near French Street,E01012412,Halton 003C,Vehicle crime,Under investigation,
8d118dcecf33aaad505c4c28a798aec5d3755140fb52a4de07dc11cd27ad7e4a,2014-05,Cheshire Constabulary,Cheshire Constabulary,-2.716550,53.372207,On or near Brierley Terrace,E01012412,Halton 003C,Violence and sexual offences,Under investigation,
eaf45c7bb93c2f1eae5070c580d956e31e5d88a25dcda519770210a348e2d93c,2014-05,Cheshire Constabulary,Cheshire Constabulary,-2.715467,53.368591,On or near Green Oaks Path,E01012412,Halton 003C,Violence and sexual offences,Formal action is not in the public interest,
,2014-05,Cheshire Constabulary,Cheshire Constabulary,-2.710272,53.373413,On or near Petrol Station,E01012413,Halton 003D,Anti-social behaviour,,
,2014-05,Cheshire Constabulary,Cheshire Constabulary,-2.709743,53.376832,On or near Rossall Road,E01012413,Halton 003D,Anti-social behaviour,,
,2014-05,Cheshire Constabulary,Cheshire Constabulary,-2.715087,53.375533,On or near Barnes Close,E01012413,Halton 003D,Anti-social behaviour,,
,2014-05,Cheshire Constabulary,Cheshire Constabulary,-2.714703,53.376838,On or near Barnes Road,E01012413,Halton 003D,Anti-social behaviour,,
,2014-05,Cheshire Constabulary,Cheshire Constabulary,-2.715433,53.372861,On or near Halton View Road,E01012413,Halton 003D,Anti-social behaviour,,
,2014-05,Cheshire Constabulary,Cheshire Constabulary,-2.713099,53.373513,On or near Houghton Street,E01012413,Halton 003D,Anti-social behaviour,,
,2014-05,Cheshire Constabulary,Cheshire Constabulary,-2.713099,53.373513,On or near Houghton Street,E01012413,Halton 003D,Anti-social behaviour,,
,2014-05,Cheshire Constabulary,Cheshire Constabulary,-2.715087,53.375533,On or near Barnes Close,E01012413,Halton 003D,Anti-social behaviour,,
,2014-05,Cheshire Constabulary,Cheshire Constabulary,-2.709743,53.376832,On or near Rossall Road,E01012413,Halton 003D,Anti-social behaviour,,
79cf54111e3980e199bc9829068705c190c09fd2e9ad18cf6504dfa82a2375ea,2014-05,Cheshire Constabulary,Cheshire Constabulary,-2.711103,53.373678,On or near Drummond Court,E01012413,Halton 003D,Criminal damage and arson,Investigation complete; no suspect identified,
12c27cdb853f9941910be34bb0c92484ddf2b2c635405258dd0848d21aea278a,2014-05,Cheshire Constabulary,Cheshire Constabulary,-2.713099,53.373513,On or near Houghton Street,E01012413,Halton 003D,Drugs,Offender given a caution,
33473837a8e49802d461b62cdbfbacad7a2bc888ca1c7466f0d3e9fc4e76e4b4,2014-05,Cheshire Constabulary,Cheshire Constabulary,-2.713099,53.373513,On or near Houghton Street,E01012413,Halton 003D,Drugs,Awaiting court outcome,
56e0edd6c6c50aeae990829a1f69a253a2e18a18edc53cad5e53087832360e8b,2014-05,Cheshire Constabulary,Cheshire Constabulary,-2.713099,53.373513,On or near Houghton Street,E01012413,Halton 003D,Drugs,Awaiting court outcome,
c6eecc25af00e5f0507366cb40604036183877a49408180b29eff2dd4c79fffe,2014-05,Cheshire Constabulary,Cheshire Constabulary,-2.714951,53.373664,On or near Houghton Close,E01012413,Halton 003D,Vehicle crime,Awaiting court outcome,
2e7a05fc923b2b2b900051d4d4bb49f95b4b0df24c09aed30c90bc88cbd88008,2014-05,Cheshire Constabulary,Cheshire Constabulary,-2.715475,53.372636,On or near Halton View Road,E01012413,Halton 003D,Vehicle crime,Investigation complete; no suspect identified,
0fdec798ae65baa711331d8f3fcdd37e3af823c223022712c95d7143281b9e07,2014-05,Cheshire Constabulary,Cheshire Constabulary,-2.712942,53.373083,On or near Norland Street,E01012413,Halton 003D,Vehicle crime,Under investigation,
b8b656b422e6ffa2e5207c0cd57522dc66f8bd84f400383c5f9975b84d1ae191,2014-05,Cheshire Constabulary,Cheshire Constabulary,-2.711493,53.376309,On or near Crow Wood Lane,E01012413,Halton 003D,Violence and sexual offences,Offender given community sentence,
f183b3e6db11a3bcf4f2b6a337e32f570885562214867a029c97560e31a9931a,2014-05,Cheshire Constabulary,Cheshire Constabulary,-2.713556,53.372980,On or near Sussex Street,E01012413,Halton 003D,Violence and sexual offences,Under investigation,
24043ee76fef379a767cd1afa4626713caa55a43553f104faf4d22abf8febf07,2014-05,Cheshire Constabulary,Cheshire Constabulary,-2.711890,53.373080,On or near Walter Street,E01012413,Halton 003D,Violence and sexual offences,Formal action is not in the public interest,
4fe8c2b4a04994957055d967ffe43adba9c344207192f5d1f0663a226ca46e3a,2014-05,Cheshire Constabulary,Cheshire Constabulary,-2.713099,53.373513,On or near Houghton Street,E01012413,Halton 003D,Violence and sexual offences,Under investigation,
d4de1c11204f3c8f2c32ff7fe9658e76d49c4c1123d0829194b9eb40973b9199,2014-05,Cheshire Constabulary,Cheshire Constabulary,-2.713099,53.373513,On or near Houghton Street,E01012413,Halton 003D,Other crime,Awaiting court outcome,
,2014-05,Cheshire Constabulary,Cheshire Constabulary,-2.704488,53.376315,On or near Egdon Close,E01012414,Halton 003E,Anti-social behaviour,,
,2014-05,Cheshire Constabulary,Cheshire Constabulary,-2.708564,53.372839,On or near Cheryl Drive,E01012414,Halton 003E,Anti-social behaviour,,
,2014-05,Cheshire Constabulary,Cheshire Constabulary,-2.706470,53.374371,On or near Warrington Road,E01012414,Halton 003E,Anti-social behaviour,,
33316996bd423ec352748066821b3b5669543b7b7004eb13f8ed50698a4033cf,2014-05,Cheshire Constabulary,Cheshire Constabulary,-2.710263,53.372901,On or near Parking Area,E01012414,Halton 003E,Burglary,Under investigation,
c31c8cfa4e2505547412a7deb8ebd76b9327896eafb2cbad2ae5d5663b96a728,2014-05,Cheshire Constabulary,Cheshire Constabulary,-2.705518,53.376812,On or near Bilton Close,E01012414,Halton 003E,Other theft,Investigation complete; no suspect identified,
,2014-05,Cheshire Constabulary,Cheshire Constabulary,-2.772899,53.371442,On or near Supermarket,E01012377,Halton 004A,Anti-social behaviour,,
,2014-05,Cheshire Constabulary,Cheshire Constabulary,-2.765792,53.371551,On or near Sherwood Close,E01012377,Halton 004A,Anti-social behaviour,,
,2014-05,Cheshire Constabulary,Cheshire Constabulary,-2.766636,53.369972,On or near Royal Avenue,E01012377,Halton 004A,Anti-social behaviour,,
,2014-05,Cheshire Constabulary,Cheshire Constabulary,-2.765792,53.371551,On or near Sherwood Close,E01012377,Halton 004A,Anti-social behaviour,,
,2014-05,Cheshire Constabulary,Cheshire Constabulary,-2.766636,53.369972,On or near Royal Avenue,E01012377,Halton 004A,Anti-social behaviour,,
,2014-05,Cheshire Constabulary,Cheshire Constabulary,-2.768286,53.371463,On or near Sunningdale Avenue,E01012377,Halton 004A,Anti-social behaviour,,
,2014-05,Cheshire Constabulary,Cheshire Constabulary,-2.765792,53.371551,On or near Sherwood Close,E01012377,Halton 004A,Anti-social behaviour,,
,2014-05,Cheshire Constabulary,Cheshire Constabulary,-2.768286,53.371463,On or near Sunningdale Avenue,E01012377,Halton 004A,Anti-social behaviour,,
,2014-05,Cheshire Constabulary,Cheshire Constabulary,-2.766477,53.372850,On or near Bankfield Road,E01012377,Halton 004A,Anti-social behaviour,,
,2014-05,Cheshire Constabulary,Cheshire Constabulary,-2.766636,53.369972,On or near Royal Avenue,E01012377,Halton 004A,Anti-social behaviour,,
486961deaac31d162f7d2f5d006f4046eb987fa1c53142eb6b8864e886bff34f,2014-05,Cheshire Constabulary,Cheshire Constabulary,-2.766636,53.369972,On or near Royal Avenue,E01012377,Halton 004A,Burglary,Investigation complete; no suspect identified,
eea92930645c1651f745bc90be8cac4fd402d686ecf398107abb33d68a06a5cd,2014-05,Cheshire Constabulary,Cheshire Constabulary,-2.765792,53.371551,On or near Sherwood Close,E01012377,Halton 004A,Burglary,Investigation complete; no suspect identified,
3fd4440933dfe6e0022e70fe6a59098892f8b36567c00b8f42a52abec1ad1088,2014-05,Cheshire Constabulary,Cheshire Constabulary,-2.767816,53.372113,On or near Avondale Drive,E01012377,Halton 004A,Drugs,Under investigation,
29fdf565dcedc7956637858f5cb2c4873da5de6d056e5c4bbefab34dee5f8bcd,2014-05,Cheshire Constabulary,Cheshire Constabulary,-2.772899,53.371442,On or near Supermarket,E01012377,Halton 004A,Shoplifting,Under investigation,
5e93e5e096300fcf77f7ebdf24f48e763eeecc540b33b6389bffe904d2f471d4,2014-05,Cheshire Constabulary,Cheshire Constabulary,-2.772899,53.371442,On or near Supermarket,E01012377,Halton 004A,Shoplifting,Under investigation,
,2014-05,Cheshire Constabulary,Cheshire Constabulary,-2.771894,53.369013,On or near Gutticar Road,E01012390,Halton 004B,Anti-social behaviour,,
,2014-05,Cheshire Constabulary,Cheshire Constabulary,-2.774622,53.366172,On or near Edinburgh Road,E01012390,Halton 004B,Anti-social behaviour,,
,2014-05,Cheshire Constabulary,Cheshire Constabulary,-2.774622,53.366172,On or near Edinburgh Road,E01012390,Halton 004B,Anti-social behaviour,,
,2014-05,Cheshire Constabulary,Cheshire Constabulary,-2.774622,53.366172,On or near Edinburgh Road,E01012390,Halton 004B,Anti-social behaviour,,
,2014-05,Cheshire Constabulary,Cheshire Constabulary,-2.772459,53.367049,On or near Coronet Way,E01012390,Halton 004B,Anti-social behaviour,,
,2014-05,Cheshire Constabulary,Cheshire Constabulary,-2.774622,53.366172,On or near Edinburgh Road,E01012390,Halton 004B,Anti-social behaviour,,
25494b59a631956c1b9d507891fc30d6efafe6647146d4a6b9b9a4b97b103ede,2014-05,Cheshire Constabulary,Cheshire Constabulary,-2.769059,53.367656,On or near Queen'S Avenue,E01012390,Halton 004B,Bicycle theft,Under investigation,
0e1277b4d72133e68ab7360b13a53c9c15497c6c08ccb616bef10ce084f90d0a,2014-05,Cheshire Constabulary,Cheshire Constabulary,-2.774622,53.366172,On or near Edinburgh Road,E01012390,Halton 004B,Burglary,Investigation complete; no suspect identified,
b3f42ce7febeaa40c3f039e313eec0c85df93595aec8b28fe39f63aeae9dd585,2014-05,Cheshire Constabulary,Cheshire Constabulary,-2.771894,53.369013,On or near Gutticar Road,E01012390,Halton 004B,Burglary,Under investigation,
d5b17807f7ffb0fc9e526babd10a1ee97a58be79dfa07c59ea744e9112fe7b7e,2014-05,Cheshire Constabulary,Cheshire Constabulary,-2.774622,53.366172,On or near Edinburgh Road,E01012390,Halton 004B,Burglary,Investigation complete; no suspect identified,
bdf7285cc206cafcc8caffd25f90599ad365b346106b3e80796db562a6877286,2014-05,Cheshire Constabulary,Cheshire Constabulary,-2.774622,53.366172,On or near Edinburgh Road,E01012390,Halton 004B,Burglary,Investigation complete; no suspect identified,
e90c086f5c71dbc80bb14a588f05e04d3513081ac13e54eb87858e0525a980ce,2014-05,Cheshire Constabulary,Cheshire Constabulary,-2.771894,53.369013,On or near Gutticar Road,E01012390,Halton 004B,Burglary,Investigation complete; no suspect identified,
20608d055bc6e4f5377f063811ff868d9180b375f4de84cf5f1ced6b8f8f56dd,2014-05,Cheshire Constabulary,Cheshire Constabulary,-2.774622,53.366172,On or near Edinburgh Road,E01012390,Halton 004B,Criminal damage and arson,Under investigation,
730f0b72e89320928132ce1dd03f2446411e2d0c9aa5ee16a6ef9373be6e3249,2014-05,Cheshire Constabulary,Cheshire Constabulary,-2.774622,53.366172,On or near Edinburgh Road,E01012390,Halton 004B,Criminal damage and arson,Unable to prosecute suspect,
b43aea843dc64f04afa27a165c86db0f42bd514851ca0b4e1cf7760d1683478b,2014-05,Cheshire Constabulary,Cheshire Constabulary,-2.774622,53.366172,On or near Edinburgh Road,E01012390,Halton 004B,Criminal damage and arson,Awaiting court outcome,
c0e174767234d999db806ff61b44dc98f53c6c4ee3ae6359cf60530f09b53035,2014-05,Cheshire Constabulary,Cheshire Constabulary,-2.770231,53.370138,On or near Mayfield Avenue,E01012390,Halton 004B,Drugs,Under investigation,
,2014-05,Cheshire Constabulary,Cheshire Constabulary,-2.769086,53.375017,On or near Grizedale,E01012419,Halton 004C,Anti-social behaviour,,
,2014-05,Cheshire Constabulary,Cheshire Constabulary,-2.767733,53.378352,On or near Dunsford,E01012419,Halton 004C,Anti-social behaviour,,
,2014-05,Cheshire Constabulary,Cheshire Constabulary,-2.769086,53.375017,On or near Grizedale,E01012419,Halton 004C,Anti-social behaviour,,
,2014-05,Cheshire Constabulary,Cheshire Constabulary,-2.766265,53.377786,On or near Deepdale,E01012419,Halton 004C,Anti-social behaviour,,
,2014-05,Cheshire Constabulary,Cheshire Constabulary,-2.767415,53.376565,On or near Fulbeck,E01012419,Halton 004C,Anti-social behaviour,,
,2014-05,Cheshire Constabulary,Cheshire Constabulary,-2.767415,53.376565,On or near Fulbeck,E01012419,Halton 004C,Anti-social behaviour,,
,2014-05,Cheshire Constabulary,Cheshire Constabulary,-2.767415,53.376565,On or near Fulbeck,E01012419,Halton 004C,Anti-social behaviour,,
,2014-05,Cheshire Constabulary,Cheshire Constabulary,-2.768741,53.376745,On or near Foxcote,E01012419,Halton 004C,Anti-social behaviour,,
,2014-05,Cheshire Constabulary,Cheshire Constabulary,-2.766265,53.377786,On or near Deepdale,E01012419,Halton 004C,Anti-social behaviour,,
05d076867d6fed6724b1dbcc3ef2132d235d238d18e593eaecbfc70928f1f23c,2014-05,Cheshire Constabulary,Cheshire Constabulary,-2.767415,53.376565,On or near Fulbeck,E01012419,Halton 004C,Bicycle theft,Investigation complete; no suspect identified,
b0a26e4636a505e9393b7ea70b8378706c2e2241ff00158ed678ece551fc1e0c,2014-05,Cheshire Constabulary,Cheshire Constabulary,-2.767733,53.378352,On or near Dunsford,E01012419,Halton 004C,Bicycle theft,Under investigation,
3ce1b8ec8a077b33681a4b4d1ce7dc070ddfb679625e83f14fe903df76fbe0af,2014-05,Cheshire Constabulary,Cheshire Constabulary,-2.765847,53.378786,On or near Pedestrian Subway,E01012419,Halton 004C,Criminal damage and arson,Investigation complete; no suspect identified,
f741ff8496354b9138d819e8fc202fde0689a67b42961fd9461ad463ba848d3d,2014-05,Cheshire Constabulary,Cheshire Constabulary,-2.766265,53.377786,On or near Deepdale,E01012419,Halton 004C,Public order,Under investigation,
f3ca54b797fa4bd510d5b73834277a9c78f67fc2abfea9cc694a8cd85705ae17,2014-05,Cheshire Constabulary,Cheshire Constabulary,-2.768741,53.376745,On or near Foxcote,E01012419,Halton 004C,Theft from the person,Under investigation,
3693dcb512c9b4c3e582278a1048f1feef4da5bdcb05180e48dff158d2e6fac2,2014-05,Cheshire Constabulary,Cheshire Constabulary,-2.766265,53.377786,On or near Deepdale,E01012419,Halton 004C,Violence and sexual offences,Formal action is not in the public interest,
ce3fd04b0e54246a2496675f3fc1bf1e427473d21eeb841fa1c8954e8c912ad9,2014-05,Cheshire Constabulary,Cheshire Constabulary,-2.766265,53.377786,On or near Deepdale,E01012419,Halton 004C,Violence and sexual offences,Formal action is not in the public interest,
,2014-05,Cheshire Constabulary,Cheshire Constabulary,-2.774013,53.378122,On or near Bechers,E01012420,Halton 004D,Anti-social behaviour,,
,2014-05,Cheshire Constabulary,Cheshire Constabulary,-2.775775,53.379172,On or near Northern Lane,E01012420,Halton 004D,Anti-social behaviour,,
,2014-05,Cheshire Constabulary,Cheshire Constabulary,-2.773454,53.380463,On or near Cherrysutton,E01012420,Halton 004D,Anti-social behaviour,,
,2014-05,Cheshire Constabulary,Cheshire Constabulary,-2.775954,53.377436,On or near Pedestrian Subway,E01012420,Halton 004D,Anti-social behaviour,,
,2014-05,Cheshire Constabulary,Cheshire Constabulary,-2.775775,53.379172,On or near Northern Lane,E01012420,Halton 004D,Anti-social behaviour,,
,2014-05,Cheshire Constabulary,Cheshire Constabulary,-2.772493,53.378060,On or near Parking Area,E01012420,Halton 004D,Anti-social behaviour,,
,2014-05,Cheshire Constabulary,Cheshire Constabulary,-2.774013,53.378122,On or near Bechers,E01012420,Halton 004D,Anti-social behaviour,,
,2014-05,Cheshire Constabulary,Cheshire Constabulary,-2.774013,53.378122,On or near Bechers,E01012420,Halton 004D,Anti-social behaviour,,
,2014-05,Cheshire Constabulary,Cheshire Constabulary,-2.774013,53.378122,On or near Bechers,E01012420,Halton 004D,Anti-social behaviour,,
622bf2fba8ce3c1147bf6ff1a2562e8da1530ae0ab51ce5492acd2af0007bf2f,2014-05,Cheshire Constabulary,Cheshire Constabulary,-2.772493,53.378060,On or near Parking Area,E01012420,Halton 004D,Criminal damage and arson,Awaiting court outcome,
cb21253b363763005f8f6910cf2f0000081796cf859a03fa6600cf664d04bf08,2014-05,Cheshire Constabulary,Cheshire Constabulary,-2.774013,53.378122,On or near Bechers,E01012420,Halton 004D,Criminal damage and arson,Investigation complete; no suspect identified,
965cc30f618c975729c64ca2bf6b31bbd3d7420ae76555dd6f9b9b4e2b1fcf24,2014-05,Cheshire Constabulary,Cheshire Constabulary,-2.774013,53.378122,On or near Bechers,E01012420,Halton 004D,Criminal damage and arson,Unable to prosecute suspect,
76f9be722033c9abe2cf53e6a9c04a90f84b7b26a202b3b29d6fe5d254d2f2de,2014-05,Cheshire Constabulary,Cheshire Constabulary,-2.775775,53.379172,On or near Northern Lane,E01012420,Halton 004D,Criminal damage and arson,Investigation complete; no suspect identified,
c04f7752fd19509ea98de0a260d491b749560f1a95d4786a8eb8c6a8d47c5b5e,2014-05,Cheshire Constabulary,Cheshire Constabulary,-2.772493,53.378060,On or near Parking Area,E01012420,Halton 004D,Drugs,Offender given a drugs possession warning,
c0987ba0e299fe4697c950dc58792a38f1945c0b781324b0a8f6bd761ef7ff15,2014-05,Cheshire Constabulary,Cheshire Constabulary,-2.774013,53.378122,On or near Bechers,E01012420,Halton 004D,Other theft,Investigation complete; no suspect identified,
9dc2f92d8000f42f14545e8c68bb6756d8ff735508456dca47011475a761f65c,2014-05,Cheshire Constabulary,Cheshire Constabulary,-2.770045,53.378184,On or near Downside,E01012420,Halton 004D,Other theft,Under investigation,
b2a17703d4f4ab8e7d7ed6407ffabe7423f92b7d11e3d0b38223dfce19c7c89f,2014-05,Cheshire Constabulary,Cheshire Constabulary,-2.775541,53.379515,On or near Thornhills,E01012420,Halton 004D,Other theft,Under investigation,
557c8809d6f0684b5ebac409bd8f215e15157ea37ae9b5b671d14e1a254e6709,2014-05,Cheshire Constabulary,Cheshire Constabulary,-2.775541,53.379515,On or near Thornhills,E01012420,Halton 004D,Violence and sexual offences,Unable to prosecute suspect,
f170aa3360bb96503f1388c04648d6474513d565ce8d2de10abba4269079722c,2014-05,Cheshire Constabulary,Cheshire Constabulary,-2.771234,53.378239,On or near Danescroft,E01012420,Halton 004D,Violence and sexual offences,Awaiting court outcome,
e223192b000f6d80b3f3cc1c646bdcbeb4bfe4fa8be5579bbba0aa18a7bb1282,2014-05,Cheshire Constabulary,Cheshire Constabulary,-2.773454,53.380463,On or near Cherrysutton,E01012420,Halton 004D,Violence and sexual offences,Awaiting court outcome,
,2014-05,Cheshire Constabulary,Cheshire Constabulary,-2.774052,53.375336,On or near Alt,E01012422,Halton 004E,Anti-social behaviour,,
,2014-05,Cheshire Constabulary,Cheshire Constabulary,-2.770529,53.375835,On or near Arley Drive,E01012422,Halton 004E,Anti-social behaviour,,
,2014-05,Cheshire Constabulary,Cheshire Constabulary,-2.778053,53.373018,On or near Liverpool Road,E01012422,Halton 004E,Anti-social behaviour,,
,2014-05,Cheshire Constabulary,Cheshire Constabulary,-2.776464,53.375707,On or near Avon,E01012422,Halton 004E,Anti-social behaviour,,
,2014-05,Cheshire Constabulary,Cheshire Constabulary,-2.778892,53.372850,On or near Plumley Gardens,E01012422,Halton 004E,Anti-social behaviour,,
,2014-05,Cheshire Constabulary,Cheshire Constabulary,-2.778053,53.373018,On or near Liverpool Road,E01012422,Halton 004E,Anti-social behaviour,,
,2014-05,Cheshire Constabulary,Cheshire Constabulary,-2.776464,53.375707,On or near Avon,E01012422,Halton 004E,Anti-social behaviour,,
,2014-05,Cheshire Constabulary,Cheshire Constabulary,-2.778892,53.372850,On or near Plumley Gardens,E01012422,Halton 004E,Anti-social behaviour,,
,2014-05,Cheshire Constabulary,Cheshire Constabulary,-2.778053,53.373018,On or near Liverpool Road,E01012422,Halton 004E,Anti-social behaviour,,
,2014-05,Cheshire Constabulary,Cheshire Constabulary,-2.774052,53.375336,On or near Alt,E01012422,Halton 004E,Anti-social behaviour,,
,2014-05,Cheshire Constabulary,Cheshire Constabulary,-2.778053,53.373018,On or near Liverpool Road,E01012422,Halton 004E,Anti-social behaviour,,
,2014-05,Cheshire Constabulary,Cheshire Constabulary,-2.770529,53.375835,On or near Arley Drive,E01012422,Halton 004E,Anti-social behaviour,,
,2014-05,Cheshire Constabulary,Cheshire Constabulary,-2.778053,53.373018,On or near Liverpool Road,E01012422,Halton 004E,Anti-social behaviour,,
,2014-05,Cheshire Constabulary,Cheshire Constabulary,-2.776464,53.375707,On or near Avon,E01012422,Halton 004E,Anti-social behaviour,,
,2014-05,Cheshire Constabulary,Cheshire Constabulary,-2.776464,53.375707,On or near Avon,E01012422,Halton 004E,Anti-social behaviour,,
,2014-05,Cheshire Constabulary,Cheshire Constabulary,-2.778053,53.373018,On or near Liverpool Road,E01012422,Halton 004E,Anti-social behaviour,,
,2014-05,Cheshire Constabulary,Cheshire Constabulary,-2.778892,53.372850,On or near Plumley Gardens,E01012422,Halton 004E,Anti-social behaviour,,
35ad642e67a84eb64c17ec6ea685f3e7079735929472483a95792ede60ecd654,2014-05,Cheshire Constabulary,Cheshire Constabulary,-2.771495,53.376062,On or near Eversley,E01012422,Halton 004E,Criminal damage and arson,Investigation complete; no suspect identified,
7f5ae3538a210320a49e736a94a8375a5f5e1bd0616cb24a733b45b917bcaf01,2014-05,Cheshire Constabulary,Cheshire Constabulary,-2.776961,53.374085,On or near Afton,E01012422,Halton 004E,Criminal damage and arson,Investigation complete; no suspect identified,
84bf6a5e586e216990ed92aefb03f2b7794a2654a21069633b2e3a8b582d2ade,2014-05,Cheshire Constabulary,Cheshire Constabulary,-2.775199,53.375589,On or near Aire,E01012422,Halton 004E,Criminal damage and arson,Investigation complete; no suspect identified,
3c8eb3e2cf7858534f6237d8cb5461fdcdb46536b09edec8efb4a3d0e4f523cd,2014-05,Cheshire Constabulary,Cheshire Constabulary,-2.776464,53.375707,On or near Avon,E01012422,Halton 004E,Other theft,Awaiting court outcome,
72cef10dcdc9d6b7a0f843e430c4b3cc27e8ae787540c6bed334247f0dc7e982,2014-05,Cheshire Constabulary,Cheshire Constabulary,-2.770529,53.375835,On or near Arley Drive,E01012422,Halton 004E,Public order,Unable to prosecute suspect,
4f60c3c86207d82a048709f778d8879e81729615397b4ffd6cab6918b605b972,2014-05,Cheshire Constabulary,Cheshire Constabulary,-2.778053,53.373018,On or near Liverpool Road,E01012422,Halton 004E,Violence and sexual offences,Awaiting court outcome,
8ad4eaa2702a69252fdf4bd210c9a864a705f62b06554bb6ebce560c34b3edf9,2014-05,Cheshire Constabulary,Cheshire Constabulary,-2.774052,53.375336,On or near Alt,E01012422,Halton 004E,Violence and sexual offences,Awaiting court outcome,
b1f56158d82e253bc590439442cfe1631b3b3f572f4112c3b672e305fc7af2c0,2014-05,Cheshire Constabulary,Cheshire Constabulary,-2.776464,53.375707,On or near Avon,E01012422,Halton 004E,Violence and sexual offences,Under investigation,
89139d5787f0903b24eaa6f527c8c7dc16d57a512b396e124b2c1acd964e382e,2014-05,Cheshire Constabulary,Cheshire Constabulary,-2.776464,53.375707,On or near Avon,E01012422,Halton 004E,Violence and sexual offences,Under investigation,
d0f2879fa8d63c2699266e10d80457b2c7e7975fe4043c903b91eabe7a22d21e,2014-05,Cheshire Constabulary,Cheshire Constabulary,-2.770529,53.375835,On or near Arley Drive,E01012422,Halton 004E,Violence and sexual offences,Under investigation,
,2014-05,Cheshire Constabulary,Cheshire Constabulary,-2.725694,53.372583,On or near Greenway Road,E01012369,Halton 005A,Anti-social behaviour,,
,2014-05,Cheshire Constabulary,Cheshire Constabulary,-2.725694,53.372583,On or near Greenway Road,E01012369,Halton 005A,Anti-social behaviour,,
,2014-05,Cheshire Constabulary,Cheshire Constabulary,-2.728583,53.378894,On or near Alder Avenue,E01012369,Halton 005A,Anti-social behaviour,,
f2b0a28de0ab33dab99de3e515e0d436be313a74cb4571d8144cb2675a971e86,2014-05,Cheshire Constabulary,Cheshire Constabulary,-2.730345,53.378191,On or near Birch Road,E01012369,Halton 005A,Burglary,Investigation complete; no suspect identified,
0f3198e85b262870c36241b5a9cbcff9b3f9b38d57231cabd9721603009ec96c,2014-05,Cheshire Constabulary,Cheshire Constabulary,-2.725694,53.372583,On or near Greenway Road,E01012369,Halton 005A,Criminal damage and arson,Under investigation,
ccee2484c02c9cd2433ca012a1f3ae747291d3b8d79f589e3cf878e7b901817a,2014-05,Cheshire Constabulary,Cheshire Constabulary,-2.727691,53.375960,On or near Elm Avenue,E01012369,Halton 005A,Drugs,Under investigation,
7f26c78fe05deebf541bfb9c51012f31ec1acf76bfe2688c495e27db33aa70c3,2014-05,Cheshire Constabulary,Cheshire Constabulary,-2.725684,53.377267,On or near Cypress Avenue,E01012369,Halton 005A,Vehicle crime,Investigation complete; no suspect identified,
07e14ddcd55273c4e7e12a96e6684b04b1a2f2241cffa78cbe54aa0b7aa309c5,2014-05,Cheshire Constabulary,Cheshire Constabulary,-2.730345,53.378191,On or near Birch Road,E01012369,Halton 005A,Vehicle crime,Investigation complete; no suspect identified,
e7671d0ef45aacaf7d7081c520a98a422e7c0bc6a85ebbfc89d2efc2568f955a,2014-05,Cheshire Constabulary,Cheshire Constabulary,-2.725139,53.376191,On or near Larch Avenue,E01012369,Halton 005A,Vehicle crime,Investigation complete; no suspect identified,
38e3349a13b0cdfefd12d2cd2f6bee38a12b39d77714be64dd8d4641d5629f59,2014-05,Cheshire Constabulary,Cheshire Constabulary,-2.727605,53.377084,On or near Cedar Avenue,E01012369,Halton 005A,Violence and sexual offences,Unable to prosecute suspect,
,2014-05,Cheshire Constabulary,Cheshire Constabulary,-2.727723,53.380517,On or near Durham Road,E01012394,Halton 005B,Anti-social behaviour,,
,2014-05,Cheshire Constabulary,Cheshire Constabulary,-2.726096,53.381165,On or near Supermarket,E01012394,Halton 005B,Anti-social behaviour,,
,2014-05,Cheshire Constabulary,Cheshire Constabulary,-2.724052,53.381196,On or near Factory Lane,E01012394,Halton 005B,Anti-social behaviour,,
,2014-05,Cheshire Constabulary,Cheshire Constabulary,-2.728854,53.379800,On or near Lancaster Road,E01012394,Halton 005B,Anti-social behaviour,,
f81c5e716d6ee32fdd339084ebdcd5286915f630fdf1fc9ab9dfe3bc72fa038f,2014-05,Cheshire Constabulary,Cheshire Constabulary,-2.726847,53.383758,On or near Barrow'S Row,E01012394,Halton 005B,Burglary,Under investigation,
dc75125e381b14933288d5e733b5de85d0da59ab3de5f34e82b0b6a1a3c52dd9,2014-05,Cheshire Constabulary,Cheshire Constabulary,-2.726096,53.381165,On or near Supermarket,E01012394,Halton 005B,Shoplifting,Investigation complete; no suspect identified,
e40e0df3ab30e90f3c03c95474ab6f492fd3f6e84c02817d1207925b46147bf9,2014-05,Cheshire Constabulary,Cheshire Constabulary,-2.727723,53.380517,On or near Durham Road,E01012394,Halton 005B,Shoplifting,Under investigation,
ea0201153bf064c33c06e379fd5ace82bd314722e30fad077b1851cfcf2dfd7c,2014-05,Cheshire Constabulary,Cheshire Constabulary,-2.726096,53.381165,On or near Supermarket,E01012394,Halton 005B,Shoplifting,Awaiting court outcome,
5f8257007264501cfc88b856e989b1597ed7b63a3af1a6f7d32d66c93320c349,2014-05,Cheshire Constabulary,Cheshire Constabulary,-2.726847,53.383758,On or near Barrow'S Row,E01012394,Halton 005B,Vehicle crime,Investigation complete; no suspect identified,
,2014-05,Cheshire Constabulary,Cheshire Constabulary,-2.736241,53.369696,On or near Haig Road,E01012425,Halton 005C,Anti-social behaviour,,
6c24a3fbdf23f46e0c1d32e41f67f97a0ef738615a007a1b2928ca0838c1f582,2014-05,Cheshire Constabulary,Cheshire Constabulary,-2.734563,53.367396,On or near Mottershead Road,E01012425,Halton 005C,Criminal damage and arson,Investigation complete; no suspect identified,
68d5af6c076b560814747d06f1989b5b63d1280f9b573f551f5cf176e6748da7,2014-05,Cheshire Constabulary,Cheshire Constabulary,-2.734563,53.367396,On or near Mottershead Road,E01012425,Halton 005C,Criminal damage and arson,Investigation complete; no suspect identified,
4dc8379e987ec011124afbc2c1d160bbac21ae83e8002aa9025bb0b627bb6814,2014-05,Cheshire Constabulary,Cheshire Constabulary,-2.730824,53.366682,On or near Sharp Street,E01012425,Halton 005C,Criminal damage and arson,Investigation complete; no suspect identified,
0627bc7fa552d813ba1dcb588dbed313aac8943fa3fa43e84e7ea76a30b92974,2014-05,Cheshire Constabulary,Cheshire Constabulary,-2.734563,53.367396,On or near Mottershead Road,E01012425,Halton 005C,Other theft,Investigation complete; no suspect identified,
4c5c7ecfd4ea0491701b29b837d8f21ce7a6700ae4599bada30d014c3dec7045,2014-05,Cheshire Constabulary,Cheshire Constabulary,-2.731190,53.366141,On or near Carlton Street,E01012425,Halton 005C,Possession of weapons,Awaiting court outcome,
f7c0d7b8dfcbba84c019c63f17467c270387b1b3cbbee235632bff0e1a263bcd,2014-05,Cheshire Constabulary,Cheshire Constabulary,-2.731636,53.369338,On or near Shelagh Avenue,E01012425,Halton 005C,Vehicle crime,Investigation complete; no suspect identified,
c4f1ef4eaad713578023ce88d0354c8727b380af7726c911e8af1313a33b6880,2014-05,Cheshire Constabulary,Cheshire Constabulary,-2.736241,53.369696,On or near Haig Road,E01012425,Halton 005C,Violence and sexual offences,Unable to prosecute suspect,
,2014-05,Cheshire Constabulary,Cheshire Constabulary,-2.732476,53.371895,On or near Birchfield Road,E01012426,Halton 005D,Anti-social behaviour,,
,2014-05,Cheshire Constabulary,Cheshire Constabulary,-2.732476,53.371895,On or near Birchfield Road,E01012426,Halton 005D,Anti-social behaviour,,
,2014-05,Cheshire Constabulary,Cheshire Constabulary,-2.732476,53.371895,On or near Birchfield Road,E01012426,Halton 005D,Anti-social behaviour,,
,2014-05,Cheshire Constabulary,Cheshire Constabulary,-2.732476,53.371895,On or near Birchfield Road,E01012426,Halton 005D,Anti-social behaviour,,
,2014-05,Cheshire Constabulary,Cheshire Constabulary,-2.732476,53.371895,On or near Birchfield Road,E01012426,Halton 005D,Anti-social behaviour,,
,2014-05,Cheshire Constabulary,Cheshire Constabulary,-2.732476,53.371895,On or near Birchfield Road,E01012426,Halton 005D,Anti-social behaviour,,
,2014-05,Cheshire Constabulary,Cheshire Constabulary,-2.732476,53.371895,On or near Birchfield Road,E01012426,Halton 005D,Anti-social behaviour,,
,2014-05,Cheshire Constabulary,Cheshire Constabulary,-2.733253,53.375962,On or near Rose View Avenue,E01012426,Halton 005D,Anti-social behaviour,,
,2014-05,Cheshire Constabulary,Cheshire Constabulary,-2.732476,53.371895,On or near Birchfield Road,E01012426,Halton 005D,Anti-social behaviour,,
,2014-05,Cheshire Constabulary,Cheshire Constabulary,-2.732476,53.371895,On or near Birchfield Road,E01012426,Halton 005D,Anti-social behaviour,,
,2014-05,Cheshire Constabulary,Cheshire Constabulary,-2.732476,53.371895,On or near Birchfield Road,E01012426,Halton 005D,Anti-social behaviour,,
,2014-05,Cheshire Constabulary,Cheshire Constabulary,-2.740156,53.371874,On or near Woodland Avenue,E01012426,Halton 005D,Anti-social behaviour,,
,2014-05,Cheshire Constabulary,Cheshire Constabulary,-2.732476,53.371895,On or near Birchfield Road,E01012426,Halton 005D,Anti-social behaviour,,
8e5070a19142e4eef2a775085c971573937f552d7cd134447b3e84ea2653fd7a,2014-05,Cheshire Constabulary,Cheshire Constabulary,-2.736935,53.373305,On or near Highfield Road,E01012426,Halton 005D,Burglary,Investigation complete; no suspect identified,
ac021e0563733b581182dda75d9834e06618cad103032336b214500b0011cdf4,2014-05,Cheshire Constabulary,Cheshire Constabulary,-2.736935,53.373305,On or near Highfield Road,E01012426,Halton 005D,Burglary,Investigation complete; no suspect identified,
2aa9d3de689c5a6b6dfccf6f4f0d5a39ccb707e519ca2d94bfce66df4891122c,2014-05,Cheshire Constabulary,Cheshire Constabulary,-2.734525,53.370399,On or near Leigh Avenue,E01012426,Halton 005D,Criminal damage and arson,Awaiting court outcome,
8e812f6a624c02afbd9c7ed732c77d118f98e776e40658f2f56539b732bf47ac,2014-05,Cheshire Constabulary,Cheshire Constabulary,-2.737527,53.371936,On or near Addison Square,E01012426,Halton 005D,Criminal damage and arson,Offender given community sentence,
534ccded9da5d7c67add3d4360f6d97ddba83d576af66a5a50719f017838d1bc,2014-05,Cheshire Constabulary,Cheshire Constabulary,-2.732476,53.371895,On or near Birchfield Road,E01012426,Halton 005D,Drugs,Under investigation,
be39cee1c0014e559eac59fcbcf8025f30186c3b2b4d9b136f6bf6ab9ea01099,2014-05,Cheshire Constabulary,Cheshire Constabulary,-2.737527,53.371936,On or near Addison Square,E01012426,Halton 005D,Other theft,Offender given community sentence,
,2014-05,Cheshire Constabulary,Cheshire Constabulary,-2.739790,53.366330,On or near Lower House Lane,E01012427,Halton 005E,Anti-social behaviour,,
,2014-05,Cheshire Constabulary,Cheshire Constabulary,-2.740589,53.369094,On or near Hood Road,E01012427,Halton 005E,Anti-social behaviour,,
,2014-05,Cheshire Constabulary,Cheshire Constabulary,-2.739790,53.366330,On or near Lower House Lane,E01012427,Halton 005E,Anti-social behaviour,,
,2014-05,Cheshire Constabulary,Cheshire Constabulary,-2.740589,53.369094,On or near Hood Road,E01012427,Halton 005E,Anti-social behaviour,,
,2014-05,Cheshire Constabulary,Cheshire Constabulary,-2.740589,53.369094,On or near Hood Road,E01012427,Halton 005E,Anti-social behaviour,,
,2014-05,Cheshire Constabulary,Cheshire Constabulary,-2.737954,53.369668,On or near Clayton Crescent,E01012427,Halton 005E,Anti-social behaviour,,
,2014-05,Cheshire Constabulary,Cheshire Constabulary,-2.740589,53.369094,On or near Hood Road,E01012427,Halton 005E,Anti-social behaviour,,
,2014-05,Cheshire Constabulary,Cheshire Constabulary,-2.740589,53.369094,On or near Hood Road,E01012427,Halton 005E,Anti-social behaviour,,
,2014-05,Cheshire Constabulary,Cheshire Constabulary,-2.740589,53.369094,On or near Hood Road,E01012427,Halton 005E,Anti-social behaviour,,
,2014-05,Cheshire Constabulary,Cheshire Constabulary,-2.741185,53.367050,On or near Scott Avenue,E01012427,Halton 005E,Anti-social behaviour,,
,2014-05,Cheshire Constabulary,Cheshire Constabulary,-2.740589,53.369094,On or near Hood Road,E01012427,Halton 005E,Anti-social behaviour,,
,2014-05,Cheshire Constabulary,Cheshire Constabulary,-2.739790,53.366330,On or near Lower House Lane,E01012427,Halton 005E,Anti-social behaviour,,
,2014-05,Cheshire Constabulary,Cheshire Constabulary,-2.740589,53.369094,On or near Hood Road,E01012427,Halton 005E,Anti-social behaviour,,
0de2cc07952a251d9b3b2577317ca0925cd4ce5d64ba4a83fc4ed7fb46c1b745,2014-05,Cheshire Constabulary,Cheshire Constabulary,-2.740589,53.369094,On or near Hood Road,E01012427,Halton 005E,Violence and sexual offences,Under investigation,
,2014-05,Cheshire Constabulary,Cheshire Constabulary,-2.753808,53.373811,On or near Brentfield,E01012378,Halton 006A,Anti-social behaviour,,
,2014-05,Cheshire Constabulary,Cheshire Constabulary,-2.759762,53.373890,On or near Budworth Avenue,E01012378,Halton 006A,Anti-social behaviour,,
78866fb75abe2099044801a67657e459f90e6914b2b643629ab66ddd5fb498b9,2014-05,Cheshire Constabulary,Cheshire Constabulary,-2.758589,53.373017,On or near Radnor Drive,E01012378,Halton 006A,Burglary,Under investigation,
e38054fe4b50fa66286d673bbba69c7bd3d4ef36f9c3807c8ddf1693bb589d1d,2014-05,Cheshire Constabulary,Cheshire Constabulary,-2.755838,53.371327,On or near Liverpool Road,E01012378,Halton 006A,Criminal damage and arson,Investigation complete; no suspect identified,
086a069ed8c1e89f5862cefcb70d40bbb96e325f8bbc191ad6ef4f8befc665a5,2014-05,Cheshire Constabulary,Cheshire Constabulary,-2.753808,53.373811,On or near Brentfield,E01012378,Halton 006A,Criminal damage and arson,Under investigation,
30287f9771a94c874ad97d42c4dd58a09335d4d0302fd8720ca07753d8b43acf,2014-05,Cheshire Constabulary,Cheshire Constabulary,-2.755838,53.371327,On or near Liverpool Road,E01012378,Halton 006A,Violence and sexual offences,Unable to prosecute suspect,
20de6f3e69053ac16d619fa7fbec4cc9b99dd36e5faf27a2805db1c9ab9542c2,2014-05,Cheshire Constabulary,Cheshire Constabulary,-2.753808,53.373811,On or near Brentfield,E01012378,Halton 006A,Violence and sexual offences,Under investigation,
059310f3d0ce85108b6ab682536f63d222c014f51556bf1c381ddf26e7d33abc,2014-05,Cheshire Constabulary,Cheshire Constabulary,-2.755838,53.371327,On or near Liverpool Road,E01012378,Halton 006A,Violence and sexual offences,Under investigation,
5f6d2c3f9bd3ed055b9c6ecf2f4b243a2b77cd88a39ba76ceba87b1dfefa63c7,2014-05,Cheshire Constabulary,Cheshire Constabulary,-2.755838,53.371327,On or near Liverpool Road,E01012378,Halton 006A,Violence and sexual offences,Under investigation,
,2014-05,Cheshire Constabulary,Cheshire Constabulary,-2.758369,53.369108,On or near Eastway,E01012379,Halton 006B,Anti-social behaviour,,
,2014-05,Cheshire Constabulary,Cheshire Constabulary,-2.754295,53.368208,On or near Ashley Green,E01012379,Halton 006B,Anti-social behaviour,,
,2014-05,Cheshire Constabulary,Cheshire Constabulary,-2.751993,53.370605,On or near Green Lane,E01012379,Halton 006B,Anti-social behaviour,,
,2014-05,Cheshire Constabulary,Cheshire Constabulary,-2.751993,53.370605,On or near Green Lane,E01012379,Halton 006B,Anti-social behaviour,,
,2014-05,Cheshire Constabulary,Cheshire Constabulary,-2.758369,53.369108,On or near Eastway,E01012379,Halton 006B,Anti-social behaviour,,
,2014-05,Cheshire Constabulary,Cheshire Constabulary,-2.760125,53.368153,On or near Blundell Road,E01012379,Halton 006B,Anti-social behaviour,,
,2014-05,Cheshire Constabulary,Cheshire Constabulary,-2.751993,53.370605,On or near Green Lane,E01012379,Halton 006B,Anti-social behaviour,,
4e29854fb68bcb98cb29ab34ce16eea36eac74e81d329d3da234f95634f33ed1,2014-05,Cheshire Constabulary,Cheshire Constabulary,-2.757423,53.369995,On or near Berry Road,E01012379,Halton 006B,Bicycle theft,Investigation complete; no suspect identified,
80f94a390ade8a3095febeb2d1c4944336d068d3cc87a6938908fc204a162037,2014-05,Cheshire Constabulary,Cheshire Constabulary,-2.758989,53.367621,On or near Southway,E01012379,Halton 006B,Criminal damage and arson,Investigation complete; no suspect identified,
9f25341d494eeed7f05b51644b7852c85460f9fdeed68aaee30965d16bd509cb,2014-05,Cheshire Constabulary,Cheshire Constabulary,-2.755496,53.368138,On or near Dundalk Road,E01012379,Halton 006B,Criminal damage and arson,Investigation complete; no suspect identified,
ee42af28c3daf5244adbc93c93dbec4cc926215370fc327fb6c81325e096a792,2014-05,Cheshire Constabulary,Cheshire Constabulary,-2.754235,53.370743,On or near Lewis Grove,E01012379,Halton 006B,Criminal damage and arson,Investigation complete; no suspect identified,
e3406a037c8bb463f377312c74a45cf73b365752498af1f38c13eda63b4bc6cd,2014-05,Cheshire Constabulary,Cheshire Constabulary,-2.758983,53.368978,On or near Northway,E01012379,Halton 006B,Criminal damage and arson,Unable to prosecute suspect,
9f03891205c614479050d430d4a457f4998699d1cdcc1d77aaa919706489b8ce,2014-05,Cheshire Constabulary,Cheshire Constabulary,-2.758989,53.367621,On or near Southway,E01012379,Halton 006B,Criminal damage and arson,Under investigation,
229e0950fd21d452e163ce9b2b0324fbb82e58b23dd048305641ed7a906339dc,2014-05,Cheshire Constabulary,Cheshire Constabulary,-2.752876,53.370383,On or near Glenn Place,E01012379,Halton 006B,Other theft,Under investigation,
15d210bfc81f9c8aa3479329d6662b9cddc88c4e669b3dbf590be62843404971,2014-05,Cheshire Constabulary,Cheshire Constabulary,-2.757423,53.369995,On or near Berry Road,E01012379,Halton 006B,Public order,Awaiting court outcome,
0a50222d5402c11b32adde84d8bd37a5949fc0ebdbf5dc5ebbd2586b8bcc9c8d,2014-05,Cheshire Constabulary,Cheshire Constabulary,-2.757423,53.369995,On or near Berry Road,E01012379,Halton 006B,Shoplifting,Under investigation,
ac173fa4810aeb84aeeea35bf1158ab1978e80c87f6e30796e99eea281dd6149,2014-05,Cheshire Constabulary,Cheshire Constabulary,-2.757423,53.369995,On or near Berry Road,E01012379,Halton 006B,Shoplifting,Investigation complete; no suspect identified,
9bb414619b2628add656789e82de46efab54472d31f85ce1256b679ced371ba8,2014-05,Cheshire Constabulary,Cheshire Constabulary,-2.757423,53.369995,On or near Berry Road,E01012379,Halton 006B,Shoplifting,Under investigation,
4c74c272e61ebd4bb1022d09721f264b2faa47288681c7485ece93ae6304fd90,2014-05,Cheshire Constabulary,Cheshire Constabulary,-2.758476,53.368388,On or near Crossway,E01012379,Halton 006B,Violence and sexual offences,Formal action is not in the public interest,
,2014-05,Cheshire Constabulary,Cheshire Constabulary,-2.766391,53.368895,On or near Gaisgill Court,E01012380,Halton 006C,Anti-social behaviour,,
,2014-05,Cheshire Constabulary,Cheshire Constabulary,-2.766225,53.367179,On or near Appleby Close,E01012380,Halton 006C,Anti-social behaviour,,
,2014-05,Cheshire Constabulary,Cheshire Constabulary,-2.765573,53.367705,On or near Langdale Close,E01012380,Halton 006C,Anti-social behaviour,,
,2014-05,Cheshire Constabulary,Cheshire Constabulary,-2.761817,53.370282,On or near Liverpool Place,E01012380,Halton 006C,Anti-social behaviour,,
,2014-05,Cheshire Constabulary,Cheshire Constabulary,-2.763206,53.369814,On or near Hanley Road,E01012380,Halton 006C,Anti-social behaviour,,
,2014-05,Cheshire Constabulary,Cheshire Constabulary,-2.761826,53.368268,On or near Graham Road,E01012380,Halton 006C,Anti-social behaviour,,
,2014-05,Cheshire Constabulary,Cheshire Constabulary,-2.761817,53.370282,On or near Liverpool Place,E01012380,Halton 006C,Anti-social behaviour,,
99f1bc3d184f31ea91c63251fbdc82434ea6be4a7ab44076943e5bb8e3cda676,2014-05,Cheshire Constabulary,Cheshire Constabulary,-2.763538,53.368221,On or near Borrowdale Road,E01012380,Halton 006C,Bicycle theft,Investigation complete; no suspect identified,
64fc1d5ba511121ba40313c371176cac841dd69159a351af2136858f7643248d,2014-05,Cheshire Constabulary,Cheshire Constabulary,-2.763538,53.368221,On or near Borrowdale Road,E01012380,Halton 006C,Burglary,Investigation complete; no suspect identified,
e336b06eb7623f0a2ab4866c3a4baca833dbdaebec41592ba58cb5265f31381c,2014-05,Cheshire Constabulary,Cheshire Constabulary,-2.763206,53.369814,On or near Hanley Road,E01012380,Halton 006C,Criminal damage and arson,Under investigation,
7b691a75ac38258496e69e9db840d1835f0472a75aca6211c9f8601061c1b7f9,2014-05,Cheshire Constabulary,Cheshire Constabulary,-2.763206,53.369814,On or near Hanley Road,E01012380,Halton 006C,Criminal damage and arson,Formal action is not in the public interest,
2bd35fe42aae4f3102accd25472515c28972e0c435ba829526f8f2472c8b40d9,2014-05,Cheshire Constabulary,Cheshire Constabulary,-2.765187,53.368822,On or near Keswick Close,E01012380,Halton 006C,Other theft,Investigation complete; no suspect identified,
ffedd4f539d174204757369f37a0c54300aaecb55d58daf95860a24a4d58d6b3,2014-05,Cheshire Constabulary,Cheshire Constabulary,-2.765138,53.369416,On or near Derwent Road,E01012380,Halton 006C,Vehicle crime,Investigation complete; no suspect identified,
a3cff93b876832ea0e995b2a7df8e710ca3741a457abbe4c6d1a855175cd5416,2014-05,Cheshire Constabulary,Cheshire Constabulary,-2.763538,53.368221,On or near Borrowdale Road,E01012380,Halton 006C,Violence and sexual offences,Formal action is not in the public interest,
857bb925672071f8ac7f023fb63d2efb6e742f328acfd206022b658007fb48ab,2014-05,Cheshire Constabulary,Cheshire Constabulary,-2.769430,53.368228,On or near Queen'S Avenue,E01012380,Halton 006C,Violence and sexual offences,Unable to prosecute suspect,
,2014-05,Cheshire Constabulary,Cheshire Constabulary,-2.767255,53.365995,On or near Abbey Close,E01012388,Halton 006D,Anti-social behaviour,,
,2014-05,Cheshire Constabulary,Cheshire Constabulary,-2.769703,53.367562,On or near Lodge Road,E01012388,Halton 006D,Anti-social behaviour,,
,2014-05,Cheshire Constabulary,Cheshire Constabulary,-2.768916,53.365580,On or near Philip Road,E01012388,Halton 006D,Anti-social behaviour,,
,2014-05,Cheshire Constabulary,Cheshire Constabulary,-2.769703,53.367562,On or near Lodge Road,E01012388,Halton 006D,Anti-social behaviour,,
,2014-05,Cheshire Constabulary,Cheshire Constabulary,-2.769703,53.367562,On or near Lodge Road,E01012388,Halton 006D,Anti-social behaviour,,
,2014-05,Cheshire Constabulary,Cheshire Constabulary,-2.768822,53.367037,On or near Coronation Drive,E01012388,Halton 006D,Anti-social behaviour,,
bb42170fc68aa5336cf499e324dd53eb439f60f6dbbf4f0116d1a06737b40138,2014-05,Cheshire Constabulary,Cheshire Constabulary,-2.768329,53.364676,On or near Heralds Close,E01012388,Halton 006D,Burglary,Investigation complete; no suspect identified,
97137420e4e72a93a98d9759d06827beea5397e5f63af05e996583626a1c9a57,2014-05,Cheshire Constabulary,Cheshire Constabulary,-2.766295,53.365219,On or near Andrew Close,E01012388,Halton 006D,Burglary,Under investigation,
500bbb8814d3afca0f3d733e68f3c19d4a5a8da1a70ba3244bb94b578ca8ed95,2014-05,Cheshire Constabulary,Cheshire Constabulary,-2.765717,53.364037,On or near Kenneth Road,E01012388,Halton 006D,Criminal damage and arson,Investigation complete; no suspect identified,
d9995395b308f7607dbf445fe2e8f16e91169abc81fd62b457ef54b9d998b63b,2014-05,Cheshire Constabulary,Cheshire Constabulary,-2.765004,53.363655,On or near Radford Close,E01012388,Halton 006D,Other theft,Investigation complete; no suspect identified,
f481962d69e98b5a48b7bd7ae9b1be51842782034d2e788ad9d184501fededf9,2014-05,Cheshire Constabulary,Cheshire Constabulary,-2.764426,53.364953,On or near York Road,E01012388,Halton 006D,Theft from the person,Under investigation,
f4c02406d19eb9cdd5eaa4c9cbea1599ba72106435e2d1a319291e5a165c47aa,2014-05,Cheshire Constabulary,Cheshire Constabulary,-2.765097,53.362935,On or near Arnold Place,E01012388,Halton 006D,Vehicle crime,Investigation complete; no suspect identified,
c7bfc628b2e151459d2b8e9a02a4bbe7a98f64731ec2c8ae2f5f8077c0d38063,2014-05,Cheshire Constabulary,Cheshire Constabulary,-2.767255,53.365995,On or near Abbey Close,E01012388,Halton 006D,Vehicle crime,Investigation complete; no suspect identified,
e08a33f96d2a04b12e048efa29933a428bde0a4d3ecc2ab0b53003fde1d0d04f,2014-05,Cheshire Constabulary,Cheshire Constabulary,-2.770095,53.365950,On or near Crown Avenue,E01012388,Halton 006D,Vehicle crime,Investigation complete; no suspect identified,
f4989843e4850d0e24afe2cb16193dda2a2cc160a1791b583db6037df456678e,2014-05,Cheshire Constabulary,Cheshire Constabulary,-2.764426,53.364953,On or near York Road,E01012388,Halton 006D,Violence and sexual offences,Awaiting court outcome,
,2014-05,Cheshire Constabulary,Cheshire Constabulary,-2.763198,53.365176,On or near Deansway,E01012442,Halton 006E,Anti-social behaviour,,
,2014-05,Cheshire Constabulary,Cheshire Constabulary,-2.757398,53.366076,On or near Montgomery Road,E01012442,Halton 006E,Anti-social behaviour,,
,2014-05,Cheshire Constabulary,Cheshire Constabulary,-2.757398,53.366076,On or near Montgomery Road,E01012442,Halton 006E,Anti-social behaviour,,
,2014-05,Cheshire Constabulary,Cheshire Constabulary,-2.757398,53.366076,On or near Montgomery Road,E01012442,Halton 006E,Anti-social behaviour,,
,2014-05,Cheshire Constabulary,Cheshire Constabulary,-2.760086,53.364270,On or near Wavell Avenue,E01012442,Halton 006E,Anti-social behaviour,,
,2014-05,Cheshire Constabulary,Cheshire Constabulary,-2.757398,53.366076,On or near Montgomery Road,E01012442,Halton 006E,Anti-social behaviour,,
,2014-05,Cheshire Constabulary,Cheshire Constabulary,-2.763533,53.364581,On or near Winchester Place,E01012442,Halton 006E,Anti-social behaviour,,
,2014-05,Cheshire Constabulary,Cheshire Constabulary,-2.757398,53.366076,On or near Montgomery Road,E01012442,Halton 006E,Anti-social behaviour,,
,2014-05,Cheshire Constabulary,Cheshire Constabulary,-2.757398,53.366076,On or near Montgomery Road,E01012442,Halton 006E,Anti-social behaviour,,
,2014-05,Cheshire Constabulary,Cheshire Constabulary,-2.757398,53.366076,On or near Montgomery Road,E01012442,Halton 006E,Anti-social behaviour,,
,2014-05,Cheshire Constabulary,Cheshire Constabulary,-2.763198,53.365176,On or near Deansway,E01012442,Halton 006E,Anti-social behaviour,,
7948f0debe90524c0085e9128b0389ed370bd886c9701093fb5d8a84e2834125,2014-05,Cheshire Constabulary,Cheshire Constabulary,-2.763533,53.364581,On or near Winchester Place,E01012442,Halton 006E,Bicycle theft,Investigation complete; no suspect identified,
b6834695a51172c48a39e237f84e7569f5f15f82eb5146b39bb5c8c6ad173748,2014-05,Cheshire Constabulary,Cheshire Constabulary,-2.763198,53.365176,On or near Deansway,E01012442,Halton 006E,Burglary,Investigation complete; no suspect identified,
e47de3dd274c6c8ae331fedf78e0ee273905bba47079af34a6a5bcfd3a46c6b7,2014-05,Cheshire Constabulary,Cheshire Constabulary,-2.757398,53.366076,On or near Montgomery Road,E01012442,Halton 006E,Criminal damage and arson,Investigation complete; no suspect identified,
5bada614893abe71a8322468ccefc865173448ee1f3b2d15e4e9a6255072bbce,2014-05,Cheshire Constabulary,Cheshire Constabulary,-2.763936,53.363572,On or near Suffolk Place,E01012442,Halton 006E,Drugs,Under investigation,
e6720681326b2138e1c72762d5ed0d04a3ae11e95ef821fd7fdba8bcb49453f3,2014-05,Cheshire Constabulary,Cheshire Constabulary,-2.757398,53.366076,On or near Montgomery Road,E01012442,Halton 006E,Shoplifting,Under investigation,
acfc814c95e427e91967ccb28203c8c112153257a14b9038c3d66ecf2dabbdb0,2014-05,Cheshire Constabulary,Cheshire Constabulary,-2.756103,53.365051,On or near Somerville Road,E01012442,Halton 006E,Violence and sexual offences,Awaiting court outcome,
a660f0ce7a99501da7e1336ae650cbaa552ccbd1084761d02b08ae54fe71a550,2014-05,Cheshire Constabulary,Cheshire Constabulary,-2.761261,53.365234,On or near Coronation Drive,E01012442,Halton 006E,Violence and sexual offences,Unable to prosecute suspect,
,2014-05,Cheshire Constabulary,Cheshire Constabulary,-2.725556,53.367083,On or near Farrant Street,E01012367,Halton 007A,Anti-social behaviour,,
,2014-05,Cheshire Constabulary,Cheshire Constabulary,-2.729786,53.371012,On or near Appleton Village,E01012367,Halton 007A,Anti-social behaviour,,
,2014-05,Cheshire Constabulary,Cheshire Constabulary,-2.724662,53.369336,On or near Parking Area,E01012367,Halton 007A,Anti-social behaviour,,
,2014-05,Cheshire Constabulary,Cheshire Constabulary,-2.729787,53.368442,On or near Dickson Street,E01012367,Halton 007A,Anti-social behaviour,,
,2014-05,Cheshire Constabulary,Cheshire Constabulary,-2.729780,53.368055,On or near Frederick Street,E01012367,Halton 007A,Anti-social behaviour,,
,2014-05,Cheshire Constabulary,Cheshire Constabulary,-2.730368,53.362847,On or near Vine Street,E01012367,Halton 007A,Anti-social behaviour,,
,2014-05,Cheshire Constabulary,Cheshire Constabulary,-2.728965,53.366954,On or near Gladstone Street,E01012367,Halton 007A,Anti-social behaviour,,
,2014-05,Cheshire Constabulary,Cheshire Constabulary,-2.727481,53.367152,On or near Hibbert Street,E01012367,Halton 007A,Anti-social behaviour,,
,2014-05,Cheshire Constabulary,Cheshire Constabulary,-2.726535,53.370762,On or near Chester Street,E01012367,Halton 007A,Anti-social behaviour,,
,2014-05,Cheshire Constabulary,Cheshire Constabulary,-2.726763,53.369161,On or near Deacon Road,E01012367,Halton 007A,Anti-social behaviour,,
,2014-05,Cheshire Constabulary,Cheshire Constabulary,-2.728853,53.367423,On or near Dean Street,E01012367,Halton 007A,Anti-social behaviour,,
,2014-05,Cheshire Constabulary,Cheshire Constabulary,-2.728485,53.363488,On or near Oxford Street,E01012367,Halton 007A,Anti-social behaviour,,
,2014-05,Cheshire Constabulary,Cheshire Constabulary,-2.728485,53.363488,On or near Oxford Street,E01012367,Halton 007A,Anti-social behaviour,,
,2014-05,Cheshire Constabulary,Cheshire Constabulary,-2.726763,53.369161,On or near Deacon Road,E01012367,Halton 007A,Anti-social behaviour,,
,2014-05,Cheshire Constabulary,Cheshire Constabulary,-2.725556,53.367083,On or near Farrant Street,E01012367,Halton 007A,Anti-social behaviour,,
,2014-05,Cheshire Constabulary,Cheshire Constabulary,-2.730368,53.362847,On or near Vine Street,E01012367,Halton 007A,Anti-social behaviour,,
,2014-05,Cheshire Constabulary,Cheshire Constabulary,-2.725556,53.367083,On or near Farrant Street,E01012367,Halton 007A,Anti-social behaviour,,
,2014-05,Cheshire Constabulary,Cheshire Constabulary,-2.728853,53.367423,On or near Dean Street,E01012367,Halton 007A,Anti-social behaviour,,
,2014-05,Cheshire Constabulary,Cheshire Constabulary,-2.727084,53.367667,On or near South Street,E01012367,Halton 007A,Anti-social behaviour,,
,2014-05,Cheshire Constabulary,Cheshire Constabulary,-2.725448,53.370490,On or near Midland Street,E01012367,Halton 007A,Anti-social behaviour,,
,2014-05,Cheshire Constabulary,Cheshire Constabulary,-2.726763,53.369161,On or near Deacon Road,E01012367,Halton 007A,Anti-social behaviour,,
,2014-05,Cheshire Constabulary,Cheshire Constabulary,-2.727307,53.366677,On or near Travis Street,E01012367,Halton 007A,Anti-social behaviour,,
,2014-05,Cheshire Constabulary,Cheshire Constabulary,-2.724429,53.369751,On or near Robert Street,E01012367,Halton 007A,Anti-social behaviour,,
,2014-05,Cheshire Constabulary,Cheshire Constabulary,-2.730191,53.364799,On or near Widnes Road,E01012367,Halton 007A,Anti-social behaviour,,
,2014-05,Cheshire Constabulary,Cheshire Constabulary,-2.728965,53.366954,On or near Gladstone Street,E01012367,Halton 007A,Anti-social behaviour,,
649578f255f64f01a56d7a0cbbbd7aff0573e914518c6346cce93e0bd762e73a,2014-05,Cheshire Constabulary,Cheshire Constabulary,-2.723912,53.367641,On or near Supermarket,E01012367,Halton 007A,Bicycle theft,Investigation complete; no suspect identified,
459c17f9423be7598c43387f6c6f8358f3f76be8e957360e0b6d3ba44ca6de85,2014-05,Cheshire Constabulary,Cheshire Constabulary,-2.725556,53.367083,On or near Farrant Street,E01012367,Halton 007A,Bicycle theft,Investigation complete; no suspect identified,
8b1335dfc955d36c2389491ad6a8b9148c68de269684a428496f704f375cba24,2014-05,Cheshire Constabulary,Cheshire Constabulary,-2.727715,53.368562,On or near Supermarket,E01012367,Halton 007A,Bicycle theft,Investigation complete; no suspect identified,
da14801395837200757b032e7b177ea5c1e9ca0dfaf9abd8d8693703af04d426,2014-05,Cheshire Constabulary,Cheshire Constabulary,-2.726853,53.364711,On or near Alfred Street,E01012367,Halton 007A,Burglary,Under investigation,
92fd74f6160958fb66c0343971a46b9e4a9d7722d1acc93cc87077faea72d9df,2014-05,Cheshire Constabulary,Cheshire Constabulary,-2.725448,53.370490,On or near Midland Street,E01012367,Halton 007A,Burglary,Investigation complete; no suspect identified,
cb5e9268eaa94527a96b1f1ac5a654f48d606475df3ed703429f6c65cc58767d,2014-05,Cheshire Constabulary,Cheshire Constabulary,-2.723912,53.367641,On or near Supermarket,E01012367,Halton 007A,Burglary,Awaiting court outcome,
650b4270415c895910eb497cc9712692ef7b1a7c6414ce9a5f9ace370184d209,2014-05,Cheshire Constabulary,Cheshire Constabulary,-2.729787,53.368442,On or near Dickson Street,E01012367,Halton 007A,Criminal damage and arson,Under investigation,
158254bd7682847c072cd967881153296f39e02eeb3700f6b728d8b8965e5bbc,2014-05,Cheshire Constabulary,Cheshire Constabulary,-2.729780,53.368055,On or near Frederick Street,E01012367,Halton 007A,Criminal damage and arson,Investigation complete; no suspect identified,
019d92811cfb23b889133d75f1220a87d0403a6a2e083ff7897a3e9b49aff1a3,2014-05,Cheshire Constabulary,Cheshire Constabulary,-2.723912,53.367641,On or near Supermarket,E01012367,Halton 007A,Criminal damage and arson,Under investigation,
2c863a15956eaec3c324fc2a59a4cefb1afac8f8a983a1ba2b0d544e066a014b,2014-05,Cheshire Constabulary,Cheshire Constabulary,-2.728853,53.367423,On or near Dean Street,E01012367,Halton 007A,Criminal damage and arson,Investigation complete; no suspect identified,
fa69ae5187fbb615d440cd281c15ae5d34b0079b99da446c809cc0405c2f194d,2014-05,Cheshire Constabulary,Cheshire Constabulary,-2.727715,53.368562,On or near Supermarket,E01012367,Halton 007A,Criminal damage and arson,Investigation complete; no suspect identified,
bca9d2cde7c92ab63c369f8ee3ad8d063fbea2a24fa5085860e94a33fbbe9bd4,2014-05,Cheshire Constabulary,Cheshire Constabulary,-2.728428,53.366301,On or near Parking Area,E01012367,Halton 007A,Criminal damage and arson,Investigation complete; no suspect identified,
3dd3bd67582fb8d783df4a4dc4394082d4398add5f2330b0fbc8dc9bfec01569,2014-05,Cheshire Constabulary,Cheshire Constabulary,-2.726046,53.365858,On or near Parking Area,E01012367,Halton 007A,Drugs,Under investigation,
7710416d39d8d5947e583c60c0f9714c3ba0c62310c7347047d6ca8a5d95b333,2014-05,Cheshire Constabulary,Cheshire Constabulary,-2.729787,53.368442,On or near Dickson Street,E01012367,Halton 007A,Other theft,Formal action is not in the public interest,
57557e50da48a434e7311706e1a8db6b14d64c0362f6b6cf34a07ce7303b9ed4,2014-05,Cheshire Constabulary,Cheshire Constabulary,-2.725903,53.369805,On or near Saxon Terrace,E01012367,Halton 007A,Other theft,Under investigation,
c2922e4dadc8f0276554aa15c93be55f545cc91ee6126143504c2552fca604dc,2014-05,Cheshire Constabulary,Cheshire Constabulary,-2.724662,53.369336,On or near Parking Area,E01012367,Halton 007A,Other theft,Investigation complete; no suspect identified,
048f3208883e931f58e95f4b83e976d3523284d2ccdc4b39066796e7d21ca667,2014-05,Cheshire Constabulary,Cheshire Constabulary,-2.723912,53.367641,On or near Supermarket,E01012367,Halton 007A,Other theft,Under investigation,
34faf705e4fd7505c8ac582a59c016f75546fa3a1031f77d45b23ee1f7263f41,2014-05,Cheshire Constabulary,Cheshire Constabulary,-2.728474,53.367236,On or near Dean Close,E01012367,Halton 007A,Other theft,Investigation complete; no suspect identified,
2652986cbbaaff4e5104ae72aac62f3ce9e9a2b37833b55aecb84b3c0726fb31,2014-05,Cheshire Constabulary,Cheshire Constabulary,-2.727885,53.367977,On or near Parking Area,E01012367,Halton 007A,Other theft,Investigation complete; no suspect identified,
d8b673841e241ead1c38fc6a5e0132e745082210911a27f7db73e501f63f3f27,2014-05,Cheshire Constabulary,Cheshire Constabulary,-2.725556,53.367083,On or near Farrant Street,E01012367,Halton 007A,Shoplifting,Awaiting court outcome,
5270c96a3af5f64c5dc5462e4083f6cd602a63e448cae83ba7f39e0e3d9218fe,2014-05,Cheshire Constabulary,Cheshire Constabulary,-2.722177,53.366339,On or near Petrol Station,E01012367,Halton 007A,Shoplifting,Suspect charged as part of another case,
57ee26c0699eae56d34ff25debac397b038b393d3a4287c5d26f85cebd6c1b2a,2014-05,Cheshire Constabulary,Cheshire Constabulary,-2.725556,53.367083,On or near Farrant Street,E01012367,Halton 007A,Shoplifting,Under investigation,
303a791045236b40bd5eaf63bdd85c79df6cce04537c5666ebe5babcbb7a0968,2014-05,Cheshire Constabulary,Cheshire Constabulary,-2.726763,53.369161,On or near Deacon Road,E01012367,Halton 007A,Shoplifting,Unable to prosecute suspect,
c9bee70927bede6d479a070363ebd0eb745cee6035e6b6b40c53d1ea3e62f7bb,2014-05,Cheshire Constabulary,Cheshire Constabulary,-2.727715,53.368562,On or near Supermarket,E01012367,Halton 007A,Shoplifting,Investigation complete; no suspect identified,
c4d3104ce98fc03ad5202b052ead2290255d3128189ea09b0ebb3b0460cef66e,2014-05,Cheshire Constabulary,Cheshire Constabulary,-2.722177,53.366339,On or near Petrol Station,E01012367,Halton 007A,Shoplifting,Suspect charged as part of another case,
9b6b401ebdb218ba22273edcb1d76d3df8bac0b65c2bafa163ea2edcbae4316f,2014-05,Cheshire Constabulary,Cheshire Constabulary,-2.723912,53.367641,On or near Supermarket,E01012367,Halton 007A,Shoplifting,Under investigation,
1fbba37bf3082fc912db44fba72d7ce5fc768b64a1eca9b010e7f17f2a5dd57f,2014-05,Cheshire Constabulary,Cheshire Constabulary,-2.725556,53.367083,On or near Farrant Street,E01012367,Halton 007A,Shoplifting,Offender fined,
9283d9343bc3def274ee77baf4671e3096d2ef60c23254c4f0b30e6cfaafdc27,2014-05,Cheshire Constabulary,Cheshire Constabulary,-2.727715,53.368562,On or near Supermarket,E01012367,Halton 007A,Shoplifting,Investigation complete; no suspect identified,
b0e63572a70cbea30e8505684abb4c8053496efc64740f45099e9328dd0ad220,2014-05,Cheshire Constabulary,Cheshire Constabulary,-2.725556,53.367083,On or near Farrant Street,E01012367,Halton 007A,Shoplifting,Suspect charged as part of another case,
00d3a9e9d588eacc71300ff3eb4a541dc1582af07f7b6a5a3b54e5b9e4144e6a,2014-05,Cheshire Constabulary,Cheshire Constabulary,-2.725556,53.367083,On or near Farrant Street,E01012367,Halton 007A,Shoplifting,Under investigation,
5e0369e3c317c7443871d3f3e461d2acc080caf4e445aac32b04db230417d968,2014-05,Cheshire Constabulary,Cheshire Constabulary,-2.726046,53.365858,On or near Parking Area,E01012367,Halton 007A,Shoplifting,Investigation complete; no suspect identified,
df9872a58594f0b8aa2060091c27844e12ff45ea0b7c3f46011bac3355566fc9,2014-05,Cheshire Constabulary,Cheshire Constabulary,-2.726046,53.365858,On or near Parking Area,E01012367,Halton 007A,Shoplifting,Under investigation,
5e1a095545d02aa922313f0a7a799eb32b015fd6f4fc8b550d3e563d67aad849,2014-05,Cheshire Constabulary,Cheshire Constabulary,-2.726046,53.365858,On or near Parking Area,E01012367,Halton 007A,Shoplifting,Under investigation,
06faf4adf1aad4e3747ceef956830032ff757bd2adb6f6a9f484d8aab91fb803,2014-05,Cheshire Constabulary,Cheshire Constabulary,-2.726046,53.365858,On or near Parking Area,E01012367,Halton 007A,Shoplifting,Under investigation,
ea50bcd1b9e4c3e55480319c5337a235f312256118efae5393b7349f209aaab2,2014-05,Cheshire Constabulary,Cheshire Constabulary,-2.726046,53.365858,On or near Parking Area,E01012367,Halton 007A,Shoplifting,Under investigation,
fc23447f4a9846ff5925b1cf91bdb09f5c0e687ae5e7dd4e6cbeb61f2e587ee0,2014-05,Cheshire Constabulary,Cheshire Constabulary,-2.725556,53.367083,On or near Farrant Street,E01012367,Halton 007A,Shoplifting,Under investigation,
3137922d1efa5bfb9be48ed9dd95e83b3771eb3ded86dd5a2607bf7244b7cae4,2014-05,Cheshire Constabulary,Cheshire Constabulary,-2.727715,53.368562,On or near Supermarket,E01012367,Halton 007A,Shoplifting,Under investigation,
783df6c7768a0b82f4a1ccd27ab58cb2929ab84b58e2cc1e2475022258f3a3e5,2014-05,Cheshire Constabulary,Cheshire Constabulary,-2.723912,53.367641,On or near Supermarket,E01012367,Halton 007A,Shoplifting,Under investigation,
c72edb93e27e5d72a37128148a7c80347fbb294a357a6e454d97dcf72a6a5530,2014-05,Cheshire Constabulary,Cheshire Constabulary,-2.725556,53.367083,On or near Farrant Street,E01012367,Halton 007A,Theft from the person,Investigation complete; no suspect identified,
9404dcbd4f1d1fb55805248944e66e41ccc4326e8f93dcb5aeda0b9ff8f395fc,2014-05,Cheshire Constabulary,Cheshire Constabulary,-2.730368,53.362847,On or near Vine Street,E01012367,Halton 007A,Theft from the person,Investigation complete; no suspect identified,
b99f1288559f1e4b5c1944f9360aaa57dde1d43409896bd4aff51f3fd6a77658,2014-05,Cheshire Constabulary,Cheshire Constabulary,-2.730368,53.362847,On or near Vine Street,E01012367,Halton 007A,Theft from the person,Investigation complete; no suspect identified,
4c0d5b5afabf070ea337c0ddbff6588180900cf01ff213e3b8b8dc4a155596b6,2014-05,Cheshire Constabulary,Cheshire Constabulary,-2.723912,53.367641,On or near Supermarket,E01012367,Halton 007A,Theft from the person,Investigation complete; no suspect identified,
699479b981e38bf4e2e3eb6c2652b86d27027f9412ce5ec7c86fe0196614e3a1,2014-05,Cheshire Constabulary,Cheshire Constabulary,-2.725556,53.367083,On or near Farrant Street,E01012367,Halton 007A,Vehicle crime,Investigation complete; no suspect identified,
b0ee1f059c94e82c44372c36f5cfe799db7a839894345143cf3cdfd3115a62c2,2014-05,Cheshire Constabulary,Cheshire Constabulary,-2.725448,53.370490,On or near Midland Street,E01012367,Halton 007A,Vehicle crime,Investigation complete; no suspect identified,
dacd1e1b1e1c8ac342bafec6c7e64095e644244bb2eb346b4d9a84098e37adbc,2014-05,Cheshire Constabulary,Cheshire Constabulary,-2.729772,53.370194,On or near Appleton Village,E01012367,Halton 007A,Violence and sexual offences,Under investigation,
84ac61ec8f18be55edd7e4598011d337bf35c891d13fbcb5d65b63b263c45a2c,2014-05,Cheshire Constabulary,Cheshire Constabulary,-2.728799,53.366012,On or near Grenfell Street,E01012367,Halton 007A,Violence and sexual offences,Awaiting court outcome,
ad8a6fbf0934a21896e5ca334967bc0c27e67ee4548ff9a836957e36f513c90b,2014-05,Cheshire Constabulary,Cheshire Constabulary,-2.730368,53.362847,On or near Vine Street,E01012367,Halton 007A,Violence and sexual offences,Under investigation,
,2014-05,Cheshire Constabulary,Cheshire Constabulary,-2.724476,53.371620,On or near Routledge Street,E01012370,Halton 007B,Anti-social behaviour,,
,2014-05,Cheshire Constabulary,Cheshire Constabulary,-2.728563,53.371568,On or near Regent Road,E01012370,Halton 007B,Anti-social behaviour,,
,2014-05,Cheshire Constabulary,Cheshire Constabulary,-2.724627,53.371664,On or near Park Road,E01012370,Halton 007B,Anti-social behaviour,,
,2014-05,Cheshire Constabulary,Cheshire Constabulary,-2.728563,53.371568,On or near Regent Road,E01012370,Halton 007B,Anti-social behaviour,,
,2014-05,Cheshire Constabulary,Cheshire Constabulary,-2.720762,53.370681,On or near Bower Street,E01012370,Halton 007B,Anti-social behaviour,,
,2014-05,Cheshire Constabulary,Cheshire Constabulary,-2.720148,53.370819,On or near Wood Street,E01012370,Halton 007B,Anti-social behaviour,,
,2014-05,Cheshire Constabulary,Cheshire Constabulary,-2.720762,53.370681,On or near Bower Street,E01012370,Halton 007B,Anti-social behaviour,,
,2014-05,Cheshire Constabulary,Cheshire Constabulary,-2.720762,53.370681,On or near Bower Street,E01012370,Halton 007B,Anti-social behaviour,,
,2014-05,Cheshire Constabulary,Cheshire Constabulary,-2.728271,53.372055,On or near Appleton Road,E01012370,Halton 007B,Anti-social behaviour,,
,2014-05,Cheshire Constabulary,Cheshire Constabulary,-2.724627,53.371664,On or near Park Road,E01012370,Halton 007B,Anti-social behaviour,,
,2014-05,Cheshire Constabulary,Cheshire Constabulary,-2.720762,53.370681,On or near Bower Street,E01012370,Halton 007B,Anti-social behaviour,,
37d9e47e6513d7e80ed334b1de169b117e5ae9f12d46f9c02bbd1a7ec47d6191,2014-05,Cheshire Constabulary,Cheshire Constabulary,-2.722341,53.370716,On or near Cross Street,E01012370,Halton 007B,Bicycle theft,Investigation complete; no suspect identified,
83d0b63166d776c4a989cc4e5b7559f870d648dd32a170bc30cb5d8e4b9437ca,2014-05,Cheshire Constabulary,Cheshire Constabulary,-2.728271,53.372055,On or near Appleton Road,E01012370,Halton 007B,Criminal damage and arson,Under investigation,
e10b62b28afbd5eb018cd07361b04c1cb0727a762e53f2290a9d40d8a50d0276,2014-05,Cheshire Constabulary,Cheshire Constabulary,-2.724476,53.371620,On or near Routledge Street,E01012370,Halton 007B,Other theft,Under investigation,
d4fd8701513654a36e3252a94a76e74534dd4b874036f69e6a4210becd144d39,2014-05,Cheshire Constabulary,Cheshire Constabulary,-2.722619,53.371173,On or near Albert Road,E01012370,Halton 007B,Possession of weapons,Awaiting court outcome,
0e86a9d1c5e595c4cb3f19b3772efcae5223d8fb8add9f7ea7181e6c7ff54837,2014-05,Cheshire Constabulary,Cheshire Constabulary,-2.723661,53.372353,On or near Belvoir Road,E01012370,Halton 007B,Vehicle crime,Investigation complete; no suspect identified,
5805fbf4547687f3a62dddb401239ecaf8c315d37ed7e4fb2d2135f2924158bd,2014-05,Cheshire Constabulary,Cheshire Constabulary,-2.726291,53.372301,On or near Lower Appleton Road,E01012370,Halton 007B,Vehicle crime,Under investigation,
cba282ee2cfe4eea3bbb4918302c99f8a07aff698e72c69a722b38d6113a0471,2014-05,Cheshire Constabulary,Cheshire Constabulary,-2.725653,53.371038,On or near Cooper Street,E01012370,Halton 007B,Violence and sexual offences,Investigation complete; no suspect identified,
7e0ec7191bae95c2ce614081b7658e2aa12dd1d09feeb69ea518499c31c0420a,2014-05,Cheshire Constabulary,Cheshire Constabulary,-2.725344,53.371435,On or near Foster Street,E01012370,Halton 007B,Violence and sexual offences,Formal action is not in the public interest,
,2014-05,Cheshire Constabulary,Cheshire Constabulary,-2.738268,53.363472,On or near Rose Crescent,E01012424,Halton 007C,Anti-social behaviour,,
,2014-05,Cheshire Constabulary,Cheshire Constabulary,-2.738268,53.363472,On or near Rose Crescent,E01012424,Halton 007C,Anti-social behaviour,,
,2014-05,Cheshire Constabulary,Cheshire Constabulary,-2.740073,53.363614,On or near Moorside Court,E01012424,Halton 007C,Anti-social behaviour,,
,2014-05,Cheshire Constabulary,Cheshire Constabulary,-2.742410,53.365784,On or near Browning Avenue,E01012424,Halton 007C,Anti-social behaviour,,
,2014-05,Cheshire Constabulary,Cheshire Constabulary,-2.742410,53.365784,On or near Browning Avenue,E01012424,Halton 007C,Anti-social behaviour,,
,2014-05,Cheshire Constabulary,Cheshire Constabulary,-2.730753,53.365155,On or near Supermarket,E01012424,Halton 007C,Anti-social behaviour,,
,2014-05,Cheshire Constabulary,Cheshire Constabulary,-2.730753,53.365155,On or near Supermarket,E01012424,Halton 007C,Anti-social behaviour,,
,2014-05,Cheshire Constabulary,Cheshire Constabulary,-2.741071,53.365711,On or near Masefield Avenue,E01012424,Halton 007C,Anti-social behaviour,,
,2014-05,Cheshire Constabulary,Cheshire Constabulary,-2.738913,53.362570,On or near Egypt Street,E01012424,Halton 007C,Anti-social behaviour,,
,2014-05,Cheshire Constabulary,Cheshire Constabulary,-2.740223,53.361842,On or near Moor Lane,E01012424,Halton 007C,Anti-social behaviour,,
,2014-05,Cheshire Constabulary,Cheshire Constabulary,-2.741071,53.365711,On or near Masefield Avenue,E01012424,Halton 007C,Anti-social behaviour,,
,2014-05,Cheshire Constabulary,Cheshire Constabulary,-2.733267,53.361930,On or near Victoria Road,E01012424,Halton 007C,Anti-social behaviour,,
,2014-05,Cheshire Constabulary,Cheshire Constabulary,-2.730753,53.365155,On or near Supermarket,E01012424,Halton 007C,Anti-social behaviour,,
,2014-05,Cheshire Constabulary,Cheshire Constabulary,-2.742410,53.365784,On or near Browning Avenue,E01012424,Halton 007C,Anti-social behaviour,,
,2014-05,Cheshire Constabulary,Cheshire Constabulary,-2.740073,53.363614,On or near Moorside Court,E01012424,Halton 007C,Anti-social behaviour,,
,2014-05,Cheshire Constabulary,Cheshire Constabulary,-2.736704,53.365163,On or near Cameron Road,E01012424,Halton 007C,Anti-social behaviour,,
,2014-05,Cheshire Constabulary,Cheshire Constabulary,-2.737144,53.362796,On or near Millar Crescent,E01012424,Halton 007C,Anti-social behaviour,,
,2014-05,Cheshire Constabulary,Cheshire Constabulary,-2.742410,53.365784,On or near Browning Avenue,E01012424,Halton 007C,Anti-social behaviour,,
,2014-05,Cheshire Constabulary,Cheshire Constabulary,-2.742410,53.365784,On or near Browning Avenue,E01012424,Halton 007C,Anti-social behaviour,,
,2014-05,Cheshire Constabulary,Cheshire Constabulary,-2.741579,53.366391,On or near Wordsworth Avenue,E01012424,Halton 007C,Anti-social behaviour,,
0b22dd95abbffa679aae1207e7f09e1c85acb2eb27fab6765430045ffd4d8768,2014-05,Cheshire Constabulary,Cheshire Constabulary,-2.730753,53.365155,On or near Supermarket,E01012424,Halton 007C,Bicycle theft,Investigation complete; no suspect identified,
0195885405975c92196ddc4f5978f3627748328f67dc767b19332a162bf4f276,2014-05,Cheshire Constabulary,Cheshire Constabulary,-2.742410,53.365784,On or near Browning Avenue,E01012424,Halton 007C,Bicycle theft,Investigation complete; no suspect identified,
8552eccb2e69b7b946e1af6cd9803962f345f7c5d63aafd81981de85c5dbae5e,2014-05,Cheshire Constabulary,Cheshire Constabulary,-2.730753,53.365155,On or near Supermarket,E01012424,Halton 007C,Bicycle theft,Investigation complete; no suspect identified,
d846e47e92025ff36e5a7c082e74d2d3de8f83dbc9ac5734bd7f97f51fd98359,2014-05,Cheshire Constabulary,Cheshire Constabulary,-2.730753,53.365155,On or near Supermarket,E01012424,Halton 007C,Bicycle theft,Investigation complete; no suspect identified,
15a88f6e06c0f37eb38f1a7068e8cbae74208436d14267d8271e86c38bea7316,2014-05,Cheshire Constabulary,Cheshire Constabulary,-2.734745,53.363962,On or near Further/Higher Educational Building,E01012424,Halton 007C,Burglary,Investigation complete; no suspect identified,
252fbdb5c481e6c6dd75cab90a09b9339843e8ba6eaf25c4792d0b20a523ec78,2014-05,Cheshire Constabulary,Cheshire Constabulary,-2.742410,53.365784,On or near Browning Avenue,E01012424,Halton 007C,Criminal damage and arson,Under investigation,
57c16ec78b629b784ab95f3a3928b1e6fba7a033d8c59f6b782e238dd3dc1c44,2014-05,Cheshire Constabulary,Cheshire Constabulary,-2.742652,53.365009,On or near Milton Avenue,E01012424,Halton 007C,Criminal damage and arson,Under investigation,
4fd30d2728ae3c69d65089fb739812683dce4aeccf7e1674937dc32923fd076c,2014-05,Cheshire Constabulary,Cheshire Constabulary,-2.733267,53.361930,On or near Victoria Road,E01012424,Halton 007C,Criminal damage and arson,Investigation complete; no suspect identified,
c6ee72781fd90b8527459823ca04e5f8c80e38b5cc4fc0d279f6cdb24256764d,2014-05,Cheshire Constabulary,Cheshire Constabulary,-2.736704,53.365163,On or near Cameron Road,E01012424,Halton 007C,Criminal damage and arson,Unable to prosecute suspect,
c1097bd14c6c3d953ad1e6211b20b3b51bb603a5ceb880ef81b60ef105820630,2014-05,Cheshire Constabulary,Cheshire Constabulary,-2.730753,53.365155,On or near Supermarket,E01012424,Halton 007C,Other theft,Investigation complete; no suspect identified,
40251eff4dd9c73605a6134373c27ec4921684522c06f5d25689b67b823758c3,2014-05,Cheshire Constabulary,Cheshire Constabulary,-2.736992,53.363579,On or near Lewis Crescent,E01012424,Halton 007C,Public order,Under investigation,
7a8cb082f0fbc8f6240c5089e3a554e169fde708b134a3903c41fe88ed168616,2014-05,Cheshire Constabulary,Cheshire Constabulary,-2.739058,53.364879,On or near Parking Area,E01012424,Halton 007C,Robbery,Under investigation,
20f2c6f3123d1b859be62e2ebeef9fccc69354631dd71542930a2ebaa39503fe,2014-05,Cheshire Constabulary,Cheshire Constabulary,-2.730753,53.365155,On or near Supermarket,E01012424,Halton 007C,Shoplifting,Offender given community sentence,
20e644a4a9abf447eba78952434f284ec09c1d79391a158fa53d42d9357dde54,2014-05,Cheshire Constabulary,Cheshire Constabulary,-2.736992,53.363579,On or near Lewis Crescent,E01012424,Halton 007C,Shoplifting,Under investigation,
2aeeb78fa904f39847958f7f022dd1e0a2945321b847f8252b55806d3918c448,2014-05,Cheshire Constabulary,Cheshire Constabulary,-2.730753,53.365155,On or near Supermarket,E01012424,Halton 007C,Shoplifting,Awaiting court outcome,
b32bba45aa3a5e6c880b8d9c203f9a5628920e4d98f0acc2c6915f4c3c026ba8,2014-05,Cheshire Constabulary,Cheshire Constabulary,-2.730753,53.365155,On or near Supermarket,E01012424,Halton 007C,Shoplifting,Awaiting court outcome,
4b57a289456c835fd9eeb4d99c0e315d28da01025b83c69702e0ee135eced392,2014-05,Cheshire Constabulary,Cheshire Constabulary,-2.730753,53.365155,On or near Supermarket,E01012424,Halton 007C,Shoplifting,Awaiting court outcome,
b724b015cc145e9873195fae6d4979bbf774cf44fb21c6cad20c692ff35be756,2014-05,Cheshire Constabulary,Cheshire Constabulary,-2.730753,53.365155,On or near Supermarket,E01012424,Halton 007C,Shoplifting,Investigation complete; no suspect identified,
507b83ab16458fce0e76082d00175e564918e73ee5b6d15d51a50d1480645cbb,2014-05,Cheshire Constabulary,Cheshire Constabulary,-2.730753,53.365155,On or near Supermarket,E01012424,Halton 007C,Shoplifting,Offender sent to prison,
c0af35ab67463675416a09cf138f655d11822628ff36ce5175ebb3111d3398ce,2014-05,Cheshire Constabulary,Cheshire Constabulary,-2.738913,53.362570,On or near Egypt Street,E01012424,Halton 007C,Theft from the person,Under investigation,
5760a11a3fb1c0cb13969c819e077a54ba9a1cd866aead6823ecc67ca1126d89,2014-05,Cheshire Constabulary,Cheshire Constabulary,-2.742410,53.365784,On or near Browning Avenue,E01012424,Halton 007C,Violence and sexual offences,Investigation complete; no suspect identified,
0f61267af24faf74e5f9207978824c6e31daeda11955c7b86877a7e1a2160f28,2014-05,Cheshire Constabulary,Cheshire Constabulary,-2.742410,53.365784,On or near Browning Avenue,E01012424,Halton 007C,Violence and sexual offences,Investigation complete; no suspect identified,
1451f55a4d68c7929fc750e79ee7c524b97246f738b3d73c8a3fd322d8947f04,2014-05,Cheshire Constabulary,Cheshire Constabulary,-2.739979,53.362536,On or near Smith Road,E01012424,Halton 007C,Violence and sexual offences,Formal action is not in the public interest,
814ff9e6b692fd3052240020fbe575f14a0529b61b61dd69fe40ca065dff9df8,2014-05,Cheshire Constabulary,Cheshire Constabulary,-2.742652,53.365009,On or near Milton Avenue,E01012424,Halton 007C,Violence and sexual offences,Unable to prosecute suspect,
95ede087ed0764281b7c85670d7bd3322863e78b40a34c3d1fec1766a8c68084,2014-05,Cheshire Constabulary,Cheshire Constabulary,-2.734745,53.363962,On or near Further/Higher Educational Building,E01012424,Halton 007C,Other crime,Awaiting court outcome,
,2014-05,Cheshire Constabulary,Cheshire Constabulary,-2.735426,53.352047,On or near Church Street,E01012441,Halton 007D,Anti-social behaviour,,
,2014-05,Cheshire Constabulary,Cheshire Constabulary,-2.734059,53.359948,On or near Guest Street,E01012441,Halton 007D,Anti-social behaviour,,
,2014-05,Cheshire Constabulary,Cheshire Constabulary,-2.734423,53.349653,On or near Irwell Street,E01012441,Halton 007D,Anti-social behaviour,,
,2014-05,Cheshire Constabulary,Cheshire Constabulary,-2.730336,53.361004,On or near Lacey Court,E01012441,Halton 007D,Anti-social behaviour,,
,2014-05,Cheshire Constabulary,Cheshire Constabulary,-2.730126,53.361914,On or near Major Cross Street,E01012441,Halton 007D,Anti-social behaviour,,
,2014-05,Cheshire Constabulary,Cheshire Constabulary,-2.730126,53.361914,On or near Major Cross Street,E01012441,Halton 007D,Anti-social behaviour,,
,2014-05,Cheshire Constabulary,Cheshire Constabulary,-2.730126,53.361914,On or near Major Cross Street,E01012441,Halton 007D,Anti-social behaviour,,
,2014-05,Cheshire Constabulary,Cheshire Constabulary,-2.735965,53.359765,On or near Violet Street,E01012441,Halton 007D,Anti-social behaviour,,
,2014-05,Cheshire Constabulary,Cheshire Constabulary,-2.729974,53.361780,On or near Margaret Court,E01012441,Halton 007D,Anti-social behaviour,,
,2014-05,Cheshire Constabulary,Cheshire Constabulary,-2.732354,53.361235,On or near Market Street,E01012441,Halton 007D,Anti-social behaviour,,
,2014-05,Cheshire Constabulary,Cheshire Constabulary,-2.733328,53.349732,On or near Davies Close,E01012441,Halton 007D,Anti-social behaviour,,
,2014-05,Cheshire Constabulary,Cheshire Constabulary,-2.730126,53.361914,On or near Major Cross Street,E01012441,Halton 007D,Anti-social behaviour,,
,2014-05,Cheshire Constabulary,Cheshire Constabulary,-2.724649,53.363232,On or near Shopping Area,E01012441,Halton 007D,Anti-social behaviour,,
,2014-05,Cheshire Constabulary,Cheshire Constabulary,-2.730969,53.361099,On or near Alforde Street,E01012441,Halton 007D,Anti-social behaviour,,
,2014-05,Cheshire Constabulary,Cheshire Constabulary,-2.732354,53.361235,On or near Market Street,E01012441,Halton 007D,Anti-social behaviour,,
,2014-05,Cheshire Constabulary,Cheshire Constabulary,-2.732354,53.361235,On or near Market Street,E01012441,Halton 007D,Anti-social behaviour,,
,2014-05,Cheshire Constabulary,Cheshire Constabulary,-2.732354,53.361235,On or near Market Street,E01012441,Halton 007D,Anti-social behaviour,,
,2014-05,Cheshire Constabulary,Cheshire Constabulary,-2.728778,53.360385,On or near Sutton'S Lane,E01012441,Halton 007D,Anti-social behaviour,,
,2014-05,Cheshire Constabulary,Cheshire Constabulary,-2.730623,53.353200,On or near Park/Open Space,E01012441,Halton 007D,Anti-social behaviour,,
,2014-05,Cheshire Constabulary,Cheshire Constabulary,-2.738891,53.359558,On or near Ashley Way West,E01012441,Halton 007D,Anti-social behaviour,,
,2014-05,Cheshire Constabulary,Cheshire Constabulary,-2.733996,53.361530,On or near Victoria Road,E01012441,Halton 007D,Anti-social behaviour,,
,2014-05,Cheshire Constabulary,Cheshire Constabulary,-2.730126,53.361914,On or near Major Cross Street,E01012441,Halton 007D,Anti-social behaviour,,
,2014-05,Cheshire Constabulary,Cheshire Constabulary,-2.719947,53.362434,On or near Mulberry Avenue,E01012441,Halton 007D,Anti-social behaviour,,
,2014-05,Cheshire Constabulary,Cheshire Constabulary,-2.729974,53.361780,On or near Margaret Court,E01012441,Halton 007D,Anti-social behaviour,,
,2014-05,Cheshire Constabulary,Cheshire Constabulary,-2.730343,53.359647,On or near Ashley Way,E01012441,Halton 007D,Anti-social behaviour,,
,2014-05,Cheshire Constabulary,Cheshire Constabulary,-2.732354,53.361235,On or near Market Street,E01012441,Halton 007D,Anti-social behaviour,,
,2014-05,Cheshire Constabulary,Cheshire Constabulary,-2.728778,53.360385,On or near Sutton'S Lane,E01012441,Halton 007D,Anti-social behaviour,,
b52b54c15e71e40d0f2a8f5a6add595ea1f740d67ae9d4e34c87f8c4f28e6e0e,2014-05,Cheshire Constabulary,Cheshire Constabulary,-2.733965,53.349216,On or near Bridge View Close,E01012441,Halton 007D,Bicycle theft,Under investigation,
fcd6bb28bbe46fe8898ed8a12c42aa4fbe89ea64eab4648aad209534424fc034,2014-05,Cheshire Constabulary,Cheshire Constabulary,-2.736420,53.353084,On or near West Bank Street,E01012441,Halton 007D,Bicycle theft,Investigation complete; no suspect identified,
fa871d010ed672135e39002abd135a1220d856553b71f62a4c528bb30c0364e1,2014-05,Cheshire Constabulary,Cheshire Constabulary,-2.735426,53.352047,On or near Church Street,E01012441,Halton 007D,Bicycle theft,Investigation complete; no suspect identified,
56b8e93f54be559e178aa3d94705be481d7e2819aef3f86ea8dd5e1819c08a1d,2014-05,Cheshire Constabulary,Cheshire Constabulary,-2.734287,53.356558,On or near Barn Street,E01012441,Halton 007D,Burglary,Under investigation,
33d08d683737e6f63a20d1748a2c03aa23e7bce755619c9080fc75c802c83f9d,2014-05,Cheshire Constabulary,Cheshire Constabulary,-2.735192,53.350682,On or near Wright Crescent,E01012441,Halton 007D,Burglary,Investigation complete; no suspect identified,
b755420b8c8a9cb4a46f1782484b0e8c939b132b45d3111646ecaa08ce9546c1,2014-05,Cheshire Constabulary,Cheshire Constabulary,-2.719947,53.362434,On or near Mulberry Avenue,E01012441,Halton 007D,Burglary,Investigation complete; no suspect identified,
1ebe5c4f1beef014d46758f196fa5f103ba1a59bb9b30c755bcf6226607f647d,2014-05,Cheshire Constabulary,Cheshire Constabulary,-2.734482,53.360026,On or near Parking Area,E01012441,Halton 007D,Criminal damage and arson,Investigation complete; no suspect identified,
e4535ea089ec5e92e13066391b2be79ca1e55fa555da4ce9108ae7a339bc4875,2014-05,Cheshire Constabulary,Cheshire Constabulary,-2.719313,53.364946,On or near Fiddlers Ferry Road,E01012441,Halton 007D,Criminal damage and arson,Investigation complete; no suspect identified,
9ff281b867b42a0a62517c6b05eb62b1f6015c7083bb7f3780816ca26ab420f4,2014-05,Cheshire Constabulary,Cheshire Constabulary,-2.732381,53.350592,On or near Terrace Road,E01012441,Halton 007D,Criminal damage and arson,Investigation complete; no suspect identified,
f7037ffdf352808234acacdb712196a6f9888e45dd3ea2a6445f555e75e3551f,2014-05,Cheshire Constabulary,Cheshire Constabulary,-2.735861,53.351110,On or near Wilkinson Close,E01012441,Halton 007D,Criminal damage and arson,Investigation complete; no suspect identified,
f39113bbcb945ca963945c9c1ed8c1861c0ea965f545d2229afb79e841626c36,2014-05,Cheshire Constabulary,Cheshire Constabulary,-2.732354,53.361235,On or near Market Street,E01012441,Halton 007D,Drugs,Offender fined,
56ef3212b48a8c2acef67df9b35d417fc1c076875a3d9a24db2b106abee12ee9,2014-05,Cheshire Constabulary,Cheshire Constabulary,-2.730336,53.361004,On or near Lacey Court,E01012441,Halton 007D,Other theft,Under investigation,
c799d9b0c4e2ee512f74bc0aa60f9ebce85ab5861b37a186c67b2a49499cdfdb,2014-05,Cheshire Constabulary,Cheshire Constabulary,-2.736420,53.353084,On or near West Bank Street,E01012441,Halton 007D,Other theft,Investigation complete; no suspect identified,
a6fde277867046e896396734af6ba9aec10d1f97bd4fd4f7f0ec6703fb29257c,2014-05,Cheshire Constabulary,Cheshire Constabulary,-2.724649,53.363232,On or near Shopping Area,E01012441,Halton 007D,Other theft,Under investigation,
bcb3915d6ecdc2290f1f4967d2a2d16a6c5e9a819949445f25685d5e7d56a2a1,2014-05,Cheshire Constabulary,Cheshire Constabulary,-2.734971,53.348293,On or near Hurst Street,E01012441,Halton 007D,Other theft,Investigation complete; no suspect identified,
4d618b095bf96d629476b36c0a82b89dc1210bb1e86c77ace4fffcba82d1e7eb,2014-05,Cheshire Constabulary,Cheshire Constabulary,-2.719313,53.364946,On or near Fiddlers Ferry Road,E01012441,Halton 007D,Other theft,Under investigation,
ce507530083e5cb656faf9bf5b25548de68ee405ea1add1ae38bf01c0c5b2b3a,2014-05,Cheshire Constabulary,Cheshire Constabulary,-2.732947,53.360800,On or near Darlington Court,E01012441,Halton 007D,Other theft,Under investigation,
05f65b6a4515a5898191e27b2744727da66375a48c0690444798493f2b189bd9,2014-05,Cheshire Constabulary,Cheshire Constabulary,-2.738891,53.359558,On or near Ashley Way West,E01012441,Halton 007D,Possession of weapons,Offender given community sentence,
1164c56fca64bc0d8beedd5e6acb28c60d3071626d1e5bd50df6337097ffa645,2014-05,Cheshire Constabulary,Cheshire Constabulary,-2.733656,53.360975,On or near Luton Street,E01012441,Halton 007D,Possession of weapons,Under investigation,
36026edffeec2f7b36f767e216b7a75e43010c46f2461cb8e0da273294902667,2014-05,Cheshire Constabulary,Cheshire Constabulary,-2.724649,53.363232,On or near Shopping Area,E01012441,Halton 007D,Public order,Offender given a caution,
dd77a21ff614eeea1e44f34886074af694bf35c15fa319ce2019dd8515b8a781,2014-05,Cheshire Constabulary,Cheshire Constabulary,-2.730126,53.361914,On or near Major Cross Street,E01012441,Halton 007D,Public order,Offender given conditional discharge,
86f09eea55b70b68ba058c98a43f1a700d1dc35dbc3a55def07ab24546578c7e,2014-05,Cheshire Constabulary,Cheshire Constabulary,-2.730126,53.361914,On or near Major Cross Street,E01012441,Halton 007D,Public order,Offender given a caution,
0720e84d1b0231c9a9941c0bcb54e443cd865a1441849851f04027b69d8da4d2,2014-05,Cheshire Constabulary,Cheshire Constabulary,-2.719947,53.362434,On or near Mulberry Avenue,E01012441,Halton 007D,Shoplifting,Under investigation,
2f50752ea791e6c393f61d5ace33df019188e3f909d6d9958a52c501ff212f52,2014-05,Cheshire Constabulary,Cheshire Constabulary,-2.719313,53.364946,On or near Fiddlers Ferry Road,E01012441,Halton 007D,Shoplifting,Under investigation,
a66d627e38bdac3323786192f16f8e24163a305e37728b43c6db9093f643be92,2014-05,Cheshire Constabulary,Cheshire Constabulary,-2.719313,53.364946,On or near Fiddlers Ferry Road,E01012441,Halton 007D,Shoplifting,Under investigation,
1d8644f76e2e8db0f8a556113e8af48629326cafe8bed8a12dcff04479e04530,2014-05,Cheshire Constabulary,Cheshire Constabulary,-2.724649,53.363232,On or near Shopping Area,E01012441,Halton 007D,Shoplifting,Under investigation,
7f7a6676f428d782eb41b816bd7f6d0971fecf4c229211101d3660515818e0fe,2014-05,Cheshire Constabulary,Cheshire Constabulary,-2.730126,53.361914,On or near Major Cross Street,E01012441,Halton 007D,Violence and sexual offences,Under investigation,
fb2b95e56d50abd3c4d9857e751a7622bb5b880c4fe9864ecfc9691fc5e8b1b5,2014-05,Cheshire Constabulary,Cheshire Constabulary,-2.730623,53.353200,On or near Park/Open Space,E01012441,Halton 007D,Violence and sexual offences,Investigation complete; no suspect identified,
75d2aea57fd19350f134483b4c674bb536005888c0dd6d516a51aebdf8033870,2014-05,Cheshire Constabulary,Cheshire Constabulary,-2.730336,53.361004,On or near Lacey Court,E01012441,Halton 007D,Violence and sexual offences,Offender given a caution,
d47e0cdc58c5b891677acf48841fe7e42ac51528354fd6778dcb35022c975476,2014-05,Cheshire Constabulary,Cheshire Constabulary,-2.734482,53.360026,On or near Parking Area,E01012441,Halton 007D,Violence and sexual offences,Unable to prosecute suspect,
66da8c7c481bc350bdc796d81337a11a1a45e52ed22d0cf7dd5b17e956358ef9,2014-05,Cheshire Constabulary,Cheshire Constabulary,-2.733996,53.361530,On or near Victoria Road,E01012441,Halton 007D,Violence and sexual offences,Under investigation,
a0620a19b3f16794faafcd77cec7b22df1347dcd40a79dc9df9a60166f389819,2014-05,Cheshire Constabulary,Cheshire Constabulary,-2.732354,53.361235,On or near Market Street,E01012441,Halton 007D,Violence and sexual offences,Awaiting court outcome,
86d5ba9ffdd3b09189a6cc06f411a2f1ccc22d44daaa9c4cd71751c25c21c444,2014-05,Cheshire Constabulary,Cheshire Constabulary,-2.732354,53.361235,On or near Market Street,E01012441,Halton 007D,Violence and sexual offences,Under investigation,
35389254fc95f743cafdae845022c59f6fed9bbd5b4d27d15da7b85f525e85c8,2014-05,Cheshire Constabulary,Cheshire Constabulary,-2.733996,53.361530,On or near Victoria Road,E01012441,Halton 007D,Violence and sexual offences,Formal action is not in the public interest,
,2014-05,Cheshire Constabulary,Cheshire Constabulary,-2.777357,53.371089,On or near Meadway,E01012389,Halton 008A,Anti-social behaviour,,
,2014-05,Cheshire Constabulary,Cheshire Constabulary,-2.780574,53.370331,On or near Spinney Avenue,E01012389,Halton 008A,Anti-social behaviour,,
,2014-05,Cheshire Constabulary,Cheshire Constabulary,-2.778007,53.364685,On or near Oakfield Drive,E01012389,Halton 008A,Anti-social behaviour,,
,2014-05,Cheshire Constabulary,Cheshire Constabulary,-2.778007,53.364685,On or near Oakfield Drive,E01012389,Halton 008A,Anti-social behaviour,,
,2014-05,Cheshire Constabulary,Cheshire Constabulary,-2.778592,53.363827,On or near Lakeside Close,E01012389,Halton 008A,Anti-social behaviour,,
,2014-05,Cheshire Constabulary,Cheshire Constabulary,-2.779519,53.366015,On or near Clincton View,E01012389,Halton 008A,Anti-social behaviour,,
,2014-05,Cheshire Constabulary,Cheshire Constabulary,-2.779186,53.370035,On or near Broadway,E01012389,Halton 008A,Anti-social behaviour,,
8aa92d963bdedae9054d779fdb218bcf6b2106c1bea9669b957d28ae85c0549b,2014-05,Cheshire Constabulary,Cheshire Constabulary,-2.780574,53.370331,On or near Spinney Avenue,E01012389,Halton 008A,Bicycle theft,Investigation complete; no suspect identified,
3a6531ed434195565b0f07da6c4aa9b170227a14d0435899598fd24d0b0b5c52,2014-05,Cheshire Constabulary,Cheshire Constabulary,-2.776171,53.363735,On or near Brackenwood Drive,E01012389,Halton 008A,Burglary,Under investigation,
da024ead97e82475f5cd91c3c494cdd36aa264955522fd7f0292f2db62248250,2014-05,Cheshire Constabulary,Cheshire Constabulary,-2.778383,53.367173,On or near Woodview Crescent,E01012389,Halton 008A,Burglary,Investigation complete; no suspect identified,
0c6bbae9aaa2804a9f9cb40d6c8be0d34c89eee20de5959e5800df189c34cb90,2014-05,Cheshire Constabulary,Cheshire Constabulary,-2.778007,53.364685,On or near Oakfield Drive,E01012389,Halton 008A,Drugs,Under investigation,
,2014-05,Cheshire Constabulary,Cheshire Constabulary,-2.763973,53.362259,On or near Parking Area,E01012391,Halton 008B,Anti-social behaviour,,
,2014-05,Cheshire Constabulary,Cheshire Constabulary,-2.763973,53.362259,On or near Parking Area,E01012391,Halton 008B,Anti-social behaviour,,
,2014-05,Cheshire Constabulary,Cheshire Constabulary,-2.763973,53.362259,On or near Parking Area,E01012391,Halton 008B,Anti-social behaviour,,
,2014-05,Cheshire Constabulary,Cheshire Constabulary,-2.771058,53.354375,On or near Lovel Terrace,E01012391,Halton 008B,Anti-social behaviour,,
,2014-05,Cheshire Constabulary,Cheshire Constabulary,-2.769830,53.355417,On or near Harrison Street,E01012391,Halton 008B,Anti-social behaviour,,
,2014-05,Cheshire Constabulary,Cheshire Constabulary,-2.763973,53.362259,On or near Parking Area,E01012391,Halton 008B,Anti-social behaviour,,
,2014-05,Cheshire Constabulary,Cheshire Constabulary,-2.763973,53.362259,On or near Parking Area,E01012391,Halton 008B,Anti-social behaviour,,
,2014-05,Cheshire Constabulary,Cheshire Constabulary,-2.768948,53.353193,On or near Palmarsh Road,E01012391,Halton 008B,Anti-social behaviour,,
,2014-05,Cheshire Constabulary,Cheshire Constabulary,-2.766680,53.362403,On or near Wyncroft Road,E01012391,Halton 008B,Anti-social behaviour,,
,2014-05,Cheshire Constabulary,Cheshire Constabulary,-2.771058,53.354375,On or near Lovel Terrace,E01012391,Halton 008B,Anti-social behaviour,,
,2014-05,Cheshire Constabulary,Cheshire Constabulary,-2.768948,53.353193,On or near Palmarsh Road,E01012391,Halton 008B,Anti-social behaviour,,
,2014-05,Cheshire Constabulary,Cheshire Constabulary,-2.768502,53.352621,On or near Foundry Lane,E01012391,Halton 008B,Anti-social behaviour,,
,2014-05,Cheshire Constabulary,Cheshire Constabulary,-2.771058,53.354375,On or near Lovel Terrace,E01012391,Halton 008B,Anti-social behaviour,,
,2014-05,Cheshire Constabulary,Cheshire Constabulary,-2.768502,53.352621,On or near Foundry Lane,E01012391,Halton 008B,Anti-social behaviour,,
,2014-05,Cheshire Constabulary,Cheshire Constabulary,-2.762773,53.359894,On or near St Michael'S Close,E01012391,Halton 008B,Anti-social behaviour,,
62640e132360acf1548b21ca95a33482865072707de1c3b288b987b8d3848484,2014-05,Cheshire Constabulary,Cheshire Constabulary,-2.775141,53.349198,On or near Cock Lane Ends,E01012391,Halton 008B,Burglary,Under investigation,
1ec1c25af9d54dfab801a12d4820d5c3825650a40793f25e3472536aaa8c30ba,2014-05,Cheshire Constabulary,Cheshire Constabulary,-2.772641,53.353844,On or near Clap Gate Crescent,E01012391,Halton 008B,Burglary,Investigation complete; no suspect identified,
e22bdbd44b2ae71636ebaf41f97a44fb18b2fee40d5bbf6504b3f0b13563abb2,2014-05,Cheshire Constabulary,Cheshire Constabulary,-2.763973,53.362259,On or near Parking Area,E01012391,Halton 008B,Criminal damage and arson,Investigation complete; no suspect identified,
d99d6d2c6f2d302f797691accf84acbb9e59bc8422a73b6cce87739b6670a484,2014-05,Cheshire Constabulary,Cheshire Constabulary,-2.763973,53.362259,On or near Parking Area,E01012391,Halton 008B,Criminal damage and arson,Investigation complete; no suspect identified,
02837fbe2715be47b3063f4e31581ca1e5a4570796818af9fc50adb462c91e80,2014-05,Cheshire Constabulary,Cheshire Constabulary,-2.775141,53.349198,On or near Cock Lane Ends,E01012391,Halton 008B,Drugs,Under investigation,
809e04a2fe2c3582b8334b16cf8d9e7c667ae2dac1048be2653989966cb1ed2c,2014-05,Cheshire Constabulary,Cheshire Constabulary,-2.775141,53.349198,On or near Cock Lane Ends,E01012391,Halton 008B,Other theft,Investigation complete; no suspect identified,
312b46e2c508b3a51c9a147160606df58ff42b0dfdc92f3e1a4b488dbf70ff15,2014-05,Cheshire Constabulary,Cheshire Constabulary,-2.775907,53.359962,On or near Speke Road,E01012391,Halton 008B,Other theft,Investigation complete; no suspect identified,
2d8471fc1b8dbbe409eb8cbdab9d82c65376d086212e63757f1c28ecc1ef4cb8,2014-05,Cheshire Constabulary,Cheshire Constabulary,-2.775141,53.349198,On or near Cock Lane Ends,E01012391,Halton 008B,Shoplifting,Investigation complete; no suspect identified,
40dc2acc4f98995e5c712e11c118d499e9445b0775c63e83592d5c7a74649b73,2014-05,Cheshire Constabulary,Cheshire Constabulary,-2.775141,53.349198,On or near Cock Lane Ends,E01012391,Halton 008B,Shoplifting,Under investigation,
8e0096c40f39f860510fd738955dcc92c344d2e00d12198d55d37cb064bbd77a,2014-05,Cheshire Constabulary,Cheshire Constabulary,-2.763973,53.362259,On or near Parking Area,E01012391,Halton 008B,Violence and sexual offences,Under investigation,
188948ecb1d3978aebbb0489a6ca4ee0ced180aabbe262c2584af6305f01138c,2014-05,Cheshire Constabulary,Cheshire Constabulary,-2.777892,53.350151,On or near Kenview Close,E01012391,Halton 008B,Violence and sexual offences,Under investigation,
,2014-05,Cheshire Constabulary,Cheshire Constabulary,-2.797166,53.337241,On or near Wellington Gate,E01012401,Halton 008C,Anti-social behaviour,,
,2014-05,Cheshire Constabulary,Cheshire Constabulary,-2.803382,53.337955,On or near Bandon Close,E01012401,Halton 008C,Anti-social behaviour,,
,2014-05,Cheshire Constabulary,Cheshire Constabulary,-2.799334,53.336751,On or near Holly Close,E01012401,Halton 008C,Anti-social behaviour,,
,2014-05,Cheshire Constabulary,Cheshire Constabulary,-2.800080,53.338094,On or near Ennis Close,E01012401,Halton 008C,Anti-social behaviour,,
,2014-05,Cheshire Constabulary,Cheshire Constabulary,-2.794843,53.337536,On or near Hoghton Road,E01012401,Halton 008C,Anti-social behaviour,,
,2014-05,Cheshire Constabulary,Cheshire Constabulary,-2.802019,53.335798,On or near High Street,E01012401,Halton 008C,Anti-social behaviour,,
4da0b9dbe6132465bec85dee3423b70d721099825f5622cc27e9e1afa6529de2,2014-05,Cheshire Constabulary,Cheshire Constabulary,-2.823837,53.334867,On or near Bailey'S Lane,E01012401,Halton 008C,Burglary,Under investigation,
348fe352980bd7323d3a660ac565ec10146d4d299408e1cf48814a831390c5d2,2014-05,Cheshire Constabulary,Cheshire Constabulary,-2.814076,53.336435,On or near Hale Road,E01012401,Halton 008C,Burglary,Investigation complete; no suspect identified,
359b5e2da217146674a49a2b143d6f29249f0060c60c67aa157cb59a20872882,2014-05,Cheshire Constabulary,Cheshire Constabulary,-2.799977,53.335002,On or near Carriage Close,E01012401,Halton 008C,Criminal damage and arson,Investigation complete; no suspect identified,
8ff46d6585883dad5122a8136e61b17b20cd51de3cdc25c5d4d7d64abb2a3c5d,2014-05,Cheshire Constabulary,Cheshire Constabulary,-2.823837,53.334867,On or near Bailey'S Lane,E01012401,Halton 008C,Vehicle crime,Under investigation,
2c5742694e09be142dd1a98919113c9cb141f29795cc66a6ee7d8c2aabd3ff01,2014-05,Cheshire Constabulary,Cheshire Constabulary,-2.794805,53.330605,On or near Church Road,E01012401,Halton 008C,Vehicle crime,Investigation complete; no suspect identified,
74b8fa1a9bfa68d4e4dfaf1f476de6d42290d4ea6136bd55296c8ef43bac286f,2014-05,Cheshire Constabulary,Cheshire Constabulary,-2.823837,53.334867,On or near Bailey'S Lane,E01012401,Halton 008C,Vehicle crime,Investigation complete; no suspect identified,
bec00a54ded9b2ccdb79dc503d6be459facc75ddbf9cf162c300f365474e61d9,2014-05,Cheshire Constabulary,Cheshire Constabulary,-2.799533,53.336129,On or near Pepper Street,E01012401,Halton 008C,Violence and sexual offences,Unable to prosecute suspect,
,2014-05,Cheshire Constabulary,Cheshire Constabulary,-2.759307,53.363538,On or near Buckland Close,E01012443,Halton 008D,Anti-social behaviour,,
,2014-05,Cheshire Constabulary,Cheshire Constabulary,-2.759307,53.363538,On or near Buckland Close,E01012443,Halton 008D,Anti-social behaviour,,
,2014-05,Cheshire Constabulary,Cheshire Constabulary,-2.759307,53.363538,On or near Buckland Close,E01012443,Halton 008D,Anti-social behaviour,,
,2014-05,Cheshire Constabulary,Cheshire Constabulary,-2.753436,53.364654,On or near Alverton Close,E01012443,Halton 008D,Anti-social behaviour,,
,2014-05,Cheshire Constabulary,Cheshire Constabulary,-2.759307,53.363538,On or near Buckland Close,E01012443,Halton 008D,Anti-social behaviour,,
,2014-05,Cheshire Constabulary,Cheshire Constabulary,-2.759307,53.363538,On or near Buckland Close,E01012443,Halton 008D,Anti-social behaviour,,
,2014-05,Cheshire Constabulary,Cheshire Constabulary,-2.759307,53.363538,On or near Buckland Close,E01012443,Halton 008D,Anti-social behaviour,,
,2014-05,Cheshire Constabulary,Cheshire Constabulary,-2.759307,53.363538,On or near Buckland Close,E01012443,Halton 008D,Anti-social behaviour,,
,2014-05,Cheshire Constabulary,Cheshire Constabulary,-2.759307,53.363538,On or near Buckland Close,E01012443,Halton 008D,Anti-social behaviour,,
,2014-05,Cheshire Constabulary,Cheshire Constabulary,-2.759307,53.363538,On or near Buckland Close,E01012443,Halton 008D,Anti-social behaviour,,
,2014-05,Cheshire Constabulary,Cheshire Constabulary,-2.759307,53.363538,On or near Buckland Close,E01012443,Halton 008D,Anti-social behaviour,,
,2014-05,Cheshire Constabulary,Cheshire Constabulary,-2.759307,53.363538,On or near Buckland Close,E01012443,Halton 008D,Anti-social behaviour,,
,2014-05,Cheshire Constabulary,Cheshire Constabulary,-2.748912,53.365483,On or near Dundalk Road,E01012443,Halton 008D,Anti-social behaviour,,
,2014-05,Cheshire Constabulary,Cheshire Constabulary,-2.759307,53.363538,On or near Buckland Close,E01012443,Halton 008D,Anti-social behaviour,,
,2014-05,Cheshire Constabulary,Cheshire Constabulary,-2.759307,53.363538,On or near Buckland Close,E01012443,Halton 008D,Anti-social behaviour,,
cccd9e2617cf36ad1baf4aca78df725e88870884088bc376f0dbccdd29e99b10,2014-05,Cheshire Constabulary,Cheshire Constabulary,-2.753436,53.364654,On or near Alverton Close,E01012443,Halton 008D,Bicycle theft,Investigation complete; no suspect identified,
d770006fec7bf3cb23300ed24e08265f451aa661859e5c43c6b7b7912b9ce6cd,2014-05,Cheshire Constabulary,Cheshire Constabulary,-2.759307,53.363538,On or near Buckland Close,E01012443,Halton 008D,Criminal damage and arson,Investigation complete; no suspect identified,
58856c32a343c0c450942183d2485f3cba41e0d263de7ec9b1c95ef5c8226a80,2014-05,Cheshire Constabulary,Cheshire Constabulary,-2.759307,53.363538,On or near Buckland Close,E01012443,Halton 008D,Criminal damage and arson,Investigation complete; no suspect identified,
91801ec553a50e0fb01e86d691571c7a730f57dfa158fd29b5851c8a1fde2afe,2014-05,Cheshire Constabulary,Cheshire Constabulary,-2.760330,53.361914,On or near Mckeagney Gardens,E01012443,Halton 008D,Criminal damage and arson,Investigation complete; no suspect identified,
4b5d9880e590575cb3eb80e6b0678fad39fd41f4798deaa7d89b87e72244cecd,2014-05,Cheshire Constabulary,Cheshire Constabulary,-2.759307,53.363538,On or near Buckland Close,E01012443,Halton 008D,Criminal damage and arson,Investigation complete; no suspect identified,
d91943e41d74d9211bfd2e7b823d3be1646c3b83c9b4daeee9b529ad0463cd6d,2014-05,Cheshire Constabulary,Cheshire Constabulary,-2.760330,53.361914,On or near Mckeagney Gardens,E01012443,Halton 008D,Criminal damage and arson,Investigation complete; no suspect identified,
17734980abae4d880040e4b08feba8440f1419347f599bb3d5d51921d25a3ca9,2014-05,Cheshire Constabulary,Cheshire Constabulary,-2.760066,53.363992,On or near Poulton Drive,E01012443,Halton 008D,Other theft,Investigation complete; no suspect identified,
,2014-05,Cheshire Constabulary,Cheshire Constabulary,-2.664344,53.313911,On or near Chester Road,E01012385,Halton 009A,Anti-social behaviour,,
,2014-05,Cheshire Constabulary,Cheshire Constabulary,-2.654907,53.320049,On or near Aston Green,E01012385,Halton 009A,Anti-social behaviour,,
,2014-05,Cheshire Constabulary,Cheshire Constabulary,-2.664344,53.313911,On or near Chester Road,E01012385,Halton 009A,Anti-social behaviour,,
,2014-05,Cheshire Constabulary,Cheshire Constabulary,-2.654907,53.320049,On or near Aston Green,E01012385,Halton 009A,Anti-social behaviour,,
,2014-05,Cheshire Constabulary,Cheshire Constabulary,-2.653816,53.321358,On or near Coronation Road,E01012385,Halton 009A,Anti-social behaviour,,
,2014-05,Cheshire Constabulary,Cheshire Constabulary,-2.654907,53.320049,On or near Aston Green,E01012385,Halton 009A,Anti-social behaviour,,
7fb5842e502829eea68af2b1e129b81a3fc73c9b5277ebf9d55ceebbfd1c6a85,2014-05,Cheshire Constabulary,Cheshire Constabulary,-2.661296,53.311879,On or near Aston Fields Road,E01012385,Halton 009A,Burglary,Under investigation,
67b5833948ed06c8ea7deed1ed9cfd784e9a8b89b0c8ab8a56e3a7a2428bd76c,2014-05,Cheshire Constabulary,Cheshire Constabulary,-2.664344,53.313911,On or near Chester Road,E01012385,Halton 009A,Criminal damage and arson,Offender given community sentence,
cffa34168e5c5198fc72e26eaacf058f2a8e2d58b4604ec863a9f38233130d55,2014-05,Cheshire Constabulary,Cheshire Constabulary,-2.642461,53.331937,On or near Cinnabar Court,E01012385,Halton 009A,Other theft,Under investigation,
f06935d0bd9be4faa0a38f2afbdaee99388cb796e72cd6df8cd2d5c070f6dc96,2014-05,Cheshire Constabulary,Cheshire Constabulary,-2.658368,53.310861,On or near Aston Lane,E01012385,Halton 009A,Other theft,Under investigation,
ac4e978fdefd3cc2476f59ca1b5de3cdb38de88aa7ed05d458673f9cf568f480,2014-05,Cheshire Constabulary,Cheshire Constabulary,-2.655775,53.315010,On or near Aston Lane North,E01012385,Halton 009A,Vehicle crime,Investigation complete; no suspect identified,
77cdf18622bc989377fc4e1fce5dd5e50d5d9382dc8e61b70b244b341f777d6b,2014-05,Cheshire Constabulary,Cheshire Constabulary,-2.655775,53.315010,On or near Aston Lane North,E01012385,Halton 009A,Vehicle crime,Under investigation,
,2014-05,Cheshire Constabulary,Cheshire Constabulary,-2.666345,53.347941,On or near Manor Farm Road,E01012386,Halton 009B,Anti-social behaviour,,
,2014-05,Cheshire Constabulary,Cheshire Constabulary,-2.685699,53.344523,On or near Sports/Recreation Area,E01012386,Halton 009B,Anti-social behaviour,,
,2014-05,Cheshire Constabulary,Cheshire Constabulary,-2.657889,53.349920,On or near Evenwood Close,E01012386,Halton 009B,Anti-social behaviour,,
,2014-05,Cheshire Constabulary,Cheshire Constabulary,-2.666345,53.347941,On or near Manor Farm Road,E01012386,Halton 009B,Anti-social behaviour,,
,2014-05,Cheshire Constabulary,Cheshire Constabulary,-2.666345,53.347941,On or near Manor Farm Road,E01012386,Halton 009B,Anti-social behaviour,,
,2014-05,Cheshire Constabulary,Cheshire Constabulary,-2.666345,53.347941,On or near Manor Farm Road,E01012386,Halton 009B,Anti-social behaviour,,
,2014-05,Cheshire Constabulary,Cheshire Constabulary,-2.666345,53.347941,On or near Manor Farm Road,E01012386,Halton 009B,Anti-social behaviour,,
7abf1700316538b244590e4aa4afdc2060b841a04a59de57b65207e4be2c4be4,2014-05,Cheshire Constabulary,Cheshire Constabulary,-2.666345,53.347941,On or near Manor Farm Road,E01012386,Halton 009B,Criminal damage and arson,Awaiting court outcome,
510a22c61ad761c28eb414d8f55a79d0d1b2e63ce527f09ba91b61defda660f5,2014-05,Cheshire Constabulary,Cheshire Constabulary,-2.666345,53.347941,On or near Manor Farm Road,E01012386,Halton 009B,Drugs,Awaiting court outcome,
7b57b976f3cdf4a1972b780ecb9111e46836cf81e7c16c5c935d1e2fdc1df9e6,2014-05,Cheshire Constabulary,Cheshire Constabulary,-2.675680,53.345470,On or near Tudor Road,E01012386,Halton 009B,Vehicle crime,Investigation complete; no suspect identified,
cb71a954b9b54c9879aba4b1f96733eb6df42450f1a14ce3d87e767905ac3ba2,2014-05,Cheshire Constabulary,Cheshire Constabulary,-2.666345,53.347941,On or near Manor Farm Road,E01012386,Halton 009B,Violence and sexual offences,Under investigation,
,2014-05,Cheshire Constabulary,Cheshire Constabulary,-2.632204,53.360324,On or near Moore Lane,E01012387,Halton 009C,Anti-social behaviour,,
,2014-05,Cheshire Constabulary,Cheshire Constabulary,-2.642400,53.353861,On or near Six Acre Gardens,E01012387,Halton 009C,Anti-social behaviour,,
,2014-05,Cheshire Constabulary,Cheshire Constabulary,-2.632204,53.360324,On or near Moore Lane,E01012387,Halton 009C,Anti-social behaviour,,
,2014-05,Cheshire Constabulary,Cheshire Constabulary,-2.649129,53.348827,On or near Runcorn Road,E01012387,Halton 009C,Anti-social behaviour,,
,2014-05,Cheshire Constabulary,Cheshire Constabulary,-2.630833,53.355001,On or near Canal Side,E01012387,Halton 009C,Anti-social behaviour,,
200a1b37a1728f4168a8de99bcbbd40c9f1cfd44a8d2cfd211e28f9fb349a72d,2014-05,Cheshire Constabulary,Cheshire Constabulary,-2.652356,53.347640,On or near Herons Way,E01012387,Halton 009C,Burglary,Under investigation,
,2014-05,Cheshire Constabulary,Cheshire Constabulary,-2.665846,53.333247,On or near Wolverton Drive,E01012434,Halton 009D,Anti-social behaviour,,
,2014-05,Cheshire Constabulary,Cheshire Constabulary,-2.667028,53.339694,On or near Haywood Crescent,E01012434,Halton 009D,Anti-social behaviour,,
,2014-05,Cheshire Constabulary,Cheshire Constabulary,-2.663001,53.330863,On or near Tetchill Close,E01012434,Halton 009D,Anti-social behaviour,,
,2014-05,Cheshire Constabulary,Cheshire Constabulary,-2.663001,53.330863,On or near Tetchill Close,E01012434,Halton 009D,Anti-social behaviour,,
,2014-05,Cheshire Constabulary,Cheshire Constabulary,-2.665356,53.333582,On or near Seaford Close,E01012434,Halton 009D,Anti-social behaviour,,
484fe2f08d954f2abb6b2997a8bf109e501f091606458c7b51f22ac2aa607d5d,2014-05,Cheshire Constabulary,Cheshire Constabulary,-2.665719,53.334740,On or near Winton Grove,E01012434,Halton 009D,Criminal damage and arson,Investigation complete; no suspect identified,
,2014-05,Cheshire Constabulary,Cheshire Constabulary,-2.680637,53.331321,On or near Parking Area,E01012435,Halton 009E,Anti-social behaviour,,
,2014-05,Cheshire Constabulary,Cheshire Constabulary,-2.680162,53.335467,On or near Pedestrian Subway,E01012435,Halton 009E,Anti-social behaviour,,
,2014-05,Cheshire Constabulary,Cheshire Constabulary,-2.675709,53.334953,On or near Copperwood,E01012435,Halton 009E,Anti-social behaviour,,
,2014-05,Cheshire Constabulary,Cheshire Constabulary,-2.680637,53.331321,On or near Parking Area,E01012435,Halton 009E,Anti-social behaviour,,
,2014-05,Cheshire Constabulary,Cheshire Constabulary,-2.668501,53.333052,On or near Norton Village,E01012435,Halton 009E,Anti-social behaviour,,
673433f3eb69e858db0725beba8fa6ae33a2261e31792b82a7696934fecfc8fd,2014-05,Cheshire Constabulary,Cheshire Constabulary,-2.675709,53.334953,On or near Copperwood,E01012435,Halton 009E,Burglary,Investigation complete; no suspect identified,
02ab64329bec47bc4e13758e599b6c55cb690e2bee01f2070e29b3e466342691,2014-05,Cheshire Constabulary,Cheshire Constabulary,-2.680073,53.325166,On or near Sports/Recreation Area,E01012435,Halton 009E,Burglary,Investigation complete; no suspect identified,
f905301ad28e84d7bdafe719031247f7bf82bfda7f647e123dd3804848e4c832,2014-05,Cheshire Constabulary,Cheshire Constabulary,-2.667564,53.324985,On or near Juniper Grove,E01012435,Halton 009E,Criminal damage and arson,Investigation complete; no suspect identified,
bb7afc39b35f3ca50a6d88e1c5dfb49739cb23306f05ed67607827e55aa8bb82,2014-05,Cheshire Constabulary,Cheshire Constabulary,-2.675703,53.328859,On or near Eanleywood Lane,E01012435,Halton 009E,Vehicle crime,Investigation complete; no suspect identified,
0cc405bdad0216fc22b28e88513dfb355eda7a46ff61eae6cea23c75c70553b9,2014-05,Cheshire Constabulary,Cheshire Constabulary,-2.675593,53.334262,On or near Millwood,E01012435,Halton 009E,Vehicle crime,Under investigation,
6968de58a13d152ffb71106c6d5822305399fd4e4c8584c6c586dd61c317054a,2014-05,Cheshire Constabulary,Cheshire Constabulary,-2.675593,53.334262,On or near Millwood,E01012435,Halton 009E,Vehicle crime,Investigation complete; no suspect identified,
5f28fbbf690c7377e3e94baeb9416a775182870af7fddf04e1de2e09b3c3fc6b,2014-05,Cheshire Constabulary,Cheshire Constabulary,-2.674802,53.329853,On or near Kings Meadow,E01012435,Halton 009E,Vehicle crime,Investigation complete; no suspect identified,
,2014-05,Cheshire Constabulary,Cheshire Constabulary,-2.685299,53.336453,On or near Pedestrian Subway,E01012381,Halton 010A,Anti-social behaviour,,
,2014-05,Cheshire Constabulary,Cheshire Constabulary,-2.685299,53.336453,On or near Pedestrian Subway,E01012381,Halton 010A,Anti-social behaviour,,
,2014-05,Cheshire Constabulary,Cheshire Constabulary,-2.685299,53.336453,On or near Pedestrian Subway,E01012381,Halton 010A,Anti-social behaviour,,
ffec85661ea9d5dfb855b48d8926dadb94bb422f3bb3d63fcce9905d0ff15b46,2014-05,Cheshire Constabulary,Cheshire Constabulary,-2.685299,53.336453,On or near Pedestrian Subway,E01012381,Halton 010A,Burglary,Under investigation,
85bb3f8309b8d08621eb159273617c4b06509a02f70891491e481672e4b53b55,2014-05,Cheshire Constabulary,Cheshire Constabulary,-2.685785,53.333062,On or near King Arthur'S Walk,E01012381,Halton 010A,Criminal damage and arson,Investigation complete; no suspect identified,
fe378b0ee8a3a1c406d09accfa947803519e26cbf24fe28227c651eda1c8b6bb,2014-05,Cheshire Constabulary,Cheshire Constabulary,-2.685299,53.336453,On or near Pedestrian Subway,E01012381,Halton 010A,Criminal damage and arson,Investigation complete; no suspect identified,
f6745f8e0c425749caf57fde7373950130c197af2181218db33efc1856051fec,2014-05,Cheshire Constabulary,Cheshire Constabulary,-2.685299,53.336453,On or near Pedestrian Subway,E01012381,Halton 010A,Drugs,Under investigation,
91a9724cec7f17846af3491586e9801fa2fa481cc517b361fcb69db50f68860f,2014-05,Cheshire Constabulary,Cheshire Constabulary,-2.689246,53.336278,On or near Hedge Hey,E01012381,Halton 010A,Public order,Awaiting court outcome,
04e22e550ca0e93016faa81548fefada648e0d6c88f8123eb9aba76ba306fce3,2014-05,Cheshire Constabulary,Cheshire Constabulary,-2.691475,53.338539,On or near Pedestrian Subway,E01012381,Halton 010A,Shoplifting,Under investigation,
721cdbf955172f2a2f3ff810b6e7828e4f326ec89cd8f1cd99fa0248c72b1272,2014-05,Cheshire Constabulary,Cheshire Constabulary,-2.691475,53.338539,On or near Pedestrian Subway,E01012381,Halton 010A,Shoplifting,Investigation complete; no suspect identified,
1bbba99050e2607a532ac3693d10620b1187a798cabb01bf642a72c8ef4a7745,2014-05,Cheshire Constabulary,Cheshire Constabulary,-2.691475,53.338539,On or near Pedestrian Subway,E01012381,Halton 010A,Violence and sexual offences,Under investigation,
,2014-05,Cheshire Constabulary,Cheshire Constabulary,-2.695316,53.337402,On or near Caernarvon Close,E01012382,Halton 010B,Anti-social behaviour,,
,2014-05,Cheshire Constabulary,Cheshire Constabulary,-2.694581,53.341155,On or near Astmoor Bridge Lane,E01012382,Halton 010B,Anti-social behaviour,,
,2014-05,Cheshire Constabulary,Cheshire Constabulary,-2.691050,53.340106,On or near Kingshead Close,E01012382,Halton 010B,Anti-social behaviour,,
,2014-05,Cheshire Constabulary,Cheshire Constabulary,-2.691050,53.340106,On or near Kingshead Close,E01012382,Halton 010B,Anti-social behaviour,,
,2014-05,Cheshire Constabulary,Cheshire Constabulary,-2.696469,53.339930,On or near Castlefields Avenue North,E01012382,Halton 010B,Anti-social behaviour,,
,2014-05,Cheshire Constabulary,Cheshire Constabulary,-2.694581,53.341155,On or near Astmoor Bridge Lane,E01012382,Halton 010B,Anti-social behaviour,,
,2014-05,Cheshire Constabulary,Cheshire Constabulary,-2.690471,53.341475,On or near Pedestrian Subway,E01012382,Halton 010B,Anti-social behaviour,,
,2014-05,Cheshire Constabulary,Cheshire Constabulary,-2.694581,53.341155,On or near Astmoor Bridge Lane,E01012382,Halton 010B,Anti-social behaviour,,
,2014-05,Cheshire Constabulary,Cheshire Constabulary,-2.690471,53.341475,On or near Pedestrian Subway,E01012382,Halton 010B,Anti-social behaviour,,
,2014-05,Cheshire Constabulary,Cheshire Constabulary,-2.699108,53.338755,On or near Centurion Row,E01012382,Halton 010B,Anti-social behaviour,,
,2014-05,Cheshire Constabulary,Cheshire Constabulary,-2.699108,53.338755,On or near Centurion Row,E01012382,Halton 010B,Anti-social behaviour,,
,2014-05,Cheshire Constabulary,Cheshire Constabulary,-2.699276,53.337100,On or near Pedestrian Subway,E01012382,Halton 010B,Anti-social behaviour,,
,2014-05,Cheshire Constabulary,Cheshire Constabulary,-2.699108,53.338755,On or near Centurion Row,E01012382,Halton 010B,Anti-social behaviour,,
6bb09be5c131f8fb4d8c9ec75911eaeae1b420aa4d65d04896bf4f89ee3d2751,2014-05,Cheshire Constabulary,Cheshire Constabulary,-2.704983,53.343476,On or near Dewar Court,E01012382,Halton 010B,Burglary,Investigation complete; no suspect identified,
693d6fe877e9de4852febeea8db8718e73b878f5803b10ee40585f2a1ef6ec81,2014-05,Cheshire Constabulary,Cheshire Constabulary,-2.699276,53.337100,On or near Pedestrian Subway,E01012382,Halton 010B,Other theft,Investigation complete; no suspect identified,
bc6684c0b0e14870aed1b0979f541a1d110cc00f32259be4b83352918bcffeac,2014-05,Cheshire Constabulary,Cheshire Constabulary,-2.704983,53.343476,On or near Dewar Court,E01012382,Halton 010B,Possession of weapons,Under investigation,
fd57df3d0339d193d776da4539b4a33eb5b71e1ab3e460cdcaa50bbd3b0a7a66,2014-05,Cheshire Constabulary,Cheshire Constabulary,-2.694581,53.341155,On or near Astmoor Bridge Lane,E01012382,Halton 010B,Robbery,Under investigation,
ec5bef1f260d7350ef974e59c83474d1b37cfc281d32e5978c4bd7e723ca8b7c,2014-05,Cheshire Constabulary,Cheshire Constabulary,-2.695316,53.337402,On or near Caernarvon Close,E01012382,Halton 010B,Violence and sexual offences,Awaiting court outcome,
f2151e933c23aed8b9dd588a567c598e4c33a4ffffbf8c1264aa52f919391d59,2014-05,Cheshire Constabulary,Cheshire Constabulary,-2.694270,53.337741,On or near Rothesay Close,E01012382,Halton 010B,Other crime,Under investigation,
,2014-05,Cheshire Constabulary,Cheshire Constabulary,-2.689624,53.332770,On or near Primrose Close,E01012384,Halton 010C,Anti-social behaviour,,
,2014-05,Cheshire Constabulary,Cheshire Constabulary,-2.694488,53.332688,On or near The Underway,E01012384,Halton 010C,Anti-social behaviour,,
,2014-05,Cheshire Constabulary,Cheshire Constabulary,-2.689624,53.332770,On or near Primrose Close,E01012384,Halton 010C,Anti-social behaviour,,
,2014-05,Cheshire Constabulary,Cheshire Constabulary,-2.695820,53.334244,On or near The Green,E01012384,Halton 010C,Anti-social behaviour,,
,2014-05,Cheshire Constabulary,Cheshire Constabulary,-2.695820,53.334244,On or near The Green,E01012384,Halton 010C,Anti-social behaviour,,
,2014-05,Cheshire Constabulary,Cheshire Constabulary,-2.692787,53.332401,On or near Park/Open Space,E01012384,Halton 010C,Anti-social behaviour,,
9373e82763ba3a773716f5923c523839ce1e3b9080ff13b53aba161ff8f923c8,2014-05,Cheshire Constabulary,Cheshire Constabulary,-2.695302,53.331955,On or near Castle Road,E01012384,Halton 010C,Criminal damage and arson,Investigation complete; no suspect identified,
3e3bbb07df7c407887c80564ec8084a1c4c1d92d3192a4173f990611d282f912,2014-05,Cheshire Constabulary,Cheshire Constabulary,-2.689624,53.332770,On or near Primrose Close,E01012384,Halton 010C,Criminal damage and arson,Investigation complete; no suspect identified,
14173a691c811bfdaf22344f3e1b71163a68fc50aa40a220d66c23a616603546,2014-05,Cheshire Constabulary,Cheshire Constabulary,-2.689624,53.332770,On or near Primrose Close,E01012384,Halton 010C,Other theft,Investigation complete; no suspect identified,
090e75582808b94fcf7f398f9b919daa7c8a58c0b93f06a4a89b83ec4528bd87,2014-05,Cheshire Constabulary,Cheshire Constabulary,-2.692168,53.331254,On or near Pump Lane,E01012384,Halton 010C,Other theft,Investigation complete; no suspect identified,
6a84695882678a061a63ab25e70f1b163787ee74e8b8c58b76f1124191d04be4,2014-05,Cheshire Constabulary,Cheshire Constabulary,-2.689419,53.331171,On or near Village Close,E01012384,Halton 010C,Shoplifting,Under investigation,
0f404e1389bfabc2c4175c970034683e951f496dd064687403f35e95a3b49cc1,2014-05,Cheshire Constabulary,Cheshire Constabulary,-2.686425,53.329894,On or near Norton View,E01012384,Halton 010C,Vehicle crime,Investigation complete; no suspect identified,
f00a2001c73609ce81826008fa77ccf0a547cb5d7d24efb3a7cbf201d22275d6,2014-05,Cheshire Constabulary,Cheshire Constabulary,-2.695820,53.334244,On or near The Green,E01012384,Halton 010C,Violence and sexual offences,Under investigation,
,2014-05,Cheshire Constabulary,Cheshire Constabulary,-2.671086,53.334125,On or near Nortonwood Lane,E01012444,Halton 010D,Anti-social behaviour,,
,2014-05,Cheshire Constabulary,Cheshire Constabulary,-2.675504,53.337219,On or near Westwood,E01012444,Halton 010D,Anti-social behaviour,,
,2014-05,Cheshire Constabulary,Cheshire Constabulary,-2.675504,53.337219,On or near Westwood,E01012444,Halton 010D,Anti-social behaviour,,
c5418c7243e1dba6d42c9540587a7390601c75b727fdfdab9a64c8ca9203a513,2014-05,Cheshire Constabulary,Cheshire Constabulary,-2.675504,53.337219,On or near Westwood,E01012444,Halton 010D,Criminal damage and arson,Investigation complete; no suspect identified,
ccd32d926e91164c1517a46e02e4e47c285f14f85ee57aef8d8fa84b2dd32b1b,2014-05,Cheshire Constabulary,Cheshire Constabulary,-2.671086,53.334125,On or near Nortonwood Lane,E01012444,Halton 010D,Criminal damage and arson,Investigation complete; no suspect identified,
,2014-05,Cheshire Constabulary,Cheshire Constabulary,-2.676987,53.338865,On or near Bridgeway West,E01012445,Halton 010E,Anti-social behaviour,,
,2014-05,Cheshire Constabulary,Cheshire Constabulary,-2.669442,53.339456,On or near Pedestrian Subway,E01012445,Halton 010E,Anti-social behaviour,,
,2014-05,Cheshire Constabulary,Cheshire Constabulary,-2.673561,53.341581,On or near Canal Reach,E01012445,Halton 010E,Anti-social behaviour,,
,2014-05,Cheshire Constabulary,Cheshire Constabulary,-2.672774,53.341226,On or near Townfield Road,E01012445,Halton 010E,Anti-social behaviour,,
,2014-05,Cheshire Constabulary,Cheshire Constabulary,-2.669926,53.337727,On or near Norton Hill,E01012445,Halton 010E,Anti-social behaviour,,
,2014-05,Cheshire Constabulary,Cheshire Constabulary,-2.675481,53.338604,On or near Southwood Avenue,E01012445,Halton 010E,Anti-social behaviour,,
,2014-05,Cheshire Constabulary,Cheshire Constabulary,-2.676987,53.338865,On or near Bridgeway West,E01012445,Halton 010E,Anti-social behaviour,,
522cc6f96ae37c3e176e806b2ecc83c54484a0db78de43596439beb1a668cef0,2014-05,Cheshire Constabulary,Cheshire Constabulary,-2.672774,53.341226,On or near Townfield Road,E01012445,Halton 010E,Burglary,Under investigation,
6507ede96f36314034e97dfd65461579db1f8bf1e01f391bca3cebee74c6e459,2014-05,Cheshire Constabulary,Cheshire Constabulary,-2.672774,53.341226,On or near Townfield Road,E01012445,Halton 010E,Burglary,Investigation complete; no suspect identified,
72e6b12c93cceb6890641c92cb99313da674b64a2135119fd197839deaf8c5b2,2014-05,Cheshire Constabulary,Cheshire Constabulary,-2.676866,53.339765,On or near Lockgate West,E01012445,Halton 010E,Criminal damage and arson,Investigation complete; no suspect identified,
f6fadedb0def2f01114d500320d8b428cc86bd6a73235823c47d6a40b3d004c2,2014-05,Cheshire Constabulary,Cheshire Constabulary,-2.673561,53.341581,On or near Canal Reach,E01012445,Halton 010E,Other theft,Investigation complete; no suspect identified,
76d94c073f4dde4f39d8c3fcb2f3821ec492dc5e582ccfe0a73fc5294c2cb3f4,2014-05,Cheshire Constabulary,Cheshire Constabulary,-2.675481,53.338604,On or near Southwood Avenue,E01012445,Halton 010E,Other theft,Investigation complete; no suspect identified,
7d80fe551dce928353a8f6036c7aad0b6687ffe2c8734128c58269871ce1ea40,2014-05,Cheshire Constabulary,Cheshire Constabulary,-2.669926,53.337727,On or near Norton Hill,E01012445,Halton 010E,Other theft,Unable to prosecute suspect,
c01be700700d69073aa13666ff6424ca2c0450a81179ac5a362c055a50456818,2014-05,Cheshire Constabulary,Cheshire Constabulary,-2.669926,53.337727,On or near Norton Hill,E01012445,Halton 010E,Shoplifting,Under investigation,
e2b3c7b458f0b68059baad60827fe33412da9e0e7cc3102627b29ebf9d9178a3,2014-05,Cheshire Constabulary,Cheshire Constabulary,-2.669442,53.339456,On or near Pedestrian Subway,E01012445,Halton 010E,Shoplifting,Under investigation,
21923e2fc7f8138f3955ef06db2293aefd6bd2cf325281562f08cf4b8dfe4431,2014-05,Cheshire Constabulary,Cheshire Constabulary,-2.674650,53.340191,On or near Priory Road,E01012445,Halton 010E,Vehicle crime,Investigation complete; no suspect identified,
,2014-05,Cheshire Constabulary,Cheshire Constabulary,-2.727366,53.332186,On or near Heath Road Crescent,E01012398,Halton 011A,Anti-social behaviour,,
,2014-05,Cheshire Constabulary,Cheshire Constabulary,-2.728902,53.333319,On or near Langdale Road,E01012398,Halton 011A,Anti-social behaviour,,
,2014-05,Cheshire Constabulary,Cheshire Constabulary,-2.726175,53.332805,On or near Heath Road,E01012398,Halton 011A,Anti-social behaviour,,
ac84dc922c2d07a61cd75061ecc79febf824dc5adde8f350f35c689d1c99ec33,2014-05,Cheshire Constabulary,Cheshire Constabulary,-2.728902,53.333319,On or near Langdale Road,E01012398,Halton 011A,Burglary,Under investigation,
3d12771386303db3779596dcc6a424f037bee43e1b832860fe290633c4551044,2014-05,Cheshire Constabulary,Cheshire Constabulary,-2.724801,53.330575,On or near Rydal Grove,E01012398,Halton 011A,Violence and sexual offences,Offender given a caution,
d3f33ddb6805f9783428d0b9e6f77f37de3bcb0a912b92df5568d2574a98bc2e,2014-05,Cheshire Constabulary,Cheshire Constabulary,-2.728902,53.331548,On or near Lyndon Grove,E01012398,Halton 011A,Violence and sexual offences,Under investigation,
,2014-05,Cheshire Constabulary,Cheshire Constabulary,-2.727147,53.336080,On or near Poolside Road,E01012400,Halton 011B,Anti-social behaviour,,
3c7a2939e3a080f7b5e44d59dadba2ed16907d64f1b80a324336466762d1f7d6,2014-05,Cheshire Constabulary,Cheshire Constabulary,-2.729798,53.334769,On or near Downs Road,E01012400,Halton 011B,Criminal damage and arson,Investigation complete; no suspect identified,
00cfe3d337cdbc199dccf59fa26758b17946f3b710fd1f82be445a2b0be8b0b4,2014-05,Cheshire Constabulary,Cheshire Constabulary,-2.734141,53.334949,On or near Dale Street,E01012400,Halton 011B,Violence and sexual offences,Awaiting court outcome,
,2014-05,Cheshire Constabulary,Cheshire Constabulary,-2.717130,53.339628,On or near Taylors Row,E01012402,Halton 011C,Anti-social behaviour,,
,2014-05,Cheshire Constabulary,Cheshire Constabulary,-2.711350,53.335276,On or near Boston Avenue,E01012402,Halton 011C,Anti-social behaviour,,
,2014-05,Cheshire Constabulary,Cheshire Constabulary,-2.708262,53.338342,On or near Supermarket,E01012402,Halton 011C,Anti-social behaviour,,
,2014-05,Cheshire Constabulary,Cheshire Constabulary,-2.708262,53.338342,On or near Supermarket,E01012402,Halton 011C,Anti-social behaviour,,
,2014-05,Cheshire Constabulary,Cheshire Constabulary,-2.708262,53.338342,On or near Supermarket,E01012402,Halton 011C,Anti-social behaviour,,
,2014-05,Cheshire Constabulary,Cheshire Constabulary,-2.710376,53.332684,On or near Fernhurst,E01012402,Halton 011C,Anti-social behaviour,,
,2014-05,Cheshire Constabulary,Cheshire Constabulary,-2.708262,53.338342,On or near Supermarket,E01012402,Halton 011C,Anti-social behaviour,,
,2014-05,Cheshire Constabulary,Cheshire Constabulary,-2.713399,53.335668,On or near Sports/Recreation Area,E01012402,Halton 011C,Anti-social behaviour,,
,2014-05,Cheshire Constabulary,Cheshire Constabulary,-2.708262,53.338342,On or near Supermarket,E01012402,Halton 011C,Anti-social behaviour,,
,2014-05,Cheshire Constabulary,Cheshire Constabulary,-2.714210,53.332985,On or near Morval Crescent,E01012402,Halton 011C,Anti-social behaviour,,
5e14eac9db0e5d267d77f6b217f28a68a263c3455ff45958a8836e1ade8caec4,2014-05,Cheshire Constabulary,Cheshire Constabulary,-2.710146,53.333333,On or near Leaside,E01012402,Halton 011C,Burglary,Awaiting court outcome,
0890a859008c80775df0d7ef5b1be3b9ba4a7fc9311aff25e75c735762ef65c3,2014-05,Cheshire Constabulary,Cheshire Constabulary,-2.711234,53.331897,On or near Cotterill,E01012402,Halton 011C,Criminal damage and arson,Investigation complete; no suspect identified,
5d1609043607a12e6fee4890f4e1a14700e0475521b3f00d0d8477d9b43d6c92,2014-05,Cheshire Constabulary,Cheshire Constabulary,-2.710146,53.333333,On or near Leaside,E01012402,Halton 011C,Other theft,Investigation complete; no suspect identified,
019cdb87f63d76e0b9da7dd9f5ac0a63cdb9297ef2c42178e1ebc785b5990808,2014-05,Cheshire Constabulary,Cheshire Constabulary,-2.710146,53.333333,On or near Leaside,E01012402,Halton 011C,Vehicle crime,Investigation complete; no suspect identified,
31b265ffd7a46478f0d2ecddd05706d657e67e1ca4d292e5becf97e73d3dc15f,2014-05,Cheshire Constabulary,Cheshire Constabulary,-2.714210,53.332985,On or near Morval Crescent,E01012402,Halton 011C,Violence and sexual offences,Under investigation,
,2014-05,Cheshire Constabulary,Cheshire Constabulary,-2.711165,53.339520,On or near Ashley Road,E01012404,Halton 011D,Anti-social behaviour,,
,2014-05,Cheshire Constabulary,Cheshire Constabulary,-2.712880,53.338800,On or near Halton Court,E01012404,Halton 011D,Anti-social behaviour,,
,2014-05,Cheshire Constabulary,Cheshire Constabulary,-2.711165,53.339520,On or near Ashley Road,E01012404,Halton 011D,Anti-social behaviour,,
,2014-05,Cheshire Constabulary,Cheshire Constabulary,-2.711165,53.339520,On or near Ashley Road,E01012404,Halton 011D,Anti-social behaviour,,
,2014-05,Cheshire Constabulary,Cheshire Constabulary,-2.709839,53.337461,On or near Castle Rise,E01012404,Halton 011D,Anti-social behaviour,,
,2014-05,Cheshire Constabulary,Cheshire Constabulary,-2.711165,53.339520,On or near Ashley Road,E01012404,Halton 011D,Anti-social behaviour,,
,2014-05,Cheshire Constabulary,Cheshire Constabulary,-2.708511,53.340677,On or near Henley Court,E01012404,Halton 011D,Anti-social behaviour,,
,2014-05,Cheshire Constabulary,Cheshire Constabulary,-2.709839,53.337461,On or near Castle Rise,E01012404,Halton 011D,Anti-social behaviour,,
2fff3d3cb90913517ce5537a685d2f100ba535afe160485d89d2e20a6e1b3b16,2014-05,Cheshire Constabulary,Cheshire Constabulary,-2.709839,53.337461,On or near Castle Rise,E01012404,Halton 011D,Burglary,Investigation complete; no suspect identified,
80a2a8a8b77fb8125e3acea4a77f9021a3ac04de9ed600c2cdbdf8aa3c868b63,2014-05,Cheshire Constabulary,Cheshire Constabulary,-2.711165,53.339520,On or near Ashley Road,E01012404,Halton 011D,Drugs,Offender given a caution,
778107a8339992403206f260780c97088572e17a11bd122b77c8534fc4cdd55f,2014-05,Cheshire Constabulary,Cheshire Constabulary,-2.708511,53.340677,On or near Henley Court,E01012404,Halton 011D,Public order,Under investigation,
32c3596fe5c356e0dfb0261dad94f7fdcae1503735e0ef56a6192f21a7aaba1d,2014-05,Cheshire Constabulary,Cheshire Constabulary,-2.712035,53.339434,On or near Supermarket,E01012404,Halton 011D,Public order,Unable to prosecute suspect,
c62ef701716dd091404312ce15acc1912dee171509357a4adf04d7c4e7216258,2014-05,Cheshire Constabulary,Cheshire Constabulary,-2.712035,53.339434,On or near Supermarket,E01012404,Halton 011D,Shoplifting,Under investigation,
6de2a488e2f78f8354060aa72529c94fa7eefb7a52d2c6c72eeaf2328f669442,2014-05,Cheshire Constabulary,Cheshire Constabulary,-2.712035,53.339434,On or near Supermarket,E01012404,Halton 011D,Violence and sexual offences,Awaiting court outcome,
43c23c095c5a17b1b96b65768ec1c4c0e53c9d94d12cf8b3669ed8bb4b6b8960,2014-05,Cheshire Constabulary,Cheshire Constabulary,-2.709839,53.337461,On or near Castle Rise,E01012404,Halton 011D,Violence and sexual offences,Awaiting court outcome,
2820f63669f7701dc91ac39cb35e9d7165995e81e7f876a0e4ea73c86a4b1c6f,2014-05,Cheshire Constabulary,Cheshire Constabulary,-2.709839,53.337461,On or near Castle Rise,E01012404,Halton 011D,Violence and sexual offences,Under investigation,
,2014-05,Cheshire Constabulary,Cheshire Constabulary,-2.725281,53.338518,On or near Sutton Street,E01012405,Halton 011E,Anti-social behaviour,,
,2014-05,Cheshire Constabulary,Cheshire Constabulary,-2.722699,53.339496,On or near Sewell Street,E01012405,Halton 011E,Anti-social behaviour,,
,2014-05,Cheshire Constabulary,Cheshire Constabulary,-2.720623,53.337513,On or near Stenhills Crescent,E01012405,Halton 011E,Anti-social behaviour,,
,2014-05,Cheshire Constabulary,Cheshire Constabulary,-2.720623,53.337513,On or near Stenhills Crescent,E01012405,Halton 011E,Anti-social behaviour,,
,2014-05,Cheshire Constabulary,Cheshire Constabulary,-2.719955,53.338874,On or near Wicksten Drive,E01012405,Halton 011E,Anti-social behaviour,,
524bfcf95a397aa9ffdfaa70d6eadf40bde35f9183a01eb245c79f38ab34fded,2014-05,Cheshire Constabulary,Cheshire Constabulary,-2.722423,53.338284,On or near Picton Avenue,E01012405,Halton 011E,Vehicle crime,Investigation complete; no suspect identified,
a8c11f763729234d28ca6fffa862a804818340b7980734cb7f0db5a350b31593,2014-05,Cheshire Constabulary,Cheshire Constabulary,-2.724252,53.337185,On or near Marina Grove,E01012405,Halton 011E,Violence and sexual offences,Awaiting court outcome,
,2014-05,Cheshire Constabulary,Cheshire Constabulary,-2.738386,53.332973,On or near Southlands Mews,E01012416,Halton 012A,Anti-social behaviour,,
,2014-05,Cheshire Constabulary,Cheshire Constabulary,-2.736924,53.330015,On or near Coombe Drive,E01012416,Halton 012A,Anti-social behaviour,,
,2014-05,Cheshire Constabulary,Cheshire Constabulary,-2.736924,53.330015,On or near Coombe Drive,E01012416,Halton 012A,Anti-social behaviour,,
,2014-05,Cheshire Constabulary,Cheshire Constabulary,-2.734558,53.330425,On or near Campbell Close,E01012416,Halton 012A,Anti-social behaviour,,
,2014-05,Cheshire Constabulary,Cheshire Constabulary,-2.736924,53.330015,On or near Coombe Drive,E01012416,Halton 012A,Anti-social behaviour,,
,2014-05,Cheshire Constabulary,Cheshire Constabulary,-2.736792,53.320614,On or near Lambsickle Lane,E01012416,Halton 012A,Anti-social behaviour,,
,2014-05,Cheshire Constabulary,Cheshire Constabulary,-2.739817,53.320199,On or near Company'S Close,E01012416,Halton 012A,Anti-social behaviour,,
,2014-05,Cheshire Constabulary,Cheshire Constabulary,-2.737683,53.332222,On or near Whitley Close,E01012416,Halton 012A,Anti-social behaviour,,
,2014-05,Cheshire Constabulary,Cheshire Constabulary,-2.740066,53.318984,On or near Bankes' Lane,E01012416,Halton 012A,Anti-social behaviour,,
d605eb37652a9c7346f113eda0469d386525f2a9354944b01edc3301be413796,2014-05,Cheshire Constabulary,Cheshire Constabulary,-2.739303,53.330405,On or near Highlands Road,E01012416,Halton 012A,Criminal damage and arson,Investigation complete; no suspect identified,
e0c5d12abea2e08653de69b636002824d2a0f5d7bd7a97cb52d72a5a2aedf750,2014-05,Cheshire Constabulary,Cheshire Constabulary,-2.733861,53.326520,On or near Heath Drive,E01012416,Halton 012A,Vehicle crime,Investigation complete; no suspect identified,
,2014-05,Cheshire Constabulary,Cheshire Constabulary,-2.756778,53.326817,On or near South Road,E01012417,Halton 012B,Anti-social behaviour,,
,2014-05,Cheshire Constabulary,Cheshire Constabulary,-2.749421,53.325991,On or near Castner Avenue,E01012417,Halton 012B,Anti-social behaviour,,
,2014-05,Cheshire Constabulary,Cheshire Constabulary,-2.751141,53.327311,On or near Sandy Lane,E01012417,Halton 012B,Anti-social behaviour,,
8da02089ec9d870d98d6c207d812238aed48fc824d35f1cf745aed4da477b663,2014-05,Cheshire Constabulary,Cheshire Constabulary,-2.751141,53.327311,On or near Sandy Lane,E01012417,Halton 012B,Other theft,Under investigation,
436433da442c645cf82cd8e6a5f9e8bf292ccf0324f067d868eb35286c4f9366,2014-05,Cheshire Constabulary,Cheshire Constabulary,-2.753849,53.324238,On or near Sydney Street,E01012417,Halton 012B,Public order,Under investigation,
f218172cc2efec82b04004d7a41572e41a488ba60fc0eecd378c2976cdaa56ae,2014-05,Cheshire Constabulary,Cheshire Constabulary,-2.748864,53.325033,On or near Castner Court,E01012417,Halton 012B,Vehicle crime,Under investigation,
dab4909afe5d47daa23a221be62f599c5138c65b71de72021e350e80afa07178,2014-05,Cheshire Constabulary,Cheshire Constabulary,-2.749421,53.325991,On or near Castner Avenue,E01012417,Halton 012B,Vehicle crime,Under investigation,
cd7f34cbeeba08e0299c6c01d6f277f8bf8fd6dcd5c9e82d8a162472f62dfa0f,2014-05,Cheshire Constabulary,Cheshire Constabulary,-2.745105,53.326441,On or near Weston Road,E01012417,Halton 012B,Violence and sexual offences,Under investigation,
7c12638c21da2a5229e21e9c63389a580049d61e33f0f36ddc180c8409fd7793,2014-05,Cheshire Constabulary,Cheshire Constabulary,-2.754598,53.324952,On or near Leonard Street,E01012417,Halton 012B,Violence and sexual offences,Unable to prosecute suspect,
dedd9afd78ea33ac5aaa6f05dd4d3dc56610ca01ea4feacd7fefdf67781e06fb,2014-05,Cheshire Constabulary,Cheshire Constabulary,-2.745105,53.326441,On or near Weston Road,E01012417,Halton 012B,Violence and sexual offences,Formal action is not in the public interest,
cb3fdc1dd20ab27f4a78397d10be856055ce50c61f90884bc722fdebb523dd16,2014-05,Cheshire Constabulary,Cheshire Constabulary,-2.756778,53.326817,On or near South Road,E01012417,Halton 012B,Violence and sexual offences,Under investigation,
,2014-05,Cheshire Constabulary,Cheshire Constabulary,-2.737582,53.335090,On or near Lightburn Street,E01012428,Halton 012C,Anti-social behaviour,,
,2014-05,Cheshire Constabulary,Cheshire Constabulary,-2.736482,53.336625,On or near Salisbury Street,E01012428,Halton 012C,Anti-social behaviour,,
,2014-05,Cheshire Constabulary,Cheshire Constabulary,-2.742294,53.340957,On or near Duke Close,E01012428,Halton 012C,Anti-social behaviour,,
,2014-05,Cheshire Constabulary,Cheshire Constabulary,-2.738039,53.336355,On or near Supermarket,E01012428,Halton 012C,Anti-social behaviour,,
,2014-05,Cheshire Constabulary,Cheshire Constabulary,-2.736411,53.334270,On or near Morley Road,E01012428,Halton 012C,Anti-social behaviour,,
,2014-05,Cheshire Constabulary,Cheshire Constabulary,-2.736744,53.336165,On or near Byron Street,E01012428,Halton 012C,Anti-social behaviour,,
,2014-05,Cheshire Constabulary,Cheshire Constabulary,-2.744411,53.342634,On or near Redtail Close,E01012428,Halton 012C,Anti-social behaviour,,
,2014-05,Cheshire Constabulary,Cheshire Constabulary,-2.736744,53.336165,On or near Byron Street,E01012428,Halton 012C,Anti-social behaviour,,
,2014-05,Cheshire Constabulary,Cheshire Constabulary,-2.736482,53.336625,On or near Salisbury Street,E01012428,Halton 012C,Anti-social behaviour,,
,2014-05,Cheshire Constabulary,Cheshire Constabulary,-2.736744,53.336165,On or near Byron Street,E01012428,Halton 012C,Anti-social behaviour,,
,2014-05,Cheshire Constabulary,Cheshire Constabulary,-2.742294,53.340957,On or near Duke Close,E01012428,Halton 012C,Anti-social behaviour,,
,2014-05,Cheshire Constabulary,Cheshire Constabulary,-2.747135,53.342069,On or near Further/Higher Educational Building,E01012428,Halton 012C,Anti-social behaviour,,
,2014-05,Cheshire Constabulary,Cheshire Constabulary,-2.743900,53.343455,On or near Gleaner Close,E01012428,Halton 012C,Anti-social behaviour,,
d5585acac10e7c93e582811cc92a7146392f8d13b3048012d8b3bd86074d5bbf,2014-05,Cheshire Constabulary,Cheshire Constabulary,-2.737716,53.335889,On or near Balfour Street,E01012428,Halton 012C,Bicycle theft,Investigation complete; no suspect identified,
f60496e9e634d5953ecffd195e67d1ded10dc1694894f1258de3cd05ceb7d27e,2014-05,Cheshire Constabulary,Cheshire Constabulary,-2.737716,53.335889,On or near Balfour Street,E01012428,Halton 012C,Bicycle theft,Investigation complete; no suspect identified,
45f82051f8e3dc59a35b269f64e0acd443b126076c017f0358b9d27e4b7707d2,2014-05,Cheshire Constabulary,Cheshire Constabulary,-2.748173,53.334440,On or near Crofton Road,E01012428,Halton 012C,Burglary,Under investigation,
3194e7f302480ba33bb0e913b1850a7e2f46b58b45068b33e8bcba99d03f7f8e,2014-05,Cheshire Constabulary,Cheshire Constabulary,-2.747309,53.337438,On or near Pimlico Road,E01012428,Halton 012C,Burglary,Investigation complete; no suspect identified,
d45df9be506be2a1f4a72e8c325b2b36c88ddc2ec8bd38911daf2d73c87ada7e,2014-05,Cheshire Constabulary,Cheshire Constabulary,-2.743900,53.343455,On or near Gleaner Close,E01012428,Halton 012C,Criminal damage and arson,Unable to prosecute suspect,
dbb3c1c4138b5d402b225dd3b33bcb6cee7a0afaaa05f8d17b6d2af0a17fcdf3,2014-05,Cheshire Constabulary,Cheshire Constabulary,-2.736744,53.336165,On or near Byron Street,E01012428,Halton 012C,Criminal damage and arson,Awaiting court outcome,
9b22e8588f6a979d8e24e8fe7500125b8963b43aa07e6e9408a2d6236ee1f585,2014-05,Cheshire Constabulary,Cheshire Constabulary,-2.736482,53.336625,On or near Salisbury Street,E01012428,Halton 012C,Public order,Awaiting court outcome,
df554a9c054a8e8ec2f46c76d790b58f82f12e3a6a5687b698d51389d060d54d,2014-05,Cheshire Constabulary,Cheshire Constabulary,-2.736744,53.336165,On or near Byron Street,E01012428,Halton 012C,Public order,Awaiting court outcome,
1f3f6d83c2203aeda8f1a36019b0dec0a604c59594f66222200c5be6b35efe09,2014-05,Cheshire Constabulary,Cheshire Constabulary,-2.737436,53.334444,On or near Greenway Road,E01012428,Halton 012C,Public order,Under investigation,
0c3345c534d3e872f494005f9819b20fa51ca953af402de6f908cff067c9c15b,2014-05,Cheshire Constabulary,Cheshire Constabulary,-2.738039,53.336355,On or near Supermarket,E01012428,Halton 012C,Shoplifting,Under investigation,
1b920934cca37942b6ca576705d406b1760db3c9792ee17f62c0ff8a0092d89a,2014-05,Cheshire Constabulary,Cheshire Constabulary,-2.738039,53.336355,On or near Supermarket,E01012428,Halton 012C,Shoplifting,Under investigation,
5ba190cfbc3ba91e726f40a384f7f62cd13c7c0c78341372598377a564fbd598,2014-05,Cheshire Constabulary,Cheshire Constabulary,-2.738039,53.336355,On or near Supermarket,E01012428,Halton 012C,Shoplifting,Under investigation,
fdd7b67c8fa70cfdd1b9657828cadaad8dca18d3e8bd50edb06b95b3ab2bb4b6,2014-05,Cheshire Constabulary,Cheshire Constabulary,-2.747135,53.342069,On or near Further/Higher Educational Building,E01012428,Halton 012C,Vehicle crime,Investigation complete; no suspect identified,
,2014-05,Cheshire Constabulary,Cheshire Constabulary,-2.747809,53.332527,On or near Cunningham Drive,E01012429,Halton 012D,Anti-social behaviour,,
,2014-05,Cheshire Constabulary,Cheshire Constabulary,-2.748358,53.330429,On or near Russell Road,E01012429,Halton 012D,Anti-social behaviour,,
,2014-05,Cheshire Constabulary,Cheshire Constabulary,-2.747809,53.332527,On or near Cunningham Drive,E01012429,Halton 012D,Anti-social behaviour,,
,2014-05,Cheshire Constabulary,Cheshire Constabulary,-2.747320,53.330346,On or near Hillside Avenue,E01012429,Halton 012D,Anti-social behaviour,,
,2014-05,Cheshire Constabulary,Cheshire Constabulary,-2.748358,53.330429,On or near Russell Road,E01012429,Halton 012D,Anti-social behaviour,,
,2014-05,Cheshire Constabulary,Cheshire Constabulary,-2.746532,53.334198,On or near Westfield Road,E01012429,Halton 012D,Anti-social behaviour,,
,2014-05,Cheshire Constabulary,Cheshire Constabulary,-2.747809,53.332527,On or near Cunningham Drive,E01012429,Halton 012D,Anti-social behaviour,,
7a348506ad497a8caf6dbd1ef63e42325387a7259926b361a35fdbb5379311ec,2014-05,Cheshire Constabulary,Cheshire Constabulary,-2.747794,53.332527,On or near Lingfield Road,E01012429,Halton 012D,Drugs,Awaiting court outcome,
8cb70cb92dfe9b3ce2238a7fbe28eaa32e63ee996c9c3cea55f1ca324750b47d,2014-05,Cheshire Constabulary,Cheshire Constabulary,-2.746532,53.334198,On or near Westfield Road,E01012429,Halton 012D,Vehicle crime,Investigation complete; no suspect identified,
8c4d02a2be53f85b6411a8781cf5d3067a31d652bab1556a06b0ed8de1be4024,2014-05,Cheshire Constabulary,Cheshire Constabulary,-2.748918,53.328098,On or near Weston Point Expressway,E01012429,Halton 012D,Violence and sexual offences,Formal action is not in the public interest,
73bcc82ab527e49b76a8ceaff1d138f5f411d329d31087f0d9de74aef264e5db,2014-05,Cheshire Constabulary,Cheshire Constabulary,-2.747331,53.330966,On or near Hale View,E01012429,Halton 012D,Violence and sexual offences,Under investigation,
,2014-05,Cheshire Constabulary,Cheshire Constabulary,-2.729558,53.342735,On or near Pool Lane,E01012430,Halton 012E,Anti-social behaviour,,
,2014-05,Cheshire Constabulary,Cheshire Constabulary,-2.728549,53.342561,On or near St Johns Street,E01012430,Halton 012E,Anti-social behaviour,,
,2014-05,Cheshire Constabulary,Cheshire Constabulary,-2.728549,53.342561,On or near St Johns Street,E01012430,Halton 012E,Anti-social behaviour,,
,2014-05,Cheshire Constabulary,Cheshire Constabulary,-2.728549,53.342561,On or near St Johns Street,E01012430,Halton 012E,Anti-social behaviour,,
,2014-05,Cheshire Constabulary,Cheshire Constabulary,-2.729558,53.342735,On or near Pool Lane,E01012430,Halton 012E,Anti-social behaviour,,
,2014-05,Cheshire Constabulary,Cheshire Constabulary,-2.740749,53.343664,On or near Blantyre Street,E01012430,Halton 012E,Anti-social behaviour,,
,2014-05,Cheshire Constabulary,Cheshire Constabulary,-2.738758,53.343209,On or near Lord Street,E01012430,Halton 012E,Anti-social behaviour,,
,2014-05,Cheshire Constabulary,Cheshire Constabulary,-2.740749,53.343664,On or near Blantyre Street,E01012430,Halton 012E,Anti-social behaviour,,
3e811270e7105dd2e6fddeaf93265eb01aacdbd0c809ba31969cdc0ee2937988,2014-05,Cheshire Constabulary,Cheshire Constabulary,-2.731307,53.342230,On or near Public Hall Street,E01012430,Halton 012E,Burglary,Under investigation,
e9662f0b59788a92ddde2e2f64fdacaca95c353eb316b070c13ebc66fa3941ae,2014-05,Cheshire Constabulary,Cheshire Constabulary,-2.731307,53.342230,On or near Public Hall Street,E01012430,Halton 012E,Burglary,Investigation complete; no suspect identified,
040eb5d9523ca7bc9c310465d2f9c57d940b3d1c94091f4f4d5becf4e38bf147,2014-05,Cheshire Constabulary,Cheshire Constabulary,-2.731307,53.342230,On or near Public Hall Street,E01012430,Halton 012E,Criminal damage and arson,Offender given community sentence,
4b38f5019097b1d230d4daea0cb36381e829d35710594a8cc3c309bea2647936,2014-05,Cheshire Constabulary,Cheshire Constabulary,-2.728868,53.341040,On or near Ellesmere Street,E01012430,Halton 012E,Drugs,Under investigation,
3fa513ba3e8b8c8af4f955810d5fee87931514f5ad8cfb4d821370ad79bbb65f,2014-05,Cheshire Constabulary,Cheshire Constabulary,-2.734407,53.342597,On or near Church Street,E01012430,Halton 012E,Other theft,Investigation complete; no suspect identified,
25124cb553c4843b098336ed3998e8f1f66f0a1f1b27152a65ae354cd965f9e7,2014-05,Cheshire Constabulary,Cheshire Constabulary,-2.735390,53.342097,On or near Regent Street,E01012430,Halton 012E,Other theft,Investigation complete; no suspect identified,
2e2b168d161728128b8a80d3b20ef1b03513cfbfc4d5e2aa8e5312a340818293,2014-05,Cheshire Constabulary,Cheshire Constabulary,-2.738088,53.343518,On or near Greek Street,E01012430,Halton 012E,Shoplifting,Unable to prosecute suspect,
bbb165e80187c87a95880b463c356e41b994f3f8adb4c206e2b8f5d5c102ba7c,2014-05,Cheshire Constabulary,Cheshire Constabulary,-2.734055,53.342213,On or near Supermarket,E01012430,Halton 012E,Shoplifting,Under investigation,
8c2509e5c9eab06ca02b2751bf6de4271576480c5e3dd70a35affd26e05a64a4,2014-05,Cheshire Constabulary,Cheshire Constabulary,-2.731307,53.342230,On or near Public Hall Street,E01012430,Halton 012E,Shoplifting,Under investigation,
ee8612e16247d32f81a1e740589f1c5628020211f262929b00f9c5d72d8e6f3b,2014-05,Cheshire Constabulary,Cheshire Constabulary,-2.733354,53.342496,On or near Granville Street,E01012430,Halton 012E,Shoplifting,Awaiting court outcome,
8424500054caaf88d43ff28bffa81b9ad08bc569def02ec47f8e52f115839ac5,2014-05,Cheshire Constabulary,Cheshire Constabulary,-2.734055,53.342213,On or near Supermarket,E01012430,Halton 012E,Shoplifting,Under investigation,
d2b7e4e845367c925404b057935b2810e0edd610e9e66481e51017329d07054d,2014-05,Cheshire Constabulary,Cheshire Constabulary,-2.734055,53.342213,On or near Supermarket,E01012430,Halton 012E,Shoplifting,Under investigation,
adeacbd0ea92941a76d6b78b6f6de4e15cbdb2612692233a7667c330c2b43dff,2014-05,Cheshire Constabulary,Cheshire Constabulary,-2.734055,53.342213,On or near Supermarket,E01012430,Halton 012E,Shoplifting,Under investigation,
58fdadc1bedca9ba4295e74b5f23564dc18e316e17ade61deb75f9da1b908cae,2014-05,Cheshire Constabulary,Cheshire Constabulary,-2.733354,53.342496,On or near Granville Street,E01012430,Halton 012E,Violence and sexual offences,Investigation complete; no suspect identified,
290e2c86c27589dcdf2f61b64f338e4a3880b3259b111bc30b7e76beb3fca1c8,2014-05,Cheshire Constabulary,Cheshire Constabulary,-2.730234,53.341859,On or near Penkeths Lane,E01012430,Halton 012E,Violence and sexual offences,Under investigation,
,2014-05,Cheshire Constabulary,Cheshire Constabulary,-2.724749,53.342575,On or near Irwell Lane,E01012431,Halton 012F,Anti-social behaviour,,
,2014-05,Cheshire Constabulary,Cheshire Constabulary,-2.737156,53.337376,On or near Arthur Street,E01012431,Halton 012F,Anti-social behaviour,,
,2014-05,Cheshire Constabulary,Cheshire Constabulary,-2.735903,53.342228,On or near Bridgewater Street,E01012431,Halton 012F,Anti-social behaviour,,
,2014-05,Cheshire Constabulary,Cheshire Constabulary,-2.732023,53.337587,On or near Walton Street,E01012431,Halton 012F,Anti-social behaviour,,
,2014-05,Cheshire Constabulary,Cheshire Constabulary,-2.732023,53.337587,On or near Walton Street,E01012431,Halton 012F,Anti-social behaviour,,
,2014-05,Cheshire Constabulary,Cheshire Constabulary,-2.738756,53.340485,On or near Station Road,E01012431,Halton 012F,Anti-social behaviour,,
,2014-05,Cheshire Constabulary,Cheshire Constabulary,-2.733285,53.339350,On or near Parking Area,E01012431,Halton 012F,Anti-social behaviour,,
,2014-05,Cheshire Constabulary,Cheshire Constabulary,-2.737478,53.341239,On or near Parking Area,E01012431,Halton 012F,Anti-social behaviour,,
,2014-05,Cheshire Constabulary,Cheshire Constabulary,-2.732023,53.337587,On or near Walton Street,E01012431,Halton 012F,Anti-social behaviour,,
,2014-05,Cheshire Constabulary,Cheshire Constabulary,-2.737478,53.341239,On or near Parking Area,E01012431,Halton 012F,Anti-social behaviour,,
,2014-05,Cheshire Constabulary,Cheshire Constabulary,-2.734642,53.341427,On or near Back High Street,E01012431,Halton 012F,Anti-social behaviour,,
,2014-05,Cheshire Constabulary,Cheshire Constabulary,-2.724286,53.341841,On or near Wivern Place,E01012431,Halton 012F,Anti-social behaviour,,
,2014-05,Cheshire Constabulary,Cheshire Constabulary,-2.735903,53.342228,On or near Bridgewater Street,E01012431,Halton 012F,Anti-social behaviour,,
,2014-05,Cheshire Constabulary,Cheshire Constabulary,-2.732023,53.337587,On or near Walton Street,E01012431,Halton 012F,Anti-social behaviour,,
,2014-05,Cheshire Constabulary,Cheshire Constabulary,-2.723831,53.340702,On or near Windmill Street,E01012431,Halton 012F,Anti-social behaviour,,
,2014-05,Cheshire Constabulary,Cheshire Constabulary,-2.726656,53.342537,On or near Bold Street,E01012431,Halton 012F,Anti-social behaviour,,
,2014-05,Cheshire Constabulary,Cheshire Constabulary,-2.723831,53.340702,On or near Windmill Street,E01012431,Halton 012F,Anti-social behaviour,,
,2014-05,Cheshire Constabulary,Cheshire Constabulary,-2.734642,53.341427,On or near Back High Street,E01012431,Halton 012F,Anti-social behaviour,,
,2014-05,Cheshire Constabulary,Cheshire Constabulary,-2.738756,53.340485,On or near Station Road,E01012431,Halton 012F,Anti-social behaviour,,
b007791105cff5ef3552cc0e4bd07bf7e96af93f6f86860ce5a1bf32ecf502d9,2014-05,Cheshire Constabulary,Cheshire Constabulary,-2.724749,53.342575,On or near Irwell Lane,E01012431,Halton 012F,Drugs,Offender given a caution,
df6706e995554e450db5799c8a148536db0f322436bbcde2b85761908b68a63a,2014-05,Cheshire Constabulary,Cheshire Constabulary,-2.737478,53.341239,On or near Parking Area,E01012431,Halton 012F,Drugs,Under investigation,
69c7287b0dfd20219119fd9d9610edb793dab4bf09ff801bcb18dc7879c27fab,2014-05,Cheshire Constabulary,Cheshire Constabulary,-2.737478,53.341239,On or near Parking Area,E01012431,Halton 012F,Drugs,Under investigation,
67d2f2fb7b1a320445025eff254d8620d5ea20dbbf6455dae247b57b93f5f214,2014-05,Cheshire Constabulary,Cheshire Constabulary,-2.737478,53.341239,On or near Parking Area,E01012431,Halton 012F,Other theft,Investigation complete; no suspect identified,
40c40dbdc47b74e097abe385be34c42aad1ffaf942a4edf975df0fda4ccc9a96,2014-05,Cheshire Constabulary,Cheshire Constabulary,-2.729093,53.336598,On or near Langdale Road,E01012431,Halton 012F,Other theft,Under investigation,
3024501a003ad6c6e6dd49b6d008682c674a46ce60ca225e05b962f5a6024c01,2014-05,Cheshire Constabulary,Cheshire Constabulary,-2.726032,53.340284,On or near Petrol Station,E01012431,Halton 012F,Other theft,Investigation complete; no suspect identified,
07805ea9b5ca7b3c1233c9d7fdc7e9b78e7ead57b9fcd5fa34774aff8c7cca8b,2014-05,Cheshire Constabulary,Cheshire Constabulary,-2.737478,53.341239,On or near Parking Area,E01012431,Halton 012F,Public order,Offender given a caution,
8a4d30073a48030adf9749b590c69d40c574c1fb1d992cdc69055b950a02b4f0,2014-05,Cheshire Constabulary,Cheshire Constabulary,-2.735869,53.341123,On or near High Street,E01012431,Halton 012F,Public order,Awaiting court outcome,
ec6d11fbef17c7ea6c0970f275fec99aa1d65876719f2988f1e2b095fa442e22,2014-05,Cheshire Constabulary,Cheshire Constabulary,-2.733285,53.339350,On or near Parking Area,E01012431,Halton 012F,Shoplifting,Awaiting court outcome,
4d113fb292f35da657fc10ab540f9e84781425e61d55eb3657bdc6fc59dc269c,2014-05,Cheshire Constabulary,Cheshire Constabulary,-2.733285,53.339350,On or near Parking Area,E01012431,Halton 012F,Shoplifting,Investigation complete; no suspect identified,
b4e1330d54135b9e5a7396da3c5f6e5f3274b5997801c973ac21453e506ea73b,2014-05,Cheshire Constabulary,Cheshire Constabulary,-2.733285,53.339350,On or near Parking Area,E01012431,Halton 012F,Shoplifting,Under investigation,
c2a5370912142f58ebee9037385488a3f5260fb023258fd152a3cec7feb5c4fb,2014-05,Cheshire Constabulary,Cheshire Constabulary,-2.733285,53.339350,On or near Parking Area,E01012431,Halton 012F,Shoplifting,Under investigation,
ad3feba5b74994452b33453c3d1e246dd99ff391745a3bfc335a01576c74a7eb,2014-05,Cheshire Constabulary,Cheshire Constabulary,-2.726656,53.342537,On or near Bold Street,E01012431,Halton 012F,Violence and sexual offences,Unable to prosecute suspect,
f488b09ecc5c4b75a1ca57c82b8bd3cfd0384293fdfa552a025f07e4d0287f3a,2014-05,Cheshire Constabulary,Cheshire Constabulary,-2.726656,53.342537,On or near Bold Street,E01012431,Halton 012F,Violence and sexual offences,Under investigation,
,2014-05,Cheshire Constabulary,Cheshire Constabulary,-2.702118,53.334567,On or near Calvers,E01012383,Halton 013A,Anti-social behaviour,,
,2014-05,Cheshire Constabulary,Cheshire Constabulary,-2.698464,53.336134,On or near Petrol Station,E01012383,Halton 013A,Anti-social behaviour,,
,2014-05,Cheshire Constabulary,Cheshire Constabulary,-2.699575,53.336137,On or near Halton Brow,E01012383,Halton 013A,Anti-social behaviour,,
,2014-05,Cheshire Constabulary,Cheshire Constabulary,-2.700175,53.332394,On or near Riversdale Road,E01012383,Halton 013A,Anti-social behaviour,,
,2014-05,Cheshire Constabulary,Cheshire Constabulary,-2.702440,53.336839,On or near Halton Brow,E01012383,Halton 013A,Anti-social behaviour,,
,2014-05,Cheshire Constabulary,Cheshire Constabulary,-2.700805,53.334197,On or near Pedestrian Subway,E01012383,Halton 013A,Anti-social behaviour,,
,2014-05,Cheshire Constabulary,Cheshire Constabulary,-2.698464,53.336134,On or near Petrol Station,E01012383,Halton 013A,Anti-social behaviour,,
079aa98cf63b3c95b1c1cba6d85ae084c55fb5f90ce0c25b515245deb9776584,2014-05,Cheshire Constabulary,Cheshire Constabulary,-2.698464,53.336134,On or near Petrol Station,E01012383,Halton 013A,Burglary,Awaiting court outcome,
0c52446f303d86d41cf28613f193c64244caeb4b720458eaa0f6bf41f7d6a7b3,2014-05,Cheshire Constabulary,Cheshire Constabulary,-2.702440,53.336839,On or near Halton Brow,E01012383,Halton 013A,Burglary,Under investigation,
5842bba1f22ac70c62f10b4a66af75b800939864fb9559671fbeb68a0179583a,2014-05,Cheshire Constabulary,Cheshire Constabulary,-2.702440,53.336839,On or near Halton Brow,E01012383,Halton 013A,Criminal damage and arson,Under investigation,
09b82b77c7b3d771f42dfa62aa84842fabcdab56fe0e443431f9ee9735256bbd,2014-05,Cheshire Constabulary,Cheshire Constabulary,-2.698464,53.336134,On or near Petrol Station,E01012383,Halton 013A,Public order,Under investigation,
630389c8df9ee54db00dc57f49b66fd5028c396e6dbca5fbd28be28d9d828da2,2014-05,Cheshire Constabulary,Cheshire Constabulary,-2.698464,53.336134,On or near Petrol Station,E01012383,Halton 013A,Shoplifting,Under investigation,
c9fdbc05d44a8b77404fa1d14a38a62c52fd2fc88c1d59bf7ec00b8dd24af1d0,2014-05,Cheshire Constabulary,Cheshire Constabulary,-2.698675,53.331603,On or near Lodge Lane,E01012383,Halton 013A,Violence and sexual offences,Under investigation,
cc236edd8682a8b3a5e045096b7a1de0c75ce5c4824aaa2e5df57eafa43f9dc4,2014-05,Cheshire Constabulary,Cheshire Constabulary,-2.698660,53.332520,On or near Hollybank Road,E01012383,Halton 013A,Violence and sexual offences,Under investigation,
,2014-05,Cheshire Constabulary,Cheshire Constabulary,-2.713696,53.331010,On or near Sycamore Road,E01012396,Halton 013B,Anti-social behaviour,,
,2014-05,Cheshire Constabulary,Cheshire Constabulary,-2.708846,53.328253,On or near Halton Lodge Avenue,E01012396,Halton 013B,Anti-social behaviour,,
,2014-05,Cheshire Constabulary,Cheshire Constabulary,-2.713696,53.331010,On or near Sycamore Road,E01012396,Halton 013B,Anti-social behaviour,,
,2014-05,Cheshire Constabulary,Cheshire Constabulary,-2.708426,53.329226,On or near Davenport Row,E01012396,Halton 013B,Anti-social behaviour,,
,2014-05,Cheshire Constabulary,Cheshire Constabulary,-2.706826,53.328687,On or near Cotton Lane,E01012396,Halton 013B,Anti-social behaviour,,
,2014-05,Cheshire Constabulary,Cheshire Constabulary,-2.706826,53.328687,On or near Cotton Lane,E01012396,Halton 013B,Anti-social behaviour,,
,2014-05,Cheshire Constabulary,Cheshire Constabulary,-2.704025,53.328209,On or near Central Expressway,E01012396,Halton 013B,Anti-social behaviour,,
6852b71d5a6bf294321b85fc1b1ec9b2bd8e0505d7d00b62f7163881965a930a,2014-05,Cheshire Constabulary,Cheshire Constabulary,-2.710555,53.329007,On or near Grangemoor,E01012396,Halton 013B,Criminal damage and arson,Investigation complete; no suspect identified,
346c1d10193b54a8a6f86c8952ebdccba6a2644d4ea63f412eaa86ae1742307a,2014-05,Cheshire Constabulary,Cheshire Constabulary,-2.706826,53.328687,On or near Cotton Lane,E01012396,Halton 013B,Criminal damage and arson,Investigation complete; no suspect identified,
b3db2a18d786a91d1df1108da0bff7e9a891244499b627efce8b5f5e06bab84a,2014-05,Cheshire Constabulary,Cheshire Constabulary,-2.711423,53.327024,On or near Grangeway,E01012396,Halton 013B,Drugs,Offender given a drugs possession warning,
05af55c623ba74676610392fd78950fdb895684f35ee28536a3e6c95aa1f6b0e,2014-05,Cheshire Constabulary,Cheshire Constabulary,-2.708426,53.329226,On or near Davenport Row,E01012396,Halton 013B,Other crime,Under investigation,
,2014-05,Cheshire Constabulary,Cheshire Constabulary,-2.722059,53.329180,On or near Sports/Recreation Area,E01012397,Halton 013C,Anti-social behaviour,,
,2014-05,Cheshire Constabulary,Cheshire Constabulary,-2.716516,53.329888,On or near Ash Grove,E01012397,Halton 013C,Anti-social behaviour,,
,2014-05,Cheshire Constabulary,Cheshire Constabulary,-2.720268,53.328886,On or near Linkway,E01012397,Halton 013C,Anti-social behaviour,,
,2014-05,Cheshire Constabulary,Cheshire Constabulary,-2.720685,53.331355,On or near Birch Road,E01012397,Halton 013C,Anti-social behaviour,,
,2014-05,Cheshire Constabulary,Cheshire Constabulary,-2.721522,53.332051,On or near Boston Avenue,E01012397,Halton 013C,Anti-social behaviour,,
,2014-05,Cheshire Constabulary,Cheshire Constabulary,-2.715043,53.330697,On or near Maple Avenue,E01012397,Halton 013C,Anti-social behaviour,,
,2014-05,Cheshire Constabulary,Cheshire Constabulary,-2.719028,53.330169,On or near Lime Grove,E01012397,Halton 013C,Anti-social behaviour,,
,2014-05,Cheshire Constabulary,Cheshire Constabulary,-2.721522,53.332051,On or near Boston Avenue,E01012397,Halton 013C,Anti-social behaviour,,
,2014-05,Cheshire Constabulary,Cheshire Constabulary,-2.716878,53.328241,On or near Supermarket,E01012397,Halton 013C,Anti-social behaviour,,
,2014-05,Cheshire Constabulary,Cheshire Constabulary,-2.720685,53.331355,On or near Birch Road,E01012397,Halton 013C,Anti-social behaviour,,
70019974cea24a661288fd3185e0b563869a265c7c5dd28982dd097fedd89166,2014-05,Cheshire Constabulary,Cheshire Constabulary,-2.716516,53.329888,On or near Ash Grove,E01012397,Halton 013C,Bicycle theft,Investigation complete; no suspect identified,
94dcd02079c075e8c778e0f2fc0426ace5afe140e1ccfba8db328219b8c69b49,2014-05,Cheshire Constabulary,Cheshire Constabulary,-2.721522,53.332051,On or near Boston Avenue,E01012397,Halton 013C,Burglary,Under investigation,
263b022dffe3139d6a8ad0afafdabb1c9e5fd713dc25620e94ca371e91210d02,2014-05,Cheshire Constabulary,Cheshire Constabulary,-2.715731,53.332338,On or near Runcorn Spur Road,E01012397,Halton 013C,Criminal damage and arson,Awaiting court outcome,
782100521474a500b04ff73714d6b9bcb99732bffad4f1c7e33bfa93f0527a69,2014-05,Cheshire Constabulary,Cheshire Constabulary,-2.716878,53.328241,On or near Supermarket,E01012397,Halton 013C,Criminal damage and arson,Offender given absolute discharge,
7332e4f47e99dcde262aa248e65d455adccb980ea134184069bdb4c4603dfe79,2014-05,Cheshire Constabulary,Cheshire Constabulary,-2.718108,53.330849,On or near Festival Way,E01012397,Halton 013C,Criminal damage and arson,Investigation complete; no suspect identified,
de22678979c8589aac81823bcf6c09cf74226362dfe5f1f73fbc7124ef542d2d,2014-05,Cheshire Constabulary,Cheshire Constabulary,-2.717955,53.331578,On or near Elm Road,E01012397,Halton 013C,Other theft,Investigation complete; no suspect identified,
8f94ae6442fc6d5cd81c0235c4a29113ca8a2807f02d68015aeee1cc029aefc8,2014-05,Cheshire Constabulary,Cheshire Constabulary,-2.716516,53.329888,On or near Ash Grove,E01012397,Halton 013C,Other theft,Under investigation,
f6c7e5ae81cc47cadfdecdc9736ec057a296f358a4d9a9e274d817b13a05e62c,2014-05,Cheshire Constabulary,Cheshire Constabulary,-2.716516,53.329888,On or near Ash Grove,E01012397,Halton 013C,Other theft,Under investigation,
1a2ed25283a0755ab86f6b8dc76ef5cbf163087664fdadf6ae067445c4881cd5,2014-05,Cheshire Constabulary,Cheshire Constabulary,-2.717955,53.331578,On or near Elm Road,E01012397,Halton 013C,Other theft,Investigation complete; no suspect identified,
3c4fb88a3228dc5285b4e6b809f083ccff9a61783fd95dbe379e6ad7071b6084,2014-05,Cheshire Constabulary,Cheshire Constabulary,-2.717066,53.328680,On or near Supermarket,E01012397,Halton 013C,Shoplifting,Under investigation,
3378bf335d1122f2546ef3b16151572c4a8d540ce228dc341956524d75e4bb0d,2014-05,Cheshire Constabulary,Cheshire Constabulary,-2.721522,53.332051,On or near Boston Avenue,E01012397,Halton 013C,Shoplifting,Awaiting court outcome,
09728678ee9f074795418819d61e616a8f4c88bea735891a115bc260a8219118,2014-05,Cheshire Constabulary,Cheshire Constabulary,-2.717066,53.328680,On or near Supermarket,E01012397,Halton 013C,Shoplifting,Under investigation,
bc49b6e7707d3ada05ec3d2c91beadf9b80b19c09e1d8db8dcdafd601aa4bc97,2014-05,Cheshire Constabulary,Cheshire Constabulary,-2.717066,53.328680,On or near Supermarket,E01012397,Halton 013C,Vehicle crime,Investigation complete; no suspect identified,
4dc9a95caebd0aeb5f57dae93b5f42561c7b09e0bf1331e0bdf97e083c694a35,2014-05,Cheshire Constabulary,Cheshire Constabulary,-2.719028,53.330169,On or near Lime Grove,E01012397,Halton 013C,Violence and sexual offences,Under investigation,
172c6db669900a12d8ea446a7b8bf2fe4c645d262602048ced69ea3c08433c02,2014-05,Cheshire Constabulary,Cheshire Constabulary,-2.715731,53.332338,On or near Runcorn Spur Road,E01012397,Halton 013C,Violence and sexual offences,Offender sent to prison,
7688067c2c98c2a9018a7d117648e17497fde275f536779c030cfdc7c7b1632b,2014-05,Cheshire Constabulary,Cheshire Constabulary,-2.720096,53.330289,On or near Lilac Crescent,E01012397,Halton 013C,Violence and sexual offences,Unable to prosecute suspect,
79d5872323fe2e9e519d12abdc08c97989215f824c96565925f80d6934f2092b,2014-05,Cheshire Constabulary,Cheshire Constabulary,-2.715731,53.332338,On or near Runcorn Spur Road,E01012397,Halton 013C,Violence and sexual offences,Awaiting court outcome,
,2014-05,Cheshire Constabulary,Cheshire Constabulary,-2.721914,53.327698,On or near Willow Close,E01012399,Halton 013D,Anti-social behaviour,,
,2014-05,Cheshire Constabulary,Cheshire Constabulary,-2.717217,53.326036,On or near Poplar Avenue,E01012399,Halton 013D,Anti-social behaviour,,
,2014-05,Cheshire Constabulary,Cheshire Constabulary,-2.716249,53.326546,On or near Cedar Avenue,E01012399,Halton 013D,Anti-social behaviour,,
,2014-05,Cheshire Constabulary,Cheshire Constabulary,-2.720557,53.326457,On or near Rowan Close,E01012399,Halton 013D,Anti-social behaviour,,
,2014-05,Cheshire Constabulary,Cheshire Constabulary,-2.720557,53.326457,On or near Rowan Close,E01012399,Halton 013D,Anti-social behaviour,,
68bdb6c92ca39daeb354e3070a223e1e600b95f7c05563bec00e1381bed20bf9,2014-05,Cheshire Constabulary,Cheshire Constabulary,-2.720557,53.326457,On or near Rowan Close,E01012399,Halton 013D,Criminal damage and arson,Under investigation,
4299988ba0e6dc64b9a9bacc10a99e1974e3100c018a70bcb23a69a961774da8,2014-05,Cheshire Constabulary,Cheshire Constabulary,-2.713557,53.328027,On or near Sports/Recreation Area,E01012399,Halton 013D,Criminal damage and arson,Investigation complete; no suspect identified,
,2014-05,Cheshire Constabulary,Cheshire Constabulary,-2.709906,53.334242,On or near Fallowfield,E01012403,Halton 013E,Anti-social behaviour,,
,2014-05,Cheshire Constabulary,Cheshire Constabulary,-2.706171,53.332700,On or near Meadway,E01012403,Halton 013E,Anti-social behaviour,,
,2014-05,Cheshire Constabulary,Cheshire Constabulary,-2.706171,53.332700,On or near Meadway,E01012403,Halton 013E,Anti-social behaviour,,
,2014-05,Cheshire Constabulary,Cheshire Constabulary,-2.706199,53.333455,On or near The Tithings,E01012403,Halton 013E,Anti-social behaviour,,
,2014-05,Cheshire Constabulary,Cheshire Constabulary,-2.708199,53.330881,On or near Brackendale,E01012403,Halton 013E,Anti-social behaviour,,
,2014-05,Cheshire Constabulary,Cheshire Constabulary,-2.707804,53.335162,On or near Penfolds,E01012403,Halton 013E,Anti-social behaviour,,
,2014-05,Cheshire Constabulary,Cheshire Constabulary,-2.707804,53.335162,On or near Penfolds,E01012403,Halton 013E,Anti-social behaviour,,
56f6dc68f37071921d4545c54af6c8b2ccbac037449d4680fe7d172fd219bb41,2014-05,Cheshire Constabulary,Cheshire Constabulary,-2.708943,53.335021,On or near The Winnows,E01012403,Halton 013E,Burglary,Under investigation,
f129c547b243ede32b120ac4a7d38130ad9ae49ebe39392564eff9143ec4a051,2014-05,Cheshire Constabulary,Cheshire Constabulary,-2.706199,53.333455,On or near The Tithings,E01012403,Halton 013E,Criminal damage and arson,Investigation complete; no suspect identified,
53f87ed1258b2ce38ca20979f634dcad8c6498f9d14b493c20bae3853434aa5c,2014-05,Cheshire Constabulary,Cheshire Constabulary,-2.706171,53.332700,On or near Meadway,E01012403,Halton 013E,Violence and sexual offences,Under investigation,
3f8a954afe36e1a304d728e3df86a65811600a8b3337f6f27eb808c653c8864e,2014-05,Cheshire Constabulary,Cheshire Constabulary,-2.707804,53.335162,On or near Penfolds,E01012403,Halton 013E,Violence and sexual offences,Unable to prosecute suspect,
c99f7e562409e11a91c4562049aa05bd5105bcab7b0836eb83bb8a029dff210d,2014-05,Cheshire Constabulary,Cheshire Constabulary,-2.706149,53.332242,On or near Halton Brook Avenue,E01012403,Halton 013E,Violence and sexual offences,Under investigation,
,2014-05,Cheshire Constabulary,Cheshire Constabulary,-2.703629,53.324194,On or near Tawny Court,E01012408,Halton 013F,Anti-social behaviour,,
,2014-05,Cheshire Constabulary,Cheshire Constabulary,-2.704184,53.322375,On or near Gaunts Way,E01012408,Halton 013F,Anti-social behaviour,,
,2014-05,Cheshire Constabulary,Cheshire Constabulary,-2.707599,53.322804,On or near Lodge Lane Interchange,E01012408,Halton 013F,Anti-social behaviour,,
,2014-05,Cheshire Constabulary,Cheshire Constabulary,-2.702420,53.322835,On or near Eagles Way,E01012408,Halton 013F,Anti-social behaviour,,
,2014-05,Cheshire Constabulary,Cheshire Constabulary,-2.703629,53.324194,On or near Tawny Court,E01012408,Halton 013F,Anti-social behaviour,,
,2014-05,Cheshire Constabulary,Cheshire Constabulary,-2.698774,53.326640,On or near Southway,E01012408,Halton 013F,Anti-social behaviour,,
,2014-05,Cheshire Constabulary,Cheshire Constabulary,-2.702420,53.322835,On or near Eagles Way,E01012408,Halton 013F,Anti-social behaviour,,
,2014-05,Cheshire Constabulary,Cheshire Constabulary,-2.711573,53.322493,On or near Handforth Lane,E01012408,Halton 013F,Anti-social behaviour,,
,2014-05,Cheshire Constabulary,Cheshire Constabulary,-2.698774,53.326640,On or near Southway,E01012408,Halton 013F,Anti-social behaviour,,
,2014-05,Cheshire Constabulary,Cheshire Constabulary,-2.708593,53.323868,On or near Budworth Close,E01012408,Halton 013F,Anti-social behaviour,,
,2014-05,Cheshire Constabulary,Cheshire Constabulary,-2.702420,53.322835,On or near Eagles Way,E01012408,Halton 013F,Anti-social behaviour,,
,2014-05,Cheshire Constabulary,Cheshire Constabulary,-2.698774,53.326640,On or near Southway,E01012408,Halton 013F,Anti-social behaviour,,
,2014-05,Cheshire Constabulary,Cheshire Constabulary,-2.702872,53.321097,On or near King James Court,E01012408,Halton 013F,Anti-social behaviour,,
,2014-05,Cheshire Constabulary,Cheshire Constabulary,-2.697979,53.327598,On or near Fifth Avenue,E01012408,Halton 013F,Anti-social behaviour,,
,2014-05,Cheshire Constabulary,Cheshire Constabulary,-2.708593,53.323868,On or near Budworth Close,E01012408,Halton 013F,Anti-social behaviour,,
,2014-05,Cheshire Constabulary,Cheshire Constabulary,-2.698774,53.326640,On or near Southway,E01012408,Halton 013F,Anti-social behaviour,,
,2014-05,Cheshire Constabulary,Cheshire Constabulary,-2.700366,53.322047,On or near Falcons Way,E01012408,Halton 013F,Anti-social behaviour,,
,2014-05,Cheshire Constabulary,Cheshire Constabulary,-2.710210,53.322717,On or near Fenwick Lane,E01012408,Halton 013F,Anti-social behaviour,,
5ad8e85519c7f31a3a362e37c5f79ccc93d84e291b7645588cb910fd9fb0e281,2014-05,Cheshire Constabulary,Cheshire Constabulary,-2.702872,53.321097,On or near King James Court,E01012408,Halton 013F,Burglary,Investigation complete; no suspect identified,
57f144b23e3cc3cabdee616d87f656b4b7da58d73f46591f53909ae9899f4da4,2014-05,Cheshire Constabulary,Cheshire Constabulary,-2.696455,53.327130,On or near Parking Area,E01012408,Halton 013F,Criminal damage and arson,Investigation complete; no suspect identified,
3d35412535e40dad6aaee6ba098c68e24223abcd3e3ea9053721c43b2b5359fb,2014-05,Cheshire Constabulary,Cheshire Constabulary,-2.702872,53.321097,On or near King James Court,E01012408,Halton 013F,Criminal damage and arson,Investigation complete; no suspect identified,
14f6e0d4db9904a0ecf10e47feee4504bd94f438f1301e87e642f56ca6470b86,2014-05,Cheshire Constabulary,Cheshire Constabulary,-2.698774,53.326640,On or near Southway,E01012408,Halton 013F,Other theft,Investigation complete; no suspect identified,
9bfd7e7024f134623439ad5d9679ada276d39bd9063d14dff707b9457b47d8f8,2014-05,Cheshire Constabulary,Cheshire Constabulary,-2.703629,53.324194,On or near Tawny Court,E01012408,Halton 013F,Other theft,Under investigation,
c7d16fa4d6e927a11e72f534e2c98ef928c2ab221cdc06729288297f72e35959,2014-05,Cheshire Constabulary,Cheshire Constabulary,-2.707783,53.325742,On or near Shopping Area,E01012408,Halton 013F,Other theft,Investigation complete; no suspect identified,
70759cc7f1479e028ec3a4d2944acc4701d10a4a97b6e88fc118b716575f7f03,2014-05,Cheshire Constabulary,Cheshire Constabulary,-2.699468,53.328632,On or near West Lane,E01012408,Halton 013F,Possession of weapons,Awaiting court outcome,
0d88481e4bf7be07878bdb7d5a41664ef2ad5f816c15c3bf0110c5edce83ef53,2014-05,Cheshire Constabulary,Cheshire Constabulary,-2.707783,53.325742,On or near Shopping Area,E01012408,Halton 013F,Public order,Offender given a caution,
e4e48bdf5262229654936728101ae442cec0706ff9b5b4f1da6812218414988c,2014-05,Cheshire Constabulary,Cheshire Constabulary,-2.697126,53.327783,On or near Supermarket,E01012408,Halton 013F,Shoplifting,Under investigation,
cf1d2f132789d4f2311392956668e30b37073f81875a14c87ba48de8410453e9,2014-05,Cheshire Constabulary,Cheshire Constabulary,-2.698491,53.327694,On or near Shopping Area,E01012408,Halton 013F,Shoplifting,Local resolution,
f90728f8f81ce1db5bae2defcf592a40dc001d89534f9418db611d744c401099,2014-05,Cheshire Constabulary,Cheshire Constabulary,-2.698491,53.327694,On or near Shopping Area,E01012408,Halton 013F,Shoplifting,Unable to prosecute suspect,
8f926d788c75b1d64aa24eb521aac4e74300c3437c678bfb652a59ea98c180e7,2014-05,Cheshire Constabulary,Cheshire Constabulary,-2.698774,53.326640,On or near Southway,E01012408,Halton 013F,Shoplifting,Offender given conditional discharge,
afc2738e14b6d25168f41223c43d22a2945dd13f300f940791591be996f0d248,2014-05,Cheshire Constabulary,Cheshire Constabulary,-2.698774,53.326640,On or near Southway,E01012408,Halton 013F,Shoplifting,Unable to prosecute suspect,
579958cb3ca939ea97fb1b43b8ea4b3d8c22379910a2dad598a7b7535e5939cf,2014-05,Cheshire Constabulary,Cheshire Constabulary,-2.698774,53.326640,On or near Southway,E01012408,Halton 013F,Shoplifting,Local resolution,
b2845fa51c452795365c589a3d944ee9045f9dda166fda2e095b3f976397adf3,2014-05,Cheshire Constabulary,Cheshire Constabulary,-2.697126,53.327783,On or near Supermarket,E01012408,Halton 013F,Shoplifting,Under investigation,
43d806663d7e30c44057dd1988ccdc0c12f805accdade03eeb871fd5eb23b157,2014-05,Cheshire Constabulary,Cheshire Constabulary,-2.698491,53.327694,On or near Shopping Area,E01012408,Halton 013F,Shoplifting,Offender given a caution,
6c599d1b508dee84168fe43ab91c16736bf4311156f887e45db8f0efeae9a6ed,2014-05,Cheshire Constabulary,Cheshire Constabulary,-2.698774,53.326640,On or near Southway,E01012408,Halton 013F,Shoplifting,Unable to prosecute suspect,
f8e6ab2936676ac0cc7dc506888ce666bb20e34e1b86bce51f4a42ed509fc7b7,2014-05,Cheshire Constabulary,Cheshire Constabulary,-2.698774,53.326640,On or near Southway,E01012408,Halton 013F,Shoplifting,Awaiting court outcome,
3899ba475d3ba1271743585e92e9f5df7bd213c8f3ce256a24d82947e36ed5b7,2014-05,Cheshire Constabulary,Cheshire Constabulary,-2.698774,53.326640,On or near Southway,E01012408,Halton 013F,Shoplifting,Unable to prosecute suspect,
42f9c5c22ba6f0e0b6632eb4740dd3fb1b68efadc11e3e66d2fa1c03dbd5579d,2014-05,Cheshire Constabulary,Cheshire Constabulary,-2.698491,53.327694,On or near Shopping Area,E01012408,Halton 013F,Shoplifting,Awaiting court outcome,
90ae95109f4d0c9fa010aacef52956af9a9857db8b5d05192b8ef4a94fcf3ac5,2014-05,Cheshire Constabulary,Cheshire Constabulary,-2.701248,53.329170,On or near Supermarket,E01012408,Halton 013F,Shoplifting,Under investigation,
901dc1f01c3b80fb41f3531a1b0dd8b6f1f422a1d131f7840f5355793fcd8170,2014-05,Cheshire Constabulary,Cheshire Constabulary,-2.701248,53.329170,On or near Supermarket,E01012408,Halton 013F,Shoplifting,Under investigation,
b024dafb9793f9fb41f01a328e54dd47e3b6af2c0a51fa2a364e72643ca28ff1,2014-05,Cheshire Constabulary,Cheshire Constabulary,-2.701708,53.323351,On or near Hobby Court,E01012408,Halton 013F,Violence and sexual offences,Under investigation,
d56b6f6fda7aee7c3e523b81a6b297fc0aa5ae7eaff35f0dbf4bc97205ad7af7,2014-05,Cheshire Constabulary,Cheshire Constabulary,-2.707783,53.325742,On or near Shopping Area,E01012408,Halton 013F,Violence and sexual offences,Under investigation,
,2014-05,Cheshire Constabulary,Cheshire Constabulary,-2.660329,53.326068,On or near Moorland Drive,E01012432,Halton 014A,Anti-social behaviour,,
,2014-05,Cheshire Constabulary,Cheshire Constabulary,-2.663607,53.327345,On or near Sabre Close,E01012432,Halton 014A,Anti-social behaviour,,
,2014-05,Cheshire Constabulary,Cheshire Constabulary,-2.665341,53.325861,On or near Humphrey'S Close,E01012432,Halton 014A,Anti-social behaviour,,
,2014-05,Cheshire Constabulary,Cheshire Constabulary,-2.663607,53.327345,On or near Sabre Close,E01012432,Halton 014A,Anti-social behaviour,,
,2014-05,Cheshire Constabulary,Cheshire Constabulary,-2.663272,53.327994,On or near Barton Close,E01012432,Halton 014A,Anti-social behaviour,,
886bd3d7f67c58eedcd9afd351145ceb18d84bbb31fe7cad80791a974dc271f9,2014-05,Cheshire Constabulary,Cheshire Constabulary,-2.659583,53.326342,On or near Barington Drive,E01012432,Halton 014A,Burglary,Investigation complete; no suspect identified,
92981a9d34acc937853e229068fd8cb8cd9a71dc7d672e06e5e8bbe64ea6e5e1,2014-05,Cheshire Constabulary,Cheshire Constabulary,-2.664034,53.325814,On or near Baxter Close,E01012432,Halton 014A,Other theft,Under investigation,
82068e273d31b2d6e3feec9e878ef34bb4ad4ecd841db1f2082725f0ca4f849c,2014-05,Cheshire Constabulary,Cheshire Constabulary,-2.664034,53.325814,On or near Baxter Close,E01012432,Halton 014A,Other theft,Under investigation,
19db98287d5bebd0f2ae13c0b69169ca923fd0835077f943a57b18e0ec4b23d9,2014-05,Cheshire Constabulary,Cheshire Constabulary,-2.664034,53.325814,On or near Baxter Close,E01012432,Halton 014A,Other theft,Under investigation,
36e45b7755b1ecf021018bbc26aeedf55236382ed117c62be8624703dc6a67b8,2014-05,Cheshire Constabulary,Cheshire Constabulary,-2.664337,53.327008,On or near Starling Close,E01012432,Halton 014A,Public order,Investigation complete; no suspect identified,
,2014-05,Cheshire Constabulary,Cheshire Constabulary,-2.664572,53.319878,On or near Quadrant Close,E01012433,Halton 014B,Anti-social behaviour,,
,2014-05,Cheshire Constabulary,Cheshire Constabulary,-2.665154,53.318671,On or near Blyth Close,E01012433,Halton 014B,Anti-social behaviour,,
,2014-05,Cheshire Constabulary,Cheshire Constabulary,-2.663586,53.320208,On or near Sextant Close,E01012433,Halton 014B,Anti-social behaviour,,
,2014-05,Cheshire Constabulary,Cheshire Constabulary,-2.659587,53.322747,On or near Plymouth Close,E01012433,Halton 014B,Anti-social behaviour,,
,2014-05,Cheshire Constabulary,Cheshire Constabulary,-2.663586,53.320208,On or near Sextant Close,E01012433,Halton 014B,Anti-social behaviour,,
,2014-05,Cheshire Constabulary,Cheshire Constabulary,-2.665154,53.318671,On or near Blyth Close,E01012433,Halton 014B,Anti-social behaviour,,
,2014-05,Cheshire Constabulary,Cheshire Constabulary,-2.659587,53.322747,On or near Plymouth Close,E01012433,Halton 014B,Anti-social behaviour,,
,2014-05,Cheshire Constabulary,Cheshire Constabulary,-2.663586,53.320208,On or near Sextant Close,E01012433,Halton 014B,Anti-social behaviour,,
71dc3e8ec4e11bc48899b6a0b9ebdad4567f34818cc9aab79775995603c21705,2014-05,Cheshire Constabulary,Cheshire Constabulary,-2.662014,53.323344,On or near Gorsewood Road,E01012433,Halton 014B,Criminal damage and arson,Under investigation,
3fab61100e93a07e24ce4c20496d0b0e6da38cc5ee564453bc75badee0304f97,2014-05,Cheshire Constabulary,Cheshire Constabulary,-2.657948,53.322558,On or near Exmouth Crescent,E01012433,Halton 014B,Criminal damage and arson,Investigation complete; no suspect identified,
1115f7239c4b30f2bdf94e52f9ab1fa82b130d0dc89249babe41a7a9b10e4425,2014-05,Cheshire Constabulary,Cheshire Constabulary,-2.664572,53.319878,On or near Quadrant Close,E01012433,Halton 014B,Criminal damage and arson,Investigation complete; no suspect identified,
3a883f32f1da5aae43fc1f48972ec08ee26040acf34efc2827e8ab87ee0facfa,2014-05,Cheshire Constabulary,Cheshire Constabulary,-2.661054,53.322478,On or near Dover Close,E01012433,Halton 014B,Criminal damage and arson,Investigation complete; no suspect identified,
74b30b61681fdc9ac39063fa06b4f1b5cfbe374f7ed6fc281adc58c9879c5948,2014-05,Cheshire Constabulary,Cheshire Constabulary,-2.654249,53.324160,On or near Dukes Wharf,E01012433,Halton 014B,Other theft,Investigation complete; no suspect identified,
29a340a0e03e490322ad6af6c5919986471c21a74568348d9e6a063d5817a5c9,2014-05,Cheshire Constabulary,Cheshire Constabulary,-2.657127,53.325807,On or near Marina Lane,E01012433,Halton 014B,Vehicle crime,Investigation complete; no suspect identified,
65d3488c9ee1c4a06c173fd6045ff5aef9f4bff28a41b6b7ccef87fff3b3eeaf,2014-05,Cheshire Constabulary,Cheshire Constabulary,-2.663586,53.320208,On or near Sextant Close,E01012433,Halton 014B,Violence and sexual offences,Awaiting court outcome,
58707d684104f5cc965e652e4dca89b15339e9723335b3d9e100d534741df347,2014-05,Cheshire Constabulary,Cheshire Constabulary,-2.664572,53.319878,On or near Quadrant Close,E01012433,Halton 014B,Violence and sexual offences,Under investigation,
,2014-05,Cheshire Constabulary,Cheshire Constabulary,-2.669489,53.324238,On or near Parkgate Way,E01012436,Halton 014C,Anti-social behaviour,,
,2014-05,Cheshire Constabulary,Cheshire Constabulary,-2.672385,53.325120,On or near Folkstone Way,E01012436,Halton 014C,Anti-social behaviour,,
,2014-05,Cheshire Constabulary,Cheshire Constabulary,-2.674212,53.320058,On or near Penare,E01012436,Halton 014C,Anti-social behaviour,,
,2014-05,Cheshire Constabulary,Cheshire Constabulary,-2.672385,53.325120,On or near Folkstone Way,E01012436,Halton 014C,Anti-social behaviour,,
,2014-05,Cheshire Constabulary,Cheshire Constabulary,-2.668213,53.323274,On or near Bournemouth Close,E01012436,Halton 014C,Anti-social behaviour,,
c31bcbc9a93af541c1e5505cd59496ab59e62db41a97bb1a25c3b8cd070d616e,2014-05,Cheshire Constabulary,Cheshire Constabulary,-2.672385,53.325120,On or near Folkstone Way,E01012436,Halton 014C,Burglary,Investigation complete; no suspect identified,
b9984cd1c06effac7066b4d462d8f3ece1a9ff805b4858bc9aede5fb71483979,2014-05,Cheshire Constabulary,Cheshire Constabulary,-2.672372,53.323313,On or near Tynemouth Road,E01012436,Halton 014C,Criminal damage and arson,Under investigation,
1a86ebd0fc79eda74085eeb55632d7d41cd9db135c595370b5287e339e4f3c61,2014-05,Cheshire Constabulary,Cheshire Constabulary,-2.669489,53.324238,On or near Parkgate Way,E01012436,Halton 014C,Criminal damage and arson,Investigation complete; no suspect identified,
b8a652aef4b7eba864d090e9b384d8ae55609cc138863065dc730551144af76b,2014-05,Cheshire Constabulary,Cheshire Constabulary,-2.672385,53.325120,On or near Folkstone Way,E01012436,Halton 014C,Other theft,Investigation complete; no suspect identified,
79463af1c2e65b0aacea36afb83fa20ec3a729a61ec2ee952997d6f11bfa2d57,2014-05,Cheshire Constabulary,Cheshire Constabulary,-2.674206,53.319636,On or near Gorran Haven,E01012436,Halton 014C,Other theft,Under investigation,
a1e54478da97e897944e9fecb0d83f93b5fd320cea33761a21905227fbb41f94,2014-05,Cheshire Constabulary,Cheshire Constabulary,-2.671411,53.321404,On or near Wood Lane,E01012436,Halton 014C,Vehicle crime,Investigation complete; no suspect identified,
bc0f077222862c1cb61d7fa3ed0e98543c15bba933b0e2f79265e811b275b012,2014-05,Cheshire Constabulary,Cheshire Constabulary,-2.671411,53.321404,On or near Wood Lane,E01012436,Halton 014C,Vehicle crime,Investigation complete; no suspect identified,
,2014-05,Cheshire Constabulary,Cheshire Constabulary,-2.665305,53.321654,On or near Anchor Close,E01012438,Halton 014D,Anti-social behaviour,,
,2014-05,Cheshire Constabulary,Cheshire Constabulary,-2.666646,53.319085,On or near Rose Close,E01012438,Halton 014D,Anti-social behaviour,,
,2014-05,Cheshire Constabulary,Cheshire Constabulary,-2.665305,53.321654,On or near Anchor Close,E01012438,Halton 014D,Anti-social behaviour,,
e62f8ec89d3d28e8c95d675162dee921070d8d36620e6d934c900ae4f3d574f3,2014-05,Cheshire Constabulary,Cheshire Constabulary,-2.663127,53.322556,On or near Mooring Close,E01012438,Halton 014D,Criminal damage and arson,Investigation complete; no suspect identified,
203a21c4027f6a88160cbcb1869b9d8698b3a5320d163af48aaa59a87ad37ee6,2014-05,Cheshire Constabulary,Cheshire Constabulary,-2.665452,53.323397,On or near Supermarket,E01012438,Halton 014D,Shoplifting,Under investigation,
5222bf5a9b42741873ed959778806a854e9ddbb83522080813ea759fdbb0ccb3,2014-05,Cheshire Constabulary,Cheshire Constabulary,-2.665452,53.323397,On or near Supermarket,E01012438,Halton 014D,Shoplifting,Under investigation,
cc3fb092634419886dd93eefde7042d21bf8aa29b25995c2a00382120b42d33f,2014-05,Cheshire Constabulary,Cheshire Constabulary,-2.665452,53.323397,On or near Supermarket,E01012438,Halton 014D,Shoplifting,Under investigation,
4b8e65b5f443e590aa06918fb3e091369a36fc0f55d3e2fe34ed9cc77f299d0b,2014-05,Cheshire Constabulary,Cheshire Constabulary,-2.665305,53.321654,On or near Anchor Close,E01012438,Halton 014D,Violence and sexual offences,Awaiting court outcome,
,2014-05,Cheshire Constabulary,Cheshire Constabulary,-2.679153,53.316390,On or near Ridding Lane,E01012440,Halton 014E,Anti-social behaviour,,
,2014-05,Cheshire Constabulary,Cheshire Constabulary,-2.679153,53.316390,On or near Ridding Lane,E01012440,Halton 014E,Anti-social behaviour,,
,2014-05,Cheshire Constabulary,Cheshire Constabulary,-2.679153,53.316390,On or near Ridding Lane,E01012440,Halton 014E,Anti-social behaviour,,
fd5980aae8fdcff2c6c8ce68ace905cd42c5e85947873f8cf29b3ddef88c7c79,2014-05,Cheshire Constabulary,Cheshire Constabulary,-2.675756,53.316112,On or near Northwich Road,E01012440,Halton 014E,Burglary,Investigation complete; no suspect identified,
99c3de8a004be0830af0b74f1dd8b545398d41049e86482938b629f55332999c,2014-05,Cheshire Constabulary,Cheshire Constabulary,-2.676517,53.317708,On or near Clovelly Grove,E01012440,Halton 014E,Criminal damage and arson,Under investigation,
,2014-05,Cheshire Constabulary,Cheshire Constabulary,-2.696991,53.328691,On or near Bus/Coach Station,E01012406,Halton 015A,Anti-social behaviour,,
,2014-05,Cheshire Constabulary,Cheshire Constabulary,-2.693951,53.330075,On or near Holt Lane,E01012406,Halton 015A,Anti-social behaviour,,
,2014-05,Cheshire Constabulary,Cheshire Constabulary,-2.686587,53.322244,On or near Sports/Recreation Area,E01012406,Halton 015A,Anti-social behaviour,,
,2014-05,Cheshire Constabulary,Cheshire Constabulary,-2.696991,53.328691,On or near Bus/Coach Station,E01012406,Halton 015A,Anti-social behaviour,,
a4bf2c183b018700d7a570c43110f73e373a7579d496b165beebd62de2ca9b2a,2014-05,Cheshire Constabulary,Cheshire Constabulary,-2.684710,53.325931,On or near Iveagh Close,E01012406,Halton 015A,Criminal damage and arson,Under investigation,
cbf907da643b7e11df6ef66d18b1618891768c4fe22df005501d498bb6079ee1,2014-05,Cheshire Constabulary,Cheshire Constabulary,-2.684701,53.325374,On or near Martin Close,E01012406,Halton 015A,Other theft,Investigation complete; no suspect identified,
c7b398e48f2b1ef66142cb7e13f11a8f25ef38910a28f26d2d08b75bfe232a30,2014-05,Cheshire Constabulary,Cheshire Constabulary,-2.693951,53.330075,On or near Holt Lane,E01012406,Halton 015A,Violence and sexual offences,Under investigation,
4cd4c5dc490614c290f8dded1561f5d87f6e2776b9c9d552a5422ee2b24ee9f3,2014-05,Cheshire Constabulary,Cheshire Constabulary,-2.684710,53.325931,On or near Iveagh Close,E01012406,Halton 015A,Violence and sexual offences,Under investigation,
,2014-05,Cheshire Constabulary,Cheshire Constabulary,-2.689554,53.322811,On or near Pedestrian Subway,E01012407,Halton 015B,Anti-social behaviour,,
,2014-05,Cheshire Constabulary,Cheshire Constabulary,-2.689554,53.322811,On or near Pedestrian Subway,E01012407,Halton 015B,Anti-social behaviour,,
,2014-05,Cheshire Constabulary,Cheshire Constabulary,-2.690437,53.326392,On or near The Uplands,E01012407,Halton 015B,Anti-social behaviour,,
,2014-05,Cheshire Constabulary,Cheshire Constabulary,-2.689554,53.322811,On or near Pedestrian Subway,E01012407,Halton 015B,Anti-social behaviour,,
,2014-05,Cheshire Constabulary,Cheshire Constabulary,-2.690437,53.326392,On or near The Uplands,E01012407,Halton 015B,Anti-social behaviour,,
,2014-05,Cheshire Constabulary,Cheshire Constabulary,-2.693892,53.325554,On or near Pedestrian Subway,E01012407,Halton 015B,Anti-social behaviour,,
,2014-05,Cheshire Constabulary,Cheshire Constabulary,-2.689464,53.324663,On or near Cunliffe Close,E01012407,Halton 015B,Anti-social behaviour,,
,2014-05,Cheshire Constabulary,Cheshire Constabulary,-2.693130,53.324876,On or near Pedestrian Subway,E01012407,Halton 015B,Anti-social behaviour,,
,2014-05,Cheshire Constabulary,Cheshire Constabulary,-2.690437,53.326392,On or near The Uplands,E01012407,Halton 015B,Anti-social behaviour,,
,2014-05,Cheshire Constabulary,Cheshire Constabulary,-2.690278,53.323948,On or near Charlton Close,E01012407,Halton 015B,Anti-social behaviour,,
,2014-05,Cheshire Constabulary,Cheshire Constabulary,-2.690437,53.326392,On or near The Uplands,E01012407,Halton 015B,Anti-social behaviour,,
,2014-05,Cheshire Constabulary,Cheshire Constabulary,-2.700252,53.322416,On or near Hunters Court,E01012407,Halton 015B,Anti-social behaviour,,
,2014-05,Cheshire Constabulary,Cheshire Constabulary,-2.687836,53.326147,On or near Rawdon Close,E01012407,Halton 015B,Anti-social behaviour,,
,2014-05,Cheshire Constabulary,Cheshire Constabulary,-2.698959,53.324176,On or near Thomas Court,E01012407,Halton 015B,Anti-social behaviour,,
,2014-05,Cheshire Constabulary,Cheshire Constabulary,-2.690437,53.326392,On or near The Uplands,E01012407,Halton 015B,Anti-social behaviour,,
,2014-05,Cheshire Constabulary,Cheshire Constabulary,-2.690437,53.326392,On or near The Uplands,E01012407,Halton 015B,Anti-social behaviour,,
,2014-05,Cheshire Constabulary,Cheshire Constabulary,-2.693892,53.325554,On or near Pedestrian Subway,E01012407,Halton 015B,Anti-social behaviour,,
,2014-05,Cheshire Constabulary,Cheshire Constabulary,-2.699483,53.324047,On or near Putney Court,E01012407,Halton 015B,Anti-social behaviour,,
,2014-05,Cheshire Constabulary,Cheshire Constabulary,-2.687836,53.326147,On or near Rawdon Close,E01012407,Halton 015B,Anti-social behaviour,,
0ba6f46edc0666a84354c4c2591f5878dc38315601801872bdc2dcf6bc84fde1,2014-05,Cheshire Constabulary,Cheshire Constabulary,-2.693130,53.324876,On or near Pedestrian Subway,E01012407,Halton 015B,Burglary,Investigation complete; no suspect identified,
732ee1574112a53c34622c1bac563f39eac71f2629d85dec8f7104e48ebd1291,2014-05,Cheshire Constabulary,Cheshire Constabulary,-2.693130,53.324876,On or near Pedestrian Subway,E01012407,Halton 015B,Burglary,Under investigation,
59f42967ed9b3082deaba2dbcc2d29dc2fd7c65ae0c7e74e3c223bba290253eb,2014-05,Cheshire Constabulary,Cheshire Constabulary,-2.690437,53.326392,On or near The Uplands,E01012407,Halton 015B,Criminal damage and arson,Awaiting court outcome,
87ee848ba8075c7468932ddc07182374f614671496c559dfb6f26949cb7a6f72,2014-05,Cheshire Constabulary,Cheshire Constabulary,-2.687836,53.326147,On or near Rawdon Close,E01012407,Halton 015B,Criminal damage and arson,Investigation complete; no suspect identified,
71e9534c317135b22d656d098c72531b88de305331526af4411a423f4434e4af,2014-05,Cheshire Constabulary,Cheshire Constabulary,-2.693130,53.324876,On or near Pedestrian Subway,E01012407,Halton 015B,Criminal damage and arson,Investigation complete; no suspect identified,
65c79bd0866ff24703d5530c7e6562f60f6e3c5ddb0a6755de475d24a2fae2ae,2014-05,Cheshire Constabulary,Cheshire Constabulary,-2.687836,53.326147,On or near Rawdon Close,E01012407,Halton 015B,Criminal damage and arson,Investigation complete; no suspect identified,
aecb31bd8c52da509e28f3996986a16ed31293f3311339427fe57ac9ae7d9d05,2014-05,Cheshire Constabulary,Cheshire Constabulary,-2.690437,53.326392,On or near The Uplands,E01012407,Halton 015B,Criminal damage and arson,Under investigation,
22bfa9ae65b9d8e8a047177653c9972cfff8fce4520f4df1958981cbbfda9c96,2014-05,Cheshire Constabulary,Cheshire Constabulary,-2.693130,53.324876,On or near Pedestrian Subway,E01012407,Halton 015B,Criminal damage and arson,Investigation complete; no suspect identified,
51d704fe273f9fa630f9117fb4624fe7b0dd0a46ee50a4dbe4545b3c1a7b8b14,2014-05,Cheshire Constabulary,Cheshire Constabulary,-2.693130,53.324876,On or near Pedestrian Subway,E01012407,Halton 015B,Other theft,Under investigation,
90935820bc18fdc3ef0aa40d3afb1c88ebf5b962cb735443ecb18b447cba879a,2014-05,Cheshire Constabulary,Cheshire Constabulary,-2.689554,53.322811,On or near Pedestrian Subway,E01012407,Halton 015B,Shoplifting,Under investigation,
e92c22188e91a4c35e6f900382106baf1f0afa251a391ac06fd9242b4a592c23,2014-05,Cheshire Constabulary,Cheshire Constabulary,-2.693130,53.324876,On or near Pedestrian Subway,E01012407,Halton 015B,Violence and sexual offences,Unable to prosecute suspect,
d0aef617d70de25cc78f62a9eaf3946a8450adc19d04d605414f23f03e71f851,2014-05,Cheshire Constabulary,Cheshire Constabulary,-2.693130,53.324876,On or near Pedestrian Subway,E01012407,Halton 015B,Violence and sexual offences,Unable to prosecute suspect,
2a4b33ff25896408833da427995b9d8df00ed62040ac39fec13973dba326eaa5,2014-05,Cheshire Constabulary,Cheshire Constabulary,-2.690437,53.326392,On or near The Uplands,E01012407,Halton 015B,Violence and sexual offences,Awaiting court outcome,
0952abb9d91a57488f5e6f1f213f21aadd14934ffe3479ebc53cdf321719d25d,2014-05,Cheshire Constabulary,Cheshire Constabulary,-2.687836,53.326147,On or near Rawdon Close,E01012407,Halton 015B,Violence and sexual offences,Unable to prosecute suspect,
89ae40fff7e56f07c25a62b41581807050b232bceb9a635371001cb682b3cbef,2014-05,Cheshire Constabulary,Cheshire Constabulary,-2.698654,53.322920,On or near Cote Lea Court,E01012407,Halton 015B,Violence and sexual offences,Under investigation,
46c8e4242484010a1efb810540f2c95babf14062e845e049e9d6e1f93408a54c,2014-05,Cheshire Constabulary,Cheshire Constabulary,-2.693892,53.325554,On or near Pedestrian Subway,E01012407,Halton 015B,Violence and sexual offences,Under investigation,
e5eab5db751de42ef376d650db1e73d890c9edf33567694dfeb7de08aa571285,2014-05,Cheshire Constabulary,Cheshire Constabulary,-2.693892,53.325554,On or near Pedestrian Subway,E01012407,Halton 015B,Violence and sexual offences,Under investigation,
b3264f79b1a2101be1388bdf2edbcd61027b1433a90bb9e1613701434608bf80,2014-05,Cheshire Constabulary,Cheshire Constabulary,-2.693892,53.325554,On or near Pedestrian Subway,E01012407,Halton 015B,Violence and sexual offences,Under investigation,
2f22456704d76e86258ef148b5923acdd50587e6e754eab35082b3c6e1ba6a1d,2014-05,Cheshire Constabulary,Cheshire Constabulary,-2.693892,53.325554,On or near Pedestrian Subway,E01012407,Halton 015B,Violence and sexual offences,Under investigation,
,2014-05,Cheshire Constabulary,Cheshire Constabulary,-2.686180,53.320233,On or near Sports/Recreation Area,E01012409,Halton 015C,Anti-social behaviour,,
,2014-05,Cheshire Constabulary,Cheshire Constabulary,-2.696248,53.318080,On or near Pedestrian Subway,E01012409,Halton 015C,Anti-social behaviour,,
,2014-05,Cheshire Constabulary,Cheshire Constabulary,-2.697755,53.322107,On or near Hallwood Link Road,E01012409,Halton 015C,Anti-social behaviour,,
,2014-05,Cheshire Constabulary,Cheshire Constabulary,-2.690892,53.320115,On or near Palace Fields Avenue,E01012409,Halton 015C,Anti-social behaviour,,
700b00174840958347ec442fcdd460d7d21bf8f08faa799232a9e44de235dcf6,2014-05,Cheshire Constabulary,Cheshire Constabulary,-2.693243,53.319751,On or near The Glen,E01012409,Halton 015C,Criminal damage and arson,Under investigation,
f1b16e901565b42336d99472b246f3f74662a79701652c960d13a1d16b73e82e,2014-05,Cheshire Constabulary,Cheshire Constabulary,-2.695525,53.320745,On or near Sports/Recreation Area,E01012409,Halton 015C,Drugs,Offender given a drugs possession warning,
b15392de46c907129f9ab7d7df8ec9b42af6013a0d843ef06c3382083fabcd03,2014-05,Cheshire Constabulary,Cheshire Constabulary,-2.694605,53.323249,On or near Hospital,E01012409,Halton 015C,Other theft,Investigation complete; no suspect identified,
b7a48b7a59e2e53013f8bd9e53078cc68dec1703b1ddfa945dcf7ae7741529af,2014-05,Cheshire Constabulary,Cheshire Constabulary,-2.686180,53.320233,On or near Sports/Recreation Area,E01012409,Halton 015C,Public order,Awaiting court outcome,
8e0144060e30b57f53a1b4a586feca4acb263545368bf04d6ca81cde09424611,2014-05,Cheshire Constabulary,Cheshire Constabulary,-2.694605,53.323249,On or near Hospital,E01012409,Halton 015C,Robbery,Awaiting court outcome,
c97a10624e82e22b853bd944931da528239ebcef65c6bf856f363fc1c5a9edb6,2014-05,Cheshire Constabulary,Cheshire Constabulary,-2.697755,53.322107,On or near Hallwood Link Road,E01012409,Halton 015C,Shoplifting,Under investigation,
d48350d6bab71ee4d237f710f322ec97129884694fc03bfeae3bbc9aebc83a67,2014-05,Cheshire Constabulary,Cheshire Constabulary,-2.694605,53.323249,On or near Hospital,E01012409,Halton 015C,Violence and sexual offences,Under investigation,
0100728d1f4a55a021be473917197b3b03c6951a0bf18a909bf28d1a576574de,2014-05,Cheshire Constabulary,Cheshire Constabulary,-2.690892,53.320115,On or near Palace Fields Avenue,E01012409,Halton 015C,Violence and sexual offences,Under investigation,
7e12125c47eefb904b632828f9bb1b52b2bf69b590cfbd2d3e2756eb04eb9347,2014-05,Cheshire Constabulary,Cheshire Constabulary,-2.691504,53.322683,On or near Stone Barn Lane,E01012409,Halton 015C,Violence and sexual offences,Unable to prosecute suspect,
,2014-05,Cheshire Constabulary,Cheshire Constabulary,-2.677054,53.324123,On or near Parking Area,E01012437,Halton 015D,Anti-social behaviour,,
,2014-05,Cheshire Constabulary,Cheshire Constabulary,-2.680519,53.320157,On or near Stratton Close,E01012437,Halton 015D,Anti-social behaviour,,
,2014-05,Cheshire Constabulary,Cheshire Constabulary,-2.680887,53.321593,On or near Liskeard Close,E01012437,Halton 015D,Anti-social behaviour,,
,2014-05,Cheshire Constabulary,Cheshire Constabulary,-2.680887,53.321593,On or near Liskeard Close,E01012437,Halton 015D,Anti-social behaviour,,
,2014-05,Cheshire Constabulary,Cheshire Constabulary,-2.682940,53.318525,On or near Woodhatch Road,E01012439,Halton 015E,Anti-social behaviour,,
,2014-05,Cheshire Constabulary,Cheshire Constabulary,-2.676738,53.318408,On or near Sennen Close,E01012439,Halton 015E,Anti-social behaviour,,
,2014-05,Cheshire Constabulary,Cheshire Constabulary,-2.682940,53.318525,On or near Woodhatch Road,E01012439,Halton 015E,Anti-social behaviour,,
,2014-05,Cheshire Constabulary,Cheshire Constabulary,-2.682940,53.318525,On or near Woodhatch Road,E01012439,Halton 015E,Anti-social behaviour,,
,2014-05,Cheshire Constabulary,Cheshire Constabulary,-2.682940,53.318525,On or near Woodhatch Road,E01012439,Halton 015E,Anti-social behaviour,,
,2014-05,Cheshire Constabulary,Cheshire Constabulary,-2.682940,53.318525,On or near Woodhatch Road,E01012439,Halton 015E,Anti-social behaviour,,
,2014-05,Cheshire Constabulary,Cheshire Constabulary,-2.682119,53.318827,On or near Kilncroft,E01012439,Halton 015E,Anti-social behaviour,,
,2014-05,Cheshire Constabulary,Cheshire Constabulary,-2.682940,53.318525,On or near Woodhatch Road,E01012439,Halton 015E,Anti-social behaviour,,
,2014-05,Cheshire Constabulary,Cheshire Constabulary,-2.682940,53.318525,On or near Woodhatch Road,E01012439,Halton 015E,Anti-social behaviour,,
,2014-05,Cheshire Constabulary,Cheshire Constabulary,-2.682119,53.318827,On or near Kilncroft,E01012439,Halton 015E,Anti-social behaviour,,
,2014-05,Cheshire Constabulary,Cheshire Constabulary,-2.682940,53.318525,On or near Woodhatch Road,E01012439,Halton 015E,Anti-social behaviour,,
90eb3d989e1d0de226895f4eea069faddc99ffa65d7f2eac94fc90f73e292dce,2014-05,Cheshire Constabulary,Cheshire Constabulary,-2.682940,53.318525,On or near Woodhatch Road,E01012439,Halton 015E,Public order,Awaiting court outcome,
4d707503f71cd43bbc4c65f680c1b7204874d0789e99c904eb0d1e74d629ee5e,2014-05,Cheshire Constabulary,Cheshire Constabulary,-2.682119,53.318827,On or near Kilncroft,E01012439,Halton 015E,Violence and sexual offences,Under investigation,
369b5151fe1dae10d11a9b01e485e724814673571ded96cdf56f475b9066c05a,2014-05,Cheshire Constabulary,Cheshire Constabulary,-2.685614,53.317692,On or near Oxmoor Close,E01012439,Halton 015E,Violence and sexual offences,Unable to prosecute suspect,
,2014-05,Cheshire Constabulary,Cheshire Constabulary,-2.698114,53.315597,On or near Graylag Close,E01012371,Halton 016A,Anti-social behaviour,,
,2014-05,Cheshire Constabulary,Cheshire Constabulary,-2.695793,53.310433,On or near Elvington Close,E01012372,Halton 016B,Anti-social behaviour,,
,2014-05,Cheshire Constabulary,Cheshire Constabulary,-2.701577,53.314417,On or near Bramble Way,E01012372,Halton 016B,Anti-social behaviour,,
5b973d7b851951ed9883c40e2e0a83f681e517a5343807cc2813458fa51dd169,2014-05,Cheshire Constabulary,Cheshire Constabulary,-2.705101,53.316985,On or near Copeland Grove,E01012372,Halton 016B,Violence and sexual offences,Awaiting court outcome,
9c2c0be8e289dbf497db5747e3642117142f24794682f9fd265e62ce99d46bd3,2014-05,Cheshire Constabulary,Cheshire Constabulary,-2.695793,53.310433,On or near Elvington Close,E01012372,Halton 016B,Other crime,Awaiting court outcome,
,2014-05,Cheshire Constabulary,Cheshire Constabulary,-2.710747,53.319792,On or near Coniston Close,E01012373,Halton 016C,Anti-social behaviour,,
,2014-05,Cheshire Constabulary,Cheshire Constabulary,-2.707183,53.315795,On or near Martindale Grove,E01012373,Halton 016C,Anti-social behaviour,,
d82584fe5591a06e362976b910e61eede4c0fcc0d35bab63aa8a080e1f34eec8,2014-05,Cheshire Constabulary,Cheshire Constabulary,-2.708221,53.317731,On or near Ullswater Grove,E01012373,Halton 016C,Criminal damage and arson,Investigation complete; no suspect identified,
5e333fdab6b0b8bbbe15791872347acb9d80a7e4711722ab30621f7c88edcd6d,2014-05,Cheshire Constabulary,Cheshire Constabulary,-2.707183,53.315795,On or near Martindale Grove,E01012373,Halton 016C,Other theft,Investigation complete; no suspect identified,
fffc6b64a0486f8b5770473b15f69d136445ac3326f19fdd80ed74dcaf912415,2014-05,Cheshire Constabulary,Cheshire Constabulary,-2.708629,53.320641,On or near Cantley Close,E01012373,Halton 016C,Shoplifting,Unable to prosecute suspect,
,2014-05,Cheshire Constabulary,Cheshire Constabulary,-2.719423,53.319740,On or near Thirsk Close,E01012415,Halton 016D,Anti-social behaviour,,
,2014-05,Cheshire Constabulary,Cheshire Constabulary,-2.726767,53.320801,On or near Leyton Close,E01012415,Halton 016D,Anti-social behaviour,,
,2014-05,Cheshire Constabulary,Cheshire Constabulary,-2.712589,53.314145,On or near Cholmondeley Road,E01012415,Halton 016D,Anti-social behaviour,,
,2014-05,Cheshire Constabulary,Cheshire Constabulary,-2.726696,53.322797,On or near Henbury Place,E01012415,Halton 016D,Anti-social behaviour,,
a7ce88fbd2b4d2e8b61505d50656a77e92d1e2db3af6f4bcb95987d2aee8a4a7,2014-05,Cheshire Constabulary,Cheshire Constabulary,-2.718700,53.321398,On or near Trafford Crescent,E01012415,Halton 016D,Burglary,Under investigation,
30c82821e533210d9e3ef6be98b45a73f6eed34bc56bab86499189595b8b7251,2014-05,Cheshire Constabulary,Cheshire Constabulary,-2.712589,53.314145,On or near Cholmondeley Road,E01012415,Halton 016D,Burglary,Investigation complete; no suspect identified,
17327e2c974809a815ab34488245a1a34d9e75ffebac003403e63a7c785a919c,2014-05,Cheshire Constabulary,Cheshire Constabulary,-2.700675,53.308885,On or near Ashville Point,E01012415,Halton 016D,Other theft,Investigation complete; no suspect identified,
cafb645fec36352f0deb35f63e696106f84876184c8acb99003b9fa0744510e2,2014-05,Cheshire Constabulary,Cheshire Constabulary,-2.712589,53.314145,On or near Cholmondeley Road,E01012415,Halton 016D,Other theft,Investigation complete; no suspect identified,
85a0538c7ff157ce9a83ae87e55ea256afb823f0da9bd9b8f914e7ce2af13395,2014-05,Cheshire Constabulary,Cheshire Constabulary,-2.700675,53.308885,On or near Ashville Point,E01012415,Halton 016D,Other theft,Under investigation,
119017a4b87641d54abf318b6d3f6c754528a0142a3cadb85e82bf1d7b90890c,2014-05,Cheshire Constabulary,Cheshire Constabulary,-2.721191,53.323963,On or near Melton Road,E01012418,Halton 016E,Burglary,Investigation complete; no suspect identified,
98d10266e1b4428a516e54bc935556543a40086fa65244168281ce54a514ab30,2014-05,Cheshire Constabulary,Cheshire Constabulary,-2.721384,53.322056,On or near Pickerings Close,E01012418,Halton 016E,Theft from the person,Under investigation,
f9ed980fca5cbede264f5eda94faf6f1ae366a75296e87118e959461e45d62e5,2014-05,Cheshire Constabulary,Cheshire Constabulary,-2.721516,53.322784,On or near Walpole Road,E01012418,Halton 016E,Vehicle crime,Investigation complete; no suspect identified,
1db6aad5b1f055782d0be797ea0a47c7c352972a971192d720a77170e7927db6,2014-05,Cheshire Constabulary,Cheshire Constabulary,-2.790758,53.356979,On or near Sports/Recreation Area,E01006420,Knowsley 017A,Other theft,Investigation complete; no suspect identified,
a6a43385ecee03f1b9453aca3e567909ba950ed20b105cc615f1d1d1989f2d98,2014-05,Cheshire Constabulary,Cheshire Constabulary,-2.290247,53.072942,On or near Eardleyend Road,E01029532,Newcastle-under-Lyme 005A,Burglary,Under investigation,
128e219d006b49bedee089fabdea705b4cad86c8495a50df743625a68917d2f9,2014-05,Cheshire Constabulary,Cheshire Constabulary,-2.290247,53.072942,On or near Eardleyend Road,E01029532,Newcastle-under-Lyme 005A,Burglary,Investigation complete; no suspect identified,
62e12b816b10237358265960c8ba8be515e35d356cc93a842a1965a2aee9284e,2014-05,Cheshire Constabulary,Cheshire Constabulary,-2.198441,53.125123,On or near Congleton Road,E01029773,Staffordshire Moorlands 004D,Vehicle crime,Under investigation,
,2014-05,Cheshire Constabulary,Cheshire Constabulary,-2.682184,53.446970,On or near Sexton Avenue,E01006816,St. Helens 017A,Anti-social behaviour,,
,2014-05,Cheshire Constabulary,Cheshire Constabulary,-2.682184,53.446970,On or near Sexton Avenue,E01006816,St. Helens 017A,Anti-social behaviour,,
,2014-05,Cheshire Constabulary,Cheshire Constabulary,-2.524253,53.440667,On or near Warrington Road,E01012471,Warrington 001A,Anti-social behaviour,,
a71c2bd37dc6552948549031f0500a036f6753a4b45b73225b91d9974322ada5,2014-05,Cheshire Constabulary,Cheshire Constabulary,-2.545733,53.444031,On or near Mustard Lane,E01012471,Warrington 001A,Burglary,Under investigation,
b87dddf87a771ff31138b35b4c1f3ed9e029cb0ed8975fa35adddcaababe3b7c,2014-05,Cheshire Constabulary,Cheshire Constabulary,-2.523903,53.452632,On or near Thompson Avenue,E01012471,Warrington 001A,Criminal damage and arson,Investigation complete; no suspect identified,
ffa60460245c5143bb5cbb1ae9c0f018a3259200fbf10165466eeb2b5530597b,2014-05,Cheshire Constabulary,Cheshire Constabulary,-2.525207,53.438712,On or near Prison,E01012471,Warrington 001A,Drugs,Awaiting court outcome,
52d317d882ee56c336baa427f3603c4581c62aa9966f9f09004de70a14a6db61,2014-05,Cheshire Constabulary,Cheshire Constabulary,-2.522372,53.433376,On or near M62,E01012471,Warrington 001A,Vehicle crime,Investigation complete; no suspect identified,
ada72dc5a28175a74781311699729a2e28602767624aab9f3f6de08eb1458f97,2014-05,Cheshire Constabulary,Cheshire Constabulary,-2.526628,53.450103,On or near Pendle Gardens,E01012471,Warrington 001A,Vehicle crime,Investigation complete; no suspect identified,
,2014-05,Cheshire Constabulary,Cheshire Constabulary,-2.561279,53.434377,On or near Dam Lane,E01012472,Warrington 001B,Anti-social behaviour,,
0d7033f0dec135958da4aac150766443d7f3db6be0bbf44b54132d1070405653,2014-05,Cheshire Constabulary,Cheshire Constabulary,-2.570993,53.447185,On or near Sandy Brow Lane,E01012472,Warrington 001B,Burglary,Investigation complete; no suspect identified,
dcee75dbfb6fe3dd835766799d85bc2d3bbcde52a982976b9284f6e4d92ed9c8,2014-05,Cheshire Constabulary,Cheshire Constabulary,-2.549393,53.434810,On or near Gosling Road,E01012472,Warrington 001B,Burglary,Investigation complete; no suspect identified,
975b493befb59e925ed4b2e6864ed947236ebc5ba806b0c33bca49c86e8587e4,2014-05,Cheshire Constabulary,Cheshire Constabulary,-2.570993,53.447185,On or near Sandy Brow Lane,E01012472,Warrington 001B,Criminal damage and arson,Offender given a caution,
16fa9340e20b07d2cbbfde1536d3833dc099f6cce029a18442828330eade0537,2014-05,Cheshire Constabulary,Cheshire Constabulary,-2.552616,53.438418,On or near Abbey Close,E01012472,Warrington 001B,Other theft,Investigation complete; no suspect identified,
,2014-05,Cheshire Constabulary,Cheshire Constabulary,-2.496700,53.457108,On or near Eden Avenue,E01012476,Warrington 001C,Anti-social behaviour,,
,2014-05,Cheshire Constabulary,Cheshire Constabulary,-2.497777,53.478424,On or near Park/Open Space,E01012476,Warrington 001C,Anti-social behaviour,,
,2014-05,Cheshire Constabulary,Cheshire Constabulary,-2.495571,53.471395,On or near Lowfield Gardens,E01012476,Warrington 001C,Anti-social behaviour,,
,2014-05,Cheshire Constabulary,Cheshire Constabulary,-2.494026,53.470737,On or near Queen'S Avenue,E01012476,Warrington 001C,Anti-social behaviour,,
,2014-05,Cheshire Constabulary,Cheshire Constabulary,-2.496700,53.457108,On or near Eden Avenue,E01012476,Warrington 001C,Anti-social behaviour,,
,2014-05,Cheshire Constabulary,Cheshire Constabulary,-2.496700,53.457108,On or near Eden Avenue,E01012476,Warrington 001C,Anti-social behaviour,,
,2014-05,Cheshire Constabulary,Cheshire Constabulary,-2.511933,53.457727,On or near Sports/Recreation Area,E01012476,Warrington 001C,Anti-social behaviour,,
,2014-05,Cheshire Constabulary,Cheshire Constabulary,-2.499228,53.480063,On or near Petrol Station,E01012476,Warrington 001C,Anti-social behaviour,,
68a47ef43610d38d592b29f24bf2a343999da9100ebd0ec87584758ff7fd1fe0,2014-05,Cheshire Constabulary,Cheshire Constabulary,-2.492870,53.465807,On or near Light Oaks Road,E01012476,Warrington 001C,Burglary,Investigation complete; no suspect identified,
c742b374307d785449a597c798ee802dbb60959dcd5741b4483541fd2e3cffbd,2014-05,Cheshire Constabulary,Cheshire Constabulary,-2.499228,53.480063,On or near Petrol Station,E01012476,Warrington 001C,Other theft,Investigation complete; no suspect identified,
c982767b53724d04030ebafb70bae24a310fe5ffba3b239e13c924258bb4ef62,2014-05,Cheshire Constabulary,Cheshire Constabulary,-2.495426,53.474506,On or near Hesnall Close,E01012476,Warrington 001C,Vehicle crime,Investigation complete; no suspect identified,
5d0fed71c818074e03e4629c231af199c60bd34c4ad13a090b79f7a2262e1591,2014-05,Cheshire Constabulary,Cheshire Constabulary,-2.494026,53.470737,On or near Queen'S Avenue,E01012476,Warrington 001C,Violence and sexual offences,Unable to prosecute suspect,
,2014-05,Cheshire Constabulary,Cheshire Constabulary,-2.527572,53.461937,On or near Doeford Close,E01012477,Warrington 001D,Anti-social behaviour,,
,2014-05,Cheshire Constabulary,Cheshire Constabulary,-2.530365,53.457601,On or near Stainforth Close,E01012477,Warrington 001D,Anti-social behaviour,,
,2014-05,Cheshire Constabulary,Cheshire Constabulary,-2.528166,53.453908,On or near Beechmill Drive,E01012477,Warrington 001D,Anti-social behaviour,,
6dc98ce8d686a971101ca6e6aad644e7d78776e55ebc8e7963c7f2376dafc228,2014-05,Cheshire Constabulary,Cheshire Constabulary,-2.528166,53.453908,On or near Beechmill Drive,E01012477,Warrington 001D,Burglary,Under investigation,
4cb0415c46d97a828c612bb8838c56914f6884be02f39b0af0e816bf4a78ef39,2014-05,Cheshire Constabulary,Cheshire Constabulary,-2.531396,53.459367,On or near Langden Close,E01012477,Warrington 001D,Other theft,Investigation complete; no suspect identified,
297e53e5f147a4360fce7600ca882624cd9c2695df38bf238a9c6e659c41630a,2014-05,Cheshire Constabulary,Cheshire Constabulary,-2.530342,53.460586,On or near Stonyhurst Crescent,E01012477,Warrington 001D,Vehicle crime,Under investigation,
53c37c7d36eadd7e03bf60b1b2d86679a22ca558885df0f9414be818422daed3,2014-05,Cheshire Constabulary,Cheshire Constabulary,-2.527613,53.461586,On or near Hutton Close,E01012477,Warrington 001D,Violence and sexual offences,Formal action is not in the public interest,
,2014-05,Cheshire Constabulary,Cheshire Constabulary,-2.522815,53.456026,On or near Marton Close,E01012473,Warrington 002A,Anti-social behaviour,,
8ef78f35bc0931c32caabcc3939685a64c6bd0eba10fe0267fd9ba5f0d5fcbef,2014-05,Cheshire Constabulary,Cheshire Constabulary,-2.516583,53.457455,On or near Coleclough Place,E01012473,Warrington 002A,Other theft,Investigation complete; no suspect identified,
,2014-05,Cheshire Constabulary,Cheshire Constabulary,-2.516100,53.448657,On or near Downham Avenue,E01012474,Warrington 002B,Anti-social behaviour,,
,2014-05,Cheshire Constabulary,Cheshire Constabulary,-2.519149,53.449291,On or near Whitegate Avenue,E01012474,Warrington 002B,Anti-social behaviour,,
6eaac5149c1305f2d2cc69aa29e61a76695f4cb95cdeac9afd3967c561a85e1a,2014-05,Cheshire Constabulary,Cheshire Constabulary,-2.517776,53.451490,On or near Petrol Station,E01012474,Warrington 002B,Criminal damage and arson,Investigation complete; no suspect identified,
5d3e1256b1c01611aea92221af340f7c63216051d88766a5097511aea9f274c3,2014-05,Cheshire Constabulary,Cheshire Constabulary,-2.515601,53.450951,On or near Church Lane,E01012474,Warrington 002B,Other theft,Investigation complete; no suspect identified,
3eb0d2b04a5ef8c69278efee7cd3681d0b4f2be8ad4377500ecc42157924834d,2014-05,Cheshire Constabulary,Cheshire Constabulary,-2.519149,53.449291,On or near Whitegate Avenue,E01012474,Warrington 002B,Other theft,Unable to prosecute suspect,
93df8752a7095d21d4df33f9992a1eb2ae0b6b064b6caf49cda6da35222f813a,2014-05,Cheshire Constabulary,Cheshire Constabulary,-2.521856,53.452704,On or near Parking Area,E01012474,Warrington 002B,Public order,Under investigation,
09f1165bcfda93bf21900ef7b22ed04e56bd4b5ee23685f276b718d619d6bb7e,2014-05,Cheshire Constabulary,Cheshire Constabulary,-2.520943,53.451953,On or near Parking Area,E01012474,Warrington 002B,Shoplifting,Unable to prosecute suspect,
,2014-05,Cheshire Constabulary,Cheshire Constabulary,-2.498393,53.456436,On or near Attlee Avenue,E01012475,Warrington 002C,Anti-social behaviour,,
,2014-05,Cheshire Constabulary,Cheshire Constabulary,-2.501243,53.456675,On or near Beaverbrook Avenue,E01012475,Warrington 002C,Anti-social behaviour,,
,2014-05,Cheshire Constabulary,Cheshire Constabulary,-2.513289,53.447788,On or near Severn Road,E01012475,Warrington 002C,Anti-social behaviour,,
,2014-05,Cheshire Constabulary,Cheshire Constabulary,-2.518117,53.452343,On or near Warrington Road,E01012475,Warrington 002C,Anti-social behaviour,,
,2014-05,Cheshire Constabulary,Cheshire Constabulary,-2.501243,53.456675,On or near Beaverbrook Avenue,E01012475,Warrington 002C,Anti-social behaviour,,
2698a11cf46ef88d5f086e3e3ce8c9740ee1562cc7437454f19abaeb11db38f0,2014-05,Cheshire Constabulary,Cheshire Constabulary,-2.513277,53.448103,On or near Trent Close,E01012475,Warrington 002C,Burglary,Awaiting court outcome,
d36b9ee20242e9a0eead54ba222fb4d367e5c12791d900815337c5d982890abd,2014-05,Cheshire Constabulary,Cheshire Constabulary,-2.513196,53.450081,On or near Sawley Close,E01012475,Warrington 002C,Criminal damage and arson,Investigation complete; no suspect identified,
8d6f510806af004a0856739d447280b954e80ae0dbf7c71eefa114ae6427f1de,2014-05,Cheshire Constabulary,Cheshire Constabulary,-2.518117,53.452343,On or near Warrington Road,E01012475,Warrington 002C,Criminal damage and arson,Investigation complete; no suspect identified,
a74050b0e925f6cd7c155fe10b77e35259427518301c02187009c72c43f07d62,2014-05,Cheshire Constabulary,Cheshire Constabulary,-2.513136,53.452625,On or near Petrol Station,E01012475,Warrington 002C,Drugs,Offender given a drugs possession warning,
9d20f745f017c5de55e40b0853eecbaf4032cafb79f42c7cf8728946dac511ad,2014-05,Cheshire Constabulary,Cheshire Constabulary,-2.513136,53.452625,On or near Petrol Station,E01012475,Warrington 002C,Other theft,Investigation complete; no suspect identified,
8b4b4ec6d9f6c1b73d378d8999a96d03c4864a01e2850552c0b6817565b0a107,2014-05,Cheshire Constabulary,Cheshire Constabulary,-2.518117,53.452343,On or near Warrington Road,E01012475,Warrington 002C,Shoplifting,Investigation complete; no suspect identified,
9f256b5da8dfa38057a8ec147e15f42547b3a492dd797cf289417f9926b07e8f,2014-05,Cheshire Constabulary,Cheshire Constabulary,-2.513277,53.448103,On or near Trent Close,E01012475,Warrington 002C,Vehicle crime,Investigation complete; no suspect identified,
d5019d42a48724f3e8e95d9e0f2b130b756bb1017e60dc90fd27c66c6a9c7737,2014-05,Cheshire Constabulary,Cheshire Constabulary,-2.513196,53.450081,On or near Sawley Close,E01012475,Warrington 002C,Vehicle crime,Investigation complete; no suspect identified,
d5532bc934e9afda657abf1592ca938014e267cbceb30715ad3bb77dedb1dfc9,2014-05,Cheshire Constabulary,Cheshire Constabulary,-2.518117,53.452343,On or near Warrington Road,E01012475,Warrington 002C,Violence and sexual offences,Under investigation,
,2014-05,Cheshire Constabulary,Cheshire Constabulary,-2.460500,53.413011,On or near Warburton View,E01012554,Warrington 002D,Anti-social behaviour,,
,2014-05,Cheshire Constabulary,Cheshire Constabulary,-2.471202,53.409437,On or near Claydon Gardens,E01012554,Warrington 002D,Anti-social behaviour,,
,2014-05,Cheshire Constabulary,Cheshire Constabulary,-2.460500,53.413011,On or near Warburton View,E01012554,Warrington 002D,Anti-social behaviour,,
,2014-05,Cheshire Constabulary,Cheshire Constabulary,-2.460500,53.413011,On or near Warburton View,E01012554,Warrington 002D,Anti-social behaviour,,
11c0a1787a0d9032ebebdc170ab5706476320f4e3cee0bc8542e63f97a15bc80,2014-05,Cheshire Constabulary,Cheshire Constabulary,-2.460372,53.419259,On or near Pool Road,E01012554,Warrington 002D,Vehicle crime,Investigation complete; no suspect identified,
a2b5325963a2255b474f4c395888284b94eb0ef3b5cf8c9d6de4c4bee87eb77f,2014-05,Cheshire Constabulary,Cheshire Constabulary,-2.457559,53.424923,On or near Vetch Close,E01012554,Warrington 002D,Vehicle crime,Investigation complete; no suspect identified,
,2014-05,Cheshire Constabulary,Cheshire Constabulary,-2.648525,53.430672,On or near Karen Close,E01012467,Warrington 003A,Anti-social behaviour,,
,2014-05,Cheshire Constabulary,Cheshire Constabulary,-2.576158,53.433830,On or near Southworth Lane,E01012468,Warrington 003B,Anti-social behaviour,,
,2014-05,Cheshire Constabulary,Cheshire Constabulary,-2.596562,53.433379,On or near Spires Gardens,E01012468,Warrington 003B,Anti-social behaviour,,
,2014-05,Cheshire Constabulary,Cheshire Constabulary,-2.596940,53.431391,On or near Pilgrim Close,E01012468,Warrington 003B,Anti-social behaviour,,
,2014-05,Cheshire Constabulary,Cheshire Constabulary,-2.603741,53.428040,On or near Browning Drive,E01012468,Warrington 003B,Anti-social behaviour,,
,2014-05,Cheshire Constabulary,Cheshire Constabulary,-2.603741,53.428040,On or near Browning Drive,E01012468,Warrington 003B,Anti-social behaviour,,
,2014-05,Cheshire Constabulary,Cheshire Constabulary,-2.596671,53.429361,On or near Rectory Lane,E01012468,Warrington 003B,Anti-social behaviour,,
,2014-05,Cheshire Constabulary,Cheshire Constabulary,-2.596940,53.431391,On or near Pilgrim Close,E01012468,Warrington 003B,Anti-social behaviour,,
,2014-05,Cheshire Constabulary,Cheshire Constabulary,-2.603741,53.428040,On or near Browning Drive,E01012468,Warrington 003B,Anti-social behaviour,,
,2014-05,Cheshire Constabulary,Cheshire Constabulary,-2.596940,53.431391,On or near Pilgrim Close,E01012468,Warrington 003B,Anti-social behaviour,,
,2014-05,Cheshire Constabulary,Cheshire Constabulary,-2.603741,53.428040,On or near Browning Drive,E01012468,Warrington 003B,Anti-social behaviour,,
,2014-05,Cheshire Constabulary,Cheshire Constabulary,-2.603741,53.428040,On or near Browning Drive,E01012468,Warrington 003B,Anti-social behaviour,,
,2014-05,Cheshire Constabulary,Cheshire Constabulary,-2.596940,53.431391,On or near Pilgrim Close,E01012468,Warrington 003B,Anti-social behaviour,,
,2014-05,Cheshire Constabulary,Cheshire Constabulary,-2.596940,53.431391,On or near Pilgrim Close,E01012468,Warrington 003B,Anti-social behaviour,,
,2014-05,Cheshire Constabulary,Cheshire Constabulary,-2.601090,53.428943,On or near Alcott Place,E01012468,Warrington 003B,Anti-social behaviour,,
,2014-05,Cheshire Constabulary,Cheshire Constabulary,-2.603741,53.428040,On or near Browning Drive,E01012468,Warrington 003B,Anti-social behaviour,,
,2014-05,Cheshire Constabulary,Cheshire Constabulary,-2.603741,53.428040,On or near Browning Drive,E01012468,Warrington 003B,Anti-social behaviour,,
,2014-05,Cheshire Constabulary,Cheshire Constabulary,-2.602669,53.426742,On or near Masefield Drive,E01012468,Warrington 003B,Anti-social behaviour,,
f639b8799a710271f864410527c1b980a381e233924e5f9753a4616785c2acf9,2014-05,Cheshire Constabulary,Cheshire Constabulary,-2.588296,53.432081,On or near Myddleton Lane,E01012468,Warrington 003B,Bicycle theft,Investigation complete; no suspect identified,
a133f0a93a51d7067d33cf91baecde826d61c2b34a3c1964f9ac88a5431bb471,2014-05,Cheshire Constabulary,Cheshire Constabulary,-2.592825,53.432005,On or near St Oswalds Close,E01012468,Warrington 003B,Criminal damage and arson,Under investigation,
46f9a34f9126dbe049c0c87caeac34ae93469a204cabfed52e6cc466c23eb3d5,2014-05,Cheshire Constabulary,Cheshire Constabulary,-2.603741,53.428040,On or near Browning Drive,E01012468,Warrington 003B,Criminal damage and arson,Under investigation,
42cdfb1f46805141bae29e4d160d1db78a9bdc0ed78814ef44496bdbf93f1be8,2014-05,Cheshire Constabulary,Cheshire Constabulary,-2.602669,53.426742,On or near Masefield Drive,E01012468,Warrington 003B,Public order,Under investigation,
4d8ca89b7bbdd98cdb406c54c9032ae1312df4bc03b1527ab99e6822caa7b350,2014-05,Cheshire Constabulary,Cheshire Constabulary,-2.601813,53.426827,On or near Beckett Drive,E01012468,Warrington 003B,Shoplifting,Under investigation,
8941071e98b59bb61cfb55ddc5da28deb22def425545d2eb66deb6b66f241ece,2014-05,Cheshire Constabulary,Cheshire Constabulary,-2.601813,53.426827,On or near Beckett Drive,E01012468,Warrington 003B,Shoplifting,Awaiting court outcome,
9b644fc97afd57e6fe9bf8fc03708f4bdb899e02ecfee865e0986f75b0d1767b,2014-05,Cheshire Constabulary,Cheshire Constabulary,-2.601813,53.426827,On or near Beckett Drive,E01012468,Warrington 003B,Shoplifting,Under investigation,
7483de9aa6eac46e40311ec8d8331294ff1d5a7e3ca11c2230c25e32e5621adf,2014-05,Cheshire Constabulary,Cheshire Constabulary,-2.601813,53.426827,On or near Beckett Drive,E01012468,Warrington 003B,Shoplifting,Under investigation,
4b20433c2001968f956bb647efe8ae5766d839d1df792bec00a5f77b1508a027,2014-05,Cheshire Constabulary,Cheshire Constabulary,-2.601813,53.426827,On or near Beckett Drive,E01012468,Warrington 003B,Shoplifting,Under investigation,
84b699034e916fbed9e6d6632222f159fc20e885a1a518f8da1f5904bc451e66,2014-05,Cheshire Constabulary,Cheshire Constabulary,-2.603741,53.428040,On or near Browning Drive,E01012468,Warrington 003B,Violence and sexual offences,Under investigation,
52f3e5846c9283122982506b44c425f5747799756c211e896736162eebd49d35,2014-05,Cheshire Constabulary,Cheshire Constabulary,-2.602669,53.426742,On or near Masefield Drive,E01012468,Warrington 003B,Violence and sexual offences,Under investigation,
9a6a1958f2e2410d123074c2c175e3f0639f9621bce4406a3ca9f31aa85289f3,2014-05,Cheshire Constabulary,Cheshire Constabulary,-2.603741,53.428040,On or near Browning Drive,E01012468,Warrington 003B,Violence and sexual offences,Under investigation,
aadd953a34ed102bc7059e1658b9023ce599a8f8218e52c940eb60002bab1693,2014-05,Cheshire Constabulary,Cheshire Constabulary,-2.603741,53.428040,On or near Browning Drive,E01012468,Warrington 003B,Violence and sexual offences,Formal action is not in the public interest,
,2014-05,Cheshire Constabulary,Cheshire Constabulary,-2.656855,53.431130,On or near Kinnock Park,E01012469,Warrington 003C,Anti-social behaviour,,
,2014-05,Cheshire Constabulary,Cheshire Constabulary,-2.646149,53.423881,On or near Tan House Lane,E01012469,Warrington 003C,Anti-social behaviour,,
,2014-05,Cheshire Constabulary,Cheshire Constabulary,-2.661259,53.429803,On or near Supermarket,E01012469,Warrington 003C,Anti-social behaviour,,
,2014-05,Cheshire Constabulary,Cheshire Constabulary,-2.647515,53.444466,On or near Bradley Lane,E01012469,Warrington 003C,Anti-social behaviour,,
,2014-05,Cheshire Constabulary,Cheshire Constabulary,-2.656855,53.431130,On or near Kinnock Park,E01012469,Warrington 003C,Anti-social behaviour,,
9cfd02b958ec340458473fdd0af01b0b1a2eb73d1b1a0e745b899c0d027b75d0,2014-05,Cheshire Constabulary,Cheshire Constabulary,-2.678023,53.450436,On or near Newton Road,E01012469,Warrington 003C,Burglary,Investigation complete; no suspect identified,
41540a1dd401d12ada29dcc2257752881051ecc81f587faf0da809885783afcb,2014-05,Cheshire Constabulary,Cheshire Constabulary,-2.678023,53.450436,On or near Newton Road,E01012469,Warrington 003C,Burglary,Investigation complete; no suspect identified,
97f888711f7ca2a8fcf97fc423b459b7eb8f3a2dcd831007c0562d12ede9a741,2014-05,Cheshire Constabulary,Cheshire Constabulary,-2.657754,53.432815,On or near Phipps' Lane,E01012469,Warrington 003C,Criminal damage and arson,Investigation complete; no suspect identified,
5b6d029fa5e882d435d391ab7b6e39b9e3035ea6ae3ede01ac8164f19530c522,2014-05,Cheshire Constabulary,Cheshire Constabulary,-2.646149,53.423881,On or near Tan House Lane,E01012469,Warrington 003C,Other theft,Investigation complete; no suspect identified,
e2559a459d241d70f9ac15d88ff2c60f34123445c15a30516d3619cd3d4f019a,2014-05,Cheshire Constabulary,Cheshire Constabulary,-2.661259,53.429803,On or near Supermarket,E01012469,Warrington 003C,Shoplifting,Investigation complete; no suspect identified,
5088560e9599e877065c6426410454044c01a07d282ad961aba3b785518184bd,2014-05,Cheshire Constabulary,Cheshire Constabulary,-2.657754,53.432815,On or near Phipps' Lane,E01012469,Warrington 003C,Vehicle crime,Under investigation,
c79518b8851bf5a02e9093d3df557d5eb4c22dda60f9045316fca0f538989f0d,2014-05,Cheshire Constabulary,Cheshire Constabulary,-2.660084,53.429728,On or near Fairclough Street,E01012469,Warrington 003C,Vehicle crime,Investigation complete; no suspect identified,
5d83f516ebb91783608341564e5c2583d9ca5bd5e5a2a8cc2aff09ac74f6fc45,2014-05,Cheshire Constabulary,Cheshire Constabulary,-2.653285,53.430979,On or near Exmouth Way,E01012469,Warrington 003C,Vehicle crime,Under investigation,
db72c8c804a21c8f682eda94b5c2f6fddc9372256b1ce4909ef9f8023097f3a5,2014-05,Cheshire Constabulary,Cheshire Constabulary,-2.656855,53.431130,On or near Kinnock Park,E01012469,Warrington 003C,Violence and sexual offences,Local resolution,
05192a5f34b99be5eac3ec70cd7ce8687e28e9b41db8d66ffc71622e4a9998a9,2014-05,Cheshire Constabulary,Cheshire Constabulary,-2.660084,53.429728,On or near Fairclough Street,E01012469,Warrington 003C,Violence and sexual offences,Unable to prosecute suspect,
,2014-05,Cheshire Constabulary,Cheshire Constabulary,-2.659618,53.428823,On or near Herbert Street,E01012470,Warrington 003D,Anti-social behaviour,,
,2014-05,Cheshire Constabulary,Cheshire Constabulary,-2.653185,53.429353,On or near Kilshaw Road,E01012470,Warrington 003D,Anti-social behaviour,,
,2014-05,Cheshire Constabulary,Cheshire Constabulary,-2.652676,53.429526,On or near Norcott Drive,E01012470,Warrington 003D,Anti-social behaviour,,
,2014-05,Cheshire Constabulary,Cheshire Constabulary,-2.653185,53.429353,On or near Kilshaw Road,E01012470,Warrington 003D,Anti-social behaviour,,
,2014-05,Cheshire Constabulary,Cheshire Constabulary,-2.650994,53.428789,On or near Knight Road,E01012470,Warrington 003D,Anti-social behaviour,,
1826d83df42053e5dc132c2cb0280d4e5d61ba7847250acf870048b91456a5ac,2014-05,Cheshire Constabulary,Cheshire Constabulary,-2.662359,53.427963,On or near Haley Road North,E01012470,Warrington 003D,Burglary,Investigation complete; no suspect identified,
3fae79cd336bab6c31273aacb373a4e93b915fd7d3f94261ef729af8d491628e,2014-05,Cheshire Constabulary,Cheshire Constabulary,-2.662176,53.428764,On or near Acton Road,E01012470,Warrington 003D,Vehicle crime,Investigation complete; no suspect identified,
458860262a95d7cc17851aa1bf9fb3263189225a9cc9fc57e34f01ecd6d1e002,2014-05,Cheshire Constabulary,Cheshire Constabulary,-2.659618,53.428823,On or near Herbert Street,E01012470,Warrington 003D,Vehicle crime,Investigation complete; no suspect identified,
,2014-05,Cheshire Constabulary,Cheshire Constabulary,-2.534662,53.422023,On or near Parking Area,E01012460,Warrington 004A,Anti-social behaviour,,
,2014-05,Cheshire Constabulary,Cheshire Constabulary,-2.532347,53.422222,On or near Armstrong Close,E01012460,Warrington 004A,Anti-social behaviour,,
,2014-05,Cheshire Constabulary,Cheshire Constabulary,-2.534662,53.422023,On or near Parking Area,E01012460,Warrington 004A,Anti-social behaviour,,
,2014-05,Cheshire Constabulary,Cheshire Constabulary,-2.526691,53.427272,On or near Dalton Street,E01012460,Warrington 004A,Anti-social behaviour,,
745552871c2c7466dd836499d0fc556007ae80047cd6ecf4899f42f4b5922508,2014-05,Cheshire Constabulary,Cheshire Constabulary,-2.512025,53.424118,On or near Pedestrian Subway,E01012460,Warrington 004A,Burglary,Investigation complete; no suspect identified,
573625ae02e579f5b97a9e60fc1a327ae057dff3253882f6e9b6d65f4399a935,2014-05,Cheshire Constabulary,Cheshire Constabulary,-2.526691,53.427272,On or near Dalton Street,E01012460,Warrington 004A,Burglary,Under investigation,
9972e65d0b6651ebf2e41d8de8aab3d641a0931a5c84e5889175cfc5308cb319,2014-05,Cheshire Constabulary,Cheshire Constabulary,-2.524981,53.417958,On or near Chatfield Drive,E01012460,Warrington 004A,Drugs,Offender given a caution,
00aeefa46adf04aa4e11225e26801de53a14ada101565b328c4a4426b104d83c,2014-05,Cheshire Constabulary,Cheshire Constabulary,-2.534662,53.422023,On or near Parking Area,E01012460,Warrington 004A,Violence and sexual offences,Unable to prosecute suspect,
424f5b37dfe8861d1cddae93c91a588bf66d7bad1a7fda84e350c57195e57a27,2014-05,Cheshire Constabulary,Cheshire Constabulary,-2.527388,53.417876,On or near Talbot Close,E01012460,Warrington 004A,Violence and sexual offences,Awaiting court outcome,
a9655f185714ab60be405001d34d649bf2550feb35b48a251f66ed2d5454d8d6,2014-05,Cheshire Constabulary,Cheshire Constabulary,-2.507205,53.428804,On or near Fisherfield Drive,E01012462,Warrington 004B,Burglary,Under investigation,
bca6d00e56b41b1dec6417ac9e34d188cc610014b79d43adb73c8ed3a3b80dc9,2014-05,Cheshire Constabulary,Cheshire Constabulary,-2.508939,53.432859,On or near Leacroft Road,E01012462,Warrington 004B,Vehicle crime,Under investigation,
2138ff2e84841d4d3fe0894d48b86b339c76097dff0d6e7885c394efddf997eb,2014-05,Cheshire Constabulary,Cheshire Constabulary,-2.504023,53.429500,On or near Stainmore Close,E01012462,Warrington 004B,Vehicle crime,Under investigation,
f3246c5c8a09fc075b5537e25aae1ee6cc3ec0f831f3fe415fbd3fdf45d4913b,2014-05,Cheshire Constabulary,Cheshire Constabulary,-2.505821,53.427569,On or near Whittlewood Close,E01012462,Warrington 004B,Violence and sexual offences,Under investigation,
,2014-05,Cheshire Constabulary,Cheshire Constabulary,-2.533640,53.413740,On or near Birchwood Boulevard,E01012463,Warrington 004C,Anti-social behaviour,,
,2014-05,Cheshire Constabulary,Cheshire Constabulary,-2.532062,53.419887,On or near Pedestrian Subway,E01012463,Warrington 004C,Anti-social behaviour,,
eae3473d587acdc332f7eed83f39b1aa2c43b107fbceab00eea1e28b23670e87,2014-05,Cheshire Constabulary,Cheshire Constabulary,-2.541056,53.423091,On or near Sovereign Court,E01012463,Warrington 004C,Burglary,Investigation complete; no suspect identified,
,2014-05,Cheshire Constabulary,Cheshire Constabulary,-2.526193,53.428353,On or near Dalton Avenue,E01012464,Warrington 004D,Anti-social behaviour,,
d4075d6ad992b04998140823343e5f315c311df3f6e6860b23063c445f73df61,2014-05,Cheshire Constabulary,Cheshire Constabulary,-2.533378,53.423997,On or near Heather Close,E01012464,Warrington 004D,Burglary,Under investigation,
9985d7249c87afbeab1b47bf1c6e2c961d55fd490b55a6adf5f2baad71e37629,2014-05,Cheshire Constabulary,Cheshire Constabulary,-2.523759,53.429928,On or near Temple Court,E01012464,Warrington 004D,Other theft,Under investigation,
93afd96195d7027fc4ea3b76814d0942ca4945ff05cf8ef4646e77793d4c6f60,2014-05,Cheshire Constabulary,Cheshire Constabulary,-2.531602,53.430064,On or near Kelvin Close,E01012464,Warrington 004D,Vehicle crime,Investigation complete; no suspect identified,
8be348484d04e93371444f65d85d6324d47cfa063a5d78e37241bb7437ad6014,2014-05,Cheshire Constabulary,Cheshire Constabulary,-2.533378,53.423997,On or near Heather Close,E01012464,Warrington 004D,Violence and sexual offences,Under investigation,
,2014-05,Cheshire Constabulary,Cheshire Constabulary,-2.517865,53.417980,On or near Mallard Lane,E01012459,Warrington 005A,Anti-social behaviour,,
,2014-05,Cheshire Constabulary,Cheshire Constabulary,-2.528566,53.413430,On or near Supermarket,E01012459,Warrington 005A,Anti-social behaviour,,
,2014-05,Cheshire Constabulary,Cheshire Constabulary,-2.528566,53.413430,On or near Supermarket,E01012459,Warrington 005A,Anti-social behaviour,,
,2014-05,Cheshire Constabulary,Cheshire Constabulary,-2.526996,53.416610,On or near Leatham Close,E01012459,Warrington 005A,Anti-social behaviour,,
2822e24ff9626f05d3192167af8bb5afbda54c5077c8d4d4d90887300e58844a,2014-05,Cheshire Constabulary,Cheshire Constabulary,-2.531506,53.416356,On or near Sports/Recreation Area,E01012459,Warrington 005A,Bicycle theft,Under investigation,
0f6ee01c5d4aa02eed3d7bd3eeb4c7338415db76e2f01fae64920ba8ca8294dd,2014-05,Cheshire Constabulary,Cheshire Constabulary,-2.528566,53.413430,On or near Supermarket,E01012459,Warrington 005A,Bicycle theft,Investigation complete; no suspect identified,
6e60fa5e203c3b48c923e1d854f8a05a9aeba8ea87f1e232319810d44fe2aa0c,2014-05,Cheshire Constabulary,Cheshire Constabulary,-2.528566,53.413430,On or near Supermarket,E01012459,Warrington 005A,Bicycle theft,Investigation complete; no suspect identified,
947904265bd6268f46396a145aeecd055876aa9411cff5ed915e1eee1768d4b1,2014-05,Cheshire Constabulary,Cheshire Constabulary,-2.527003,53.414723,On or near Shopping Area,E01012459,Warrington 005A,Bicycle theft,Investigation complete; no suspect identified,
a60b01609868db5bd392601b8f12f321264c1e316e28d1b7029bf44984c54bd0,2014-05,Cheshire Constabulary,Cheshire Constabulary,-2.530830,53.413995,On or near Dewhurst Road,E01012459,Warrington 005A,Burglary,Investigation complete; no suspect identified,
5e194dd40cffc75b96529bc252a7dcb1ba6e7a64feb645a25286a059ee65752d,2014-05,Cheshire Constabulary,Cheshire Constabulary,-2.519895,53.415428,On or near Woodhouse Close,E01012459,Warrington 005A,Criminal damage and arson,Investigation complete; no suspect identified,
167dc6a8777248bb082114dcb8cc140323c6ddf27ae568c0f8dc8f94d6ac0689,2014-05,Cheshire Constabulary,Cheshire Constabulary,-2.525254,53.415665,On or near Hamnett Court,E01012459,Warrington 005A,Criminal damage and arson,Under investigation,
f0e8f8445635209d9a176d32e121b7e223a630a4e5c4f5fe45d31cce8b5f0729,2014-05,Cheshire Constabulary,Cheshire Constabulary,-2.526996,53.416610,On or near Leatham Close,E01012459,Warrington 005A,Drugs,Defendant sent to Crown Court,
8bda35543a7f3ac47dfe2482d6c301b4aa4124e9027afe1ede3fe30a3efc3b20,2014-05,Cheshire Constabulary,Cheshire Constabulary,-2.523307,53.416366,On or near Whitworth Close,E01012459,Warrington 005A,Drugs,Offender given penalty notice,
9cb99d50b6e81593b6c537406ad253f3e5dd31147429d2a2b645fcaddf443cbe,2014-05,Cheshire Constabulary,Cheshire Constabulary,-2.528566,53.413430,On or near Supermarket,E01012459,Warrington 005A,Other theft,Under investigation,
9312a5acda54f295077905180b5aa55ce75a866bfcacf8b5428b6df1281c1950,2014-05,Cheshire Constabulary,Cheshire Constabulary,-2.526528,53.414041,On or near Shopping Area,E01012459,Warrington 005A,Other theft,Investigation complete; no suspect identified,
dd5058a01e7708894dc54621c9ff3fc506233790d83a92eb3ff6b430e8dabeba,2014-05,Cheshire Constabulary,Cheshire Constabulary,-2.526528,53.414041,On or near Shopping Area,E01012459,Warrington 005A,Shoplifting,Investigation complete; no suspect identified,
af274a285fc4e238ca894d547caf3e24b41ba95fce0ddcaefc1dbc033a9958d8,2014-05,Cheshire Constabulary,Cheshire Constabulary,-2.527003,53.414723,On or near Shopping Area,E01012459,Warrington 005A,Shoplifting,Investigation complete; no suspect identified,
f88da7e34bcd7925553207b55a328be52eac709abc658963ce8ba81227f4f66f,2014-05,Cheshire Constabulary,Cheshire Constabulary,-2.526528,53.414041,On or near Shopping Area,E01012459,Warrington 005A,Shoplifting,Local resolution,
c1e99c7dc8a27f0249bc8a5062d3eccfaec45499259b2dd7a7de1caf1b6421a3,2014-05,Cheshire Constabulary,Cheshire Constabulary,-2.517865,53.417980,On or near Mallard Lane,E01012459,Warrington 005A,Vehicle crime,Investigation complete; no suspect identified,
,2014-05,Cheshire Constabulary,Cheshire Constabulary,-2.503605,53.431093,On or near Hamsterley Close,E01012461,Warrington 005B,Anti-social behaviour,,
,2014-05,Cheshire Constabulary,Cheshire Constabulary,-2.502497,53.426424,On or near Gilderdale Close,E01012461,Warrington 005B,Anti-social behaviour,,
,2014-05,Cheshire Constabulary,Cheshire Constabulary,-2.502497,53.426424,On or near Gilderdale Close,E01012461,Warrington 005B,Anti-social behaviour,,
9e2437c7b4bf8efb3c6bcf2133514fdb2ae02e154a70cb73d22d5eea88ec5807,2014-05,Cheshire Constabulary,Cheshire Constabulary,-2.499724,53.427352,On or near Ringwood Close,E01012461,Warrington 005B,Criminal damage and arson,Investigation complete; no suspect identified,
,2014-05,Cheshire Constabulary,Cheshire Constabulary,-2.512542,53.419531,On or near Jay Close,E01012465,Warrington 005C,Anti-social behaviour,,
,2014-05,Cheshire Constabulary,Cheshire Constabulary,-2.514513,53.423271,On or near Keyes Garden,E01012465,Warrington 005C,Anti-social behaviour,,
,2014-05,Cheshire Constabulary,Cheshire Constabulary,-2.513843,53.417647,On or near Halliday Close,E01012465,Warrington 005C,Anti-social behaviour,,
453d3ce83d97c9fb78b7e873098e17535aa92f431c2b97d70452d20252a05662,2014-05,Cheshire Constabulary,Cheshire Constabulary,-2.511845,53.421674,On or near Daniel Close,E01012465,Warrington 005C,Burglary,Investigation complete; no suspect identified,
e7719ae9a45afcc33c8d75bf6933f5d18fd7d90b6d4d8d6ff59240916c2bd567,2014-05,Cheshire Constabulary,Cheshire Constabulary,-2.511290,53.419267,On or near Colebrook Close,E01012465,Warrington 005C,Burglary,Investigation complete; no suspect identified,
99971213be7017ad0ee0db2f2ce446e22b93e436603de89ba1b975f472df2baa,2014-05,Cheshire Constabulary,Cheshire Constabulary,-2.516817,53.419675,On or near Fieldfare Close,E01012465,Warrington 005C,Vehicle crime,Investigation complete; no suspect identified,
,2014-05,Cheshire Constabulary,Cheshire Constabulary,-2.519595,53.419249,On or near Nightingale Close,E01012466,Warrington 005D,Anti-social behaviour,,
,2014-05,Cheshire Constabulary,Cheshire Constabulary,-2.514031,53.420739,On or near Dove Close,E01012466,Warrington 005D,Anti-social behaviour,,
,2014-05,Cheshire Constabulary,Cheshire Constabulary,-2.519944,53.420704,On or near Kingfisher Close,E01012466,Warrington 005D,Anti-social behaviour,,
,2014-05,Cheshire Constabulary,Cheshire Constabulary,-2.519595,53.419249,On or near Nightingale Close,E01012466,Warrington 005D,Anti-social behaviour,,
,2014-05,Cheshire Constabulary,Cheshire Constabulary,-2.514031,53.420739,On or near Dove Close,E01012466,Warrington 005D,Anti-social behaviour,,
fe20226101ab365158ebee7f2c26fb9692aa58e938089164f04ce5fc85ea0fb9,2014-05,Cheshire Constabulary,Cheshire Constabulary,-2.522933,53.420250,On or near Dunnock Grove,E01012466,Warrington 005D,Burglary,Investigation complete; no suspect identified,
2612c351ad15e79f17e91c99fbda678a08081d368414b0b40311852ba78dd8d4,2014-05,Cheshire Constabulary,Cheshire Constabulary,-2.516537,53.421429,On or near Pheasant Close,E01012466,Warrington 005D,Burglary,Investigation complete; no suspect identified,
226ed47e90718ef697b71b26e2855c392148fafaeb5af53d9c14b13b1165055d,2014-05,Cheshire Constabulary,Cheshire Constabulary,-2.517898,53.419490,On or near Swallow Close,E01012466,Warrington 005D,Burglary,Investigation complete; no suspect identified,
fbf442178fa054af05fe94040e39b9d9d329939e9d9a8213e148ab0e0f6296a3,2014-05,Cheshire Constabulary,Cheshire Constabulary,-2.517662,53.422368,On or near Ordnance Avenue,E01012466,Warrington 005D,Burglary,Under investigation,
8cf483c9844cbfa84e889612c7900f4e57ed78e5e12ea7be9b1524e7517042d6,2014-05,Cheshire Constabulary,Cheshire Constabulary,-2.518390,53.421610,On or near Redshank Lane,E01012466,Warrington 005D,Criminal damage and arson,Under investigation,
cf9a8051d8c2202bdae0c6ef5a9f63f211ae89cca5d51c5fbba68d110ca96b6a,2014-05,Cheshire Constabulary,Cheshire Constabulary,-2.517898,53.419490,On or near Swallow Close,E01012466,Warrington 005D,Criminal damage and arson,Investigation complete; no suspect identified,
f567c2b7df90fb39d13eac4311c09d9cb97e834e21005f6e016ab4636ed2d770,2014-05,Cheshire Constabulary,Cheshire Constabulary,-2.520631,53.420270,On or near Partridge Close,E01012466,Warrington 005D,Other theft,Unable to prosecute suspect,
e553ed18d249cade567c3cd60764c51100e07423d2245b3b44d369be5197ec9f,2014-05,Cheshire Constabulary,Cheshire Constabulary,-2.514031,53.420739,On or near Dove Close,E01012466,Warrington 005D,Vehicle crime,Investigation complete; no suspect identified,
448cb193c22c542ac5d9879b153227aac56ab08a0c5020568bd23c5d40a2df31,2014-05,Cheshire Constabulary,Cheshire Constabulary,-2.514031,53.420739,On or near Dove Close,E01012466,Warrington 005D,Other crime,Under investigation,
,2014-05,Cheshire Constabulary,Cheshire Constabulary,-2.593518,53.412622,On or near Mckee Avenue,E01012526,Warrington 006A,Anti-social behaviour,,
,2014-05,Cheshire Constabulary,Cheshire Constabulary,-2.592678,53.412788,On or near Sinclair Avenue,E01012526,Warrington 006A,Anti-social behaviour,,
,2014-05,Cheshire Constabulary,Cheshire Constabulary,-2.591703,53.410851,On or near Northway,E01012526,Warrington 006A,Anti-social behaviour,,
,2014-05,Cheshire Constabulary,Cheshire Constabulary,-2.594557,53.413740,On or near Ajax Avenue,E01012526,Warrington 006A,Anti-social behaviour,,
,2014-05,Cheshire Constabulary,Cheshire Constabulary,-2.593518,53.412622,On or near Mckee Avenue,E01012526,Warrington 006A,Anti-social behaviour,,
,2014-05,Cheshire Constabulary,Cheshire Constabulary,-2.593040,53.410709,On or near Densham Avenue,E01012526,Warrington 006A,Anti-social behaviour,,
,2014-05,Cheshire Constabulary,Cheshire Constabulary,-2.590934,53.412913,On or near Locker Avenue,E01012526,Warrington 006A,Anti-social behaviour,,
,2014-05,Cheshire Constabulary,Cheshire Constabulary,-2.591703,53.410851,On or near Northway,E01012526,Warrington 006A,Anti-social behaviour,,
,2014-05,Cheshire Constabulary,Cheshire Constabulary,-2.594419,53.412464,On or near Brandwood Avenue,E01012526,Warrington 006A,Anti-social behaviour,,
,2014-05,Cheshire Constabulary,Cheshire Constabulary,-2.592678,53.412788,On or near Sinclair Avenue,E01012526,Warrington 006A,Anti-social behaviour,,
26b86fe6477b59d2dc56ad19e82d98ac6c36e9a4d4f596d57a93e2c6bfecb127,2014-05,Cheshire Constabulary,Cheshire Constabulary,-2.593832,53.411380,On or near Dean Crescent,E01012526,Warrington 006A,Bicycle theft,Investigation complete; no suspect identified,
8617323a5f18fb8a0a39f1ee12f8e844c16dbd4f3ac936646236082b4d51588e,2014-05,Cheshire Constabulary,Cheshire Constabulary,-2.592870,53.414710,On or near St Stephen'S Avenue,E01012526,Warrington 006A,Burglary,Investigation complete; no suspect identified,
61ce173d09a024b0a7b8e755136c22f29aeb3afeb7e718e35c6ad732048284c8,2014-05,Cheshire Constabulary,Cheshire Constabulary,-2.594868,53.414494,On or near Hunter Avenue,E01012526,Warrington 006A,Criminal damage and arson,Investigation complete; no suspect identified,
48a88d33f86e1da78c64a4bb16ed86c50f22e99903fb280963141910eef8c5e6,2014-05,Cheshire Constabulary,Cheshire Constabulary,-2.594557,53.413740,On or near Ajax Avenue,E01012526,Warrington 006A,Other theft,Unable to prosecute suspect,
5836b128b8e56bdae959dc94fe828be7611f9f1e29c1808bd7360213cf74f194,2014-05,Cheshire Constabulary,Cheshire Constabulary,-2.592870,53.414710,On or near St Stephen'S Avenue,E01012526,Warrington 006A,Violence and sexual offences,Under investigation,
6e799340f047824afa823fc24012c8d772b93177fd68971b528fd55aa74aea60,2014-05,Cheshire Constabulary,Cheshire Constabulary,-2.591822,53.412927,On or near Cooper Avenue,E01012526,Warrington 006A,Violence and sexual offences,Offender given a caution,
54f64847873b76068a85a2418d399fa885530a0444b9e6841bf800c5edd1d2bc,2014-05,Cheshire Constabulary,Cheshire Constabulary,-2.590934,53.412913,On or near Locker Avenue,E01012526,Warrington 006A,Violence and sexual offences,Offender given a caution,
90fd18046cc63dd5f84703cb8b1cc62ed505338d30246524f1b7a7d8f17b8384,2014-05,Cheshire Constabulary,Cheshire Constabulary,-2.596476,53.414360,On or near Sandy Lane West,E01012526,Warrington 006A,Violence and sexual offences,Unable to prosecute suspect,
,2014-05,Cheshire Constabulary,Cheshire Constabulary,-2.580155,53.415663,On or near Ullswater Avenue,E01012534,Warrington 006B,Anti-social behaviour,,
,2014-05,Cheshire Constabulary,Cheshire Constabulary,-2.580911,53.415938,On or near Buttermere Crescent,E01012534,Warrington 006B,Anti-social behaviour,,
,2014-05,Cheshire Constabulary,Cheshire Constabulary,-2.577002,53.415067,On or near Avocet Close,E01012534,Warrington 006B,Anti-social behaviour,,
,2014-05,Cheshire Constabulary,Cheshire Constabulary,-2.575832,53.415270,On or near Grasmere Avenue,E01012534,Warrington 006B,Anti-social behaviour,,
,2014-05,Cheshire Constabulary,Cheshire Constabulary,-2.577426,53.415271,On or near Ravensdale Close,E01012534,Warrington 006B,Anti-social behaviour,,
,2014-05,Cheshire Constabulary,Cheshire Constabulary,-2.582805,53.416899,On or near Thirlmere Avenue,E01012534,Warrington 006B,Anti-social behaviour,,
,2014-05,Cheshire Constabulary,Cheshire Constabulary,-2.580155,53.415663,On or near Ullswater Avenue,E01012534,Warrington 006B,Anti-social behaviour,,
,2014-05,Cheshire Constabulary,Cheshire Constabulary,-2.577146,53.414589,On or near Canberra Avenue,E01012534,Warrington 006B,Anti-social behaviour,,
8664d0c19f87190a2c172e74686233e12504e3d0b09c47bc1988a26fe1f40853,2014-05,Cheshire Constabulary,Cheshire Constabulary,-2.580911,53.415938,On or near Buttermere Crescent,E01012534,Warrington 006B,Criminal damage and arson,Investigation complete; no suspect identified,
91921f87cbbdcc9ec4074d0eb8ec413b1ccb02ebeb8b4e17f6cb0216052e9059,2014-05,Cheshire Constabulary,Cheshire Constabulary,-2.577146,53.414589,On or near Canberra Avenue,E01012534,Warrington 006B,Violence and sexual offences,Awaiting court outcome,
c385a8661b7f0222da2a87916e68ae44e55e751d4a7a4e6a496aa9fb71e01098,2014-05,Cheshire Constabulary,Cheshire Constabulary,-2.577002,53.415067,On or near Avocet Close,E01012534,Warrington 006B,Violence and sexual offences,Formal action is not in the public interest,
,2014-05,Cheshire Constabulary,Cheshire Constabulary,-2.587491,53.414162,On or near Penrith Avenue,E01012535,Warrington 006C,Anti-social behaviour,,
,2014-05,Cheshire Constabulary,Cheshire Constabulary,-2.585567,53.413173,On or near Patterdale Avenue,E01012535,Warrington 006C,Anti-social behaviour,,
,2014-05,Cheshire Constabulary,Cheshire Constabulary,-2.588013,53.412739,On or near Sandy Lane,E01012535,Warrington 006C,Anti-social behaviour,,
,2014-05,Cheshire Constabulary,Cheshire Constabulary,-2.585567,53.413173,On or near Patterdale Avenue,E01012535,Warrington 006C,Anti-social behaviour,,
,2014-05,Cheshire Constabulary,Cheshire Constabulary,-2.585567,53.413173,On or near Patterdale Avenue,E01012535,Warrington 006C,Anti-social behaviour,,
,2014-05,Cheshire Constabulary,Cheshire Constabulary,-2.582928,53.412746,On or near Statham Avenue,E01012535,Warrington 006C,Anti-social behaviour,,
,2014-05,Cheshire Constabulary,Cheshire Constabulary,-2.585965,53.414771,On or near Howson Road,E01012535,Warrington 006C,Anti-social behaviour,,
bc74b7a12fadd75f93cfc32aeb7b3afd391526368142aabd32e44cecc5e1fc1a,2014-05,Cheshire Constabulary,Cheshire Constabulary,-2.581944,53.413380,On or near Bowness Avenue,E01012535,Warrington 006C,Criminal damage and arson,Investigation complete; no suspect identified,
d48ecab6965cf3c541d05fb6b390b6ace6ef8966b57721932d342ff3f973defc,2014-05,Cheshire Constabulary,Cheshire Constabulary,-2.584427,53.414491,On or near Appleby Road,E01012535,Warrington 006C,Criminal damage and arson,Under investigation,
f846fcd05e5c2d45a46fd173083433728f34f60d601dddf2b70d26b34904efcf,2014-05,Cheshire Constabulary,Cheshire Constabulary,-2.584427,53.414491,On or near Appleby Road,E01012535,Warrington 006C,Criminal damage and arson,Offender given conditional discharge,
2d93364bccd1dcf14d33d0281d55e38a1f15d4282543771ef371fe5a10ec80e5,2014-05,Cheshire Constabulary,Cheshire Constabulary,-2.585567,53.413173,On or near Patterdale Avenue,E01012535,Warrington 006C,Criminal damage and arson,Investigation complete; no suspect identified,
e2e10381163a576b60aeb83c9db05a59aec24e21a35fda7d1c8cc0914d429099,2014-05,Cheshire Constabulary,Cheshire Constabulary,-2.585567,53.413173,On or near Patterdale Avenue,E01012535,Warrington 006C,Other theft,Investigation complete; no suspect identified,
,2014-05,Cheshire Constabulary,Cheshire Constabulary,-2.594351,53.418433,On or near Supermarket,E01012537,Warrington 006D,Anti-social behaviour,,
,2014-05,Cheshire Constabulary,Cheshire Constabulary,-2.594762,53.415528,On or near Harvey Court,E01012537,Warrington 006D,Anti-social behaviour,,
,2014-05,Cheshire Constabulary,Cheshire Constabulary,-2.591311,53.416219,On or near Mendip Avenue,E01012537,Warrington 006D,Anti-social behaviour,,
,2014-05,Cheshire Constabulary,Cheshire Constabulary,-2.594762,53.415528,On or near Harvey Court,E01012537,Warrington 006D,Anti-social behaviour,,
,2014-05,Cheshire Constabulary,Cheshire Constabulary,-2.594762,53.415528,On or near Harvey Court,E01012537,Warrington 006D,Anti-social behaviour,,
,2014-05,Cheshire Constabulary,Cheshire Constabulary,-2.594762,53.415528,On or near Harvey Court,E01012537,Warrington 006D,Anti-social behaviour,,
,2014-05,Cheshire Constabulary,Cheshire Constabulary,-2.594351,53.418433,On or near Supermarket,E01012537,Warrington 006D,Anti-social behaviour,,
,2014-05,Cheshire Constabulary,Cheshire Constabulary,-2.596475,53.415366,On or near Chiltern Avenue,E01012537,Warrington 006D,Anti-social behaviour,,
,2014-05,Cheshire Constabulary,Cheshire Constabulary,-2.590904,53.417201,On or near Petworth Avenue,E01012537,Warrington 006D,Anti-social behaviour,,
,2014-05,Cheshire Constabulary,Cheshire Constabulary,-2.594762,53.415528,On or near Harvey Court,E01012537,Warrington 006D,Anti-social behaviour,,
,2014-05,Cheshire Constabulary,Cheshire Constabulary,-2.597390,53.418382,On or near Crawley Avenue,E01012537,Warrington 006D,Anti-social behaviour,,
,2014-05,Cheshire Constabulary,Cheshire Constabulary,-2.594351,53.418433,On or near Supermarket,E01012537,Warrington 006D,Anti-social behaviour,,
,2014-05,Cheshire Constabulary,Cheshire Constabulary,-2.596119,53.417894,On or near Kentmere Place,E01012537,Warrington 006D,Anti-social behaviour,,
,2014-05,Cheshire Constabulary,Cheshire Constabulary,-2.594351,53.418433,On or near Supermarket,E01012537,Warrington 006D,Anti-social behaviour,,
,2014-05,Cheshire Constabulary,Cheshire Constabulary,-2.595883,53.419315,On or near Lancing Avenue,E01012537,Warrington 006D,Anti-social behaviour,,
,2014-05,Cheshire Constabulary,Cheshire Constabulary,-2.596475,53.415366,On or near Chiltern Avenue,E01012537,Warrington 006D,Anti-social behaviour,,
,2014-05,Cheshire Constabulary,Cheshire Constabulary,-2.594351,53.418433,On or near Supermarket,E01012537,Warrington 006D,Anti-social behaviour,,
,2014-05,Cheshire Constabulary,Cheshire Constabulary,-2.591311,53.416219,On or near Mendip Avenue,E01012537,Warrington 006D,Anti-social behaviour,,
,2014-05,Cheshire Constabulary,Cheshire Constabulary,-2.595883,53.419315,On or near Lancing Avenue,E01012537,Warrington 006D,Anti-social behaviour,,
,2014-05,Cheshire Constabulary,Cheshire Constabulary,-2.594351,53.418433,On or near Supermarket,E01012537,Warrington 006D,Anti-social behaviour,,
,2014-05,Cheshire Constabulary,Cheshire Constabulary,-2.594762,53.415528,On or near Harvey Court,E01012537,Warrington 006D,Anti-social behaviour,,
,2014-05,Cheshire Constabulary,Cheshire Constabulary,-2.594351,53.418433,On or near Supermarket,E01012537,Warrington 006D,Anti-social behaviour,,
,2014-05,Cheshire Constabulary,Cheshire Constabulary,-2.594762,53.415528,On or near Harvey Court,E01012537,Warrington 006D,Anti-social behaviour,,
,2014-05,Cheshire Constabulary,Cheshire Constabulary,-2.595832,53.416682,On or near Cheviot Avenue,E01012537,Warrington 006D,Anti-social behaviour,,
,2014-05,Cheshire Constabulary,Cheshire Constabulary,-2.594762,53.415528,On or near Harvey Court,E01012537,Warrington 006D,Anti-social behaviour,,
,2014-05,Cheshire Constabulary,Cheshire Constabulary,-2.594762,53.415528,On or near Harvey Court,E01012537,Warrington 006D,Anti-social behaviour,,
,2014-05,Cheshire Constabulary,Cheshire Constabulary,-2.594762,53.415528,On or near Harvey Court,E01012537,Warrington 006D,Anti-social behaviour,,
,2014-05,Cheshire Constabulary,Cheshire Constabulary,-2.594351,53.418433,On or near Supermarket,E01012537,Warrington 006D,Anti-social behaviour,,
55e599d397fa395b1492540e7513bbe943b216ae2ea9ddfa7191e5fa92b12048,2014-05,Cheshire Constabulary,Cheshire Constabulary,-2.597390,53.418382,On or near Crawley Avenue,E01012537,Warrington 006D,Criminal damage and arson,Awaiting court outcome,
995b66434ab81925e50b46d5fe71456ec79aca7c77f446273f9933a8848c9032,2014-05,Cheshire Constabulary,Cheshire Constabulary,-2.597670,53.416879,On or near Brendon Avenue,E01012537,Warrington 006D,Other theft,Under investigation,
89c3e6b9640d42568c83ba09bc89ffa20567896789017bac8e7e655bcbff15e4,2014-05,Cheshire Constabulary,Cheshire Constabulary,-2.594694,53.418162,On or near Cotswold Road,E01012537,Warrington 006D,Vehicle crime,Investigation complete; no suspect identified,
9228bcdda29996149c3a83b0e5de066fbcfaa6f635f196a7221913a73eed143e,2014-05,Cheshire Constabulary,Cheshire Constabulary,-2.593508,53.417314,On or near Pentland Avenue,E01012537,Warrington 006D,Vehicle crime,Investigation complete; no suspect identified,
18b47b4e50dc2d67fef410a2aac82308b5de0b4c827f2ae1d19efb994c955f51,2014-05,Cheshire Constabulary,Cheshire Constabulary,-2.593508,53.417314,On or near Pentland Avenue,E01012537,Warrington 006D,Vehicle crime,Investigation complete; no suspect identified,
59bf28417b817a89f85ff72f98b26c301da93980b7f7e1a31fed88601ee0787c,2014-05,Cheshire Constabulary,Cheshire Constabulary,-2.590904,53.417201,On or near Petworth Avenue,E01012537,Warrington 006D,Violence and sexual offences,Formal action is not in the public interest,
6d63510cac6d652437affca33062cfd22596e384e9a4be6ac5dc0a8d45f60a06,2014-05,Cheshire Constabulary,Cheshire Constabulary,-2.594762,53.415528,On or near Harvey Court,E01012537,Warrington 006D,Violence and sexual offences,Unable to prosecute suspect,
,2014-05,Cheshire Constabulary,Cheshire Constabulary,-2.596176,53.420878,On or near Birch Avenue,E01012539,Warrington 006E,Anti-social behaviour,,
,2014-05,Cheshire Constabulary,Cheshire Constabulary,-2.569679,53.419884,On or near Ballater Drive,E01012539,Warrington 006E,Anti-social behaviour,,
,2014-05,Cheshire Constabulary,Cheshire Constabulary,-2.587145,53.417408,On or near Brathay Close,E01012539,Warrington 006E,Anti-social behaviour,,
,2014-05,Cheshire Constabulary,Cheshire Constabulary,-2.596176,53.420878,On or near Birch Avenue,E01012539,Warrington 006E,Anti-social behaviour,,
dc408acc80356ace058f0aa10e6486e379c11cf727a587a59df7fbbd819396bb,2014-05,Cheshire Constabulary,Cheshire Constabulary,-2.596176,53.420878,On or near Birch Avenue,E01012539,Warrington 006E,Burglary,Under investigation,
4764b01de9afd053bc8232a925849d21c9ecdb3dd35be0875a307331542974f0,2014-05,Cheshire Constabulary,Cheshire Constabulary,-2.602852,53.420548,On or near Bishops Court,E01012539,Warrington 006E,Criminal damage and arson,Investigation complete; no suspect identified,
33ea14e2139a0ef1cd209e6edd78a8c3687f5e8b5182bd236c0e56be82f0956f,2014-05,Cheshire Constabulary,Cheshire Constabulary,-2.596176,53.420878,On or near Birch Avenue,E01012539,Warrington 006E,Drugs,Offender given a drugs possession warning,
5e0dfdca8623f90d5e60efda1486a3fa3d320f30a24f7a8786f132dd2c69e780,2014-05,Cheshire Constabulary,Cheshire Constabulary,-2.591545,53.418977,On or near Ulverston Avenue,E01012539,Warrington 006E,Drugs,Under investigation,
8e4430d0aba3663e40c2768ad1f47d57c3ad548b1b555748d9a61e587f7f8b20,2014-05,Cheshire Constabulary,Cheshire Constabulary,-2.591545,53.418977,On or near Ulverston Avenue,E01012539,Warrington 006E,Drugs,Awaiting court outcome,
847872c781ca5ea2df64c8fc19f498343f01dfa8a3d201df3b817c27e6a53dd4,2014-05,Cheshire Constabulary,Cheshire Constabulary,-2.597717,53.420250,On or near Poplars Avenue,E01012539,Warrington 006E,Other theft,Investigation complete; no suspect identified,
5363fc077cbcb80a05393e905bbf437720f8e117680c6d51a6fc23c2f800822e,2014-05,Cheshire Constabulary,Cheshire Constabulary,-2.591545,53.418977,On or near Ulverston Avenue,E01012539,Warrington 006E,Other theft,Investigation complete; no suspect identified,
8be54f0bc105096ade0360167e34b5bf6f589baa6649abd099bdc98cfa9b41a5,2014-05,Cheshire Constabulary,Cheshire Constabulary,-2.591545,53.418977,On or near Ulverston Avenue,E01012539,Warrington 006E,Vehicle crime,Awaiting court outcome,
001b523cf259e694850b372773c7a72162784ec8274ee360eb7ded29ba1c8ae9,2014-05,Cheshire Constabulary,Cheshire Constabulary,-2.596176,53.420878,On or near Birch Avenue,E01012539,Warrington 006E,Violence and sexual offences,Formal action is not in the public interest,
3d9062768dbd3480f848d8fd67fe15ba6cc59ddb20d46cf8a21fd31c68c8c804,2014-05,Cheshire Constabulary,Cheshire Constabulary,-2.591545,53.418977,On or near Ulverston Avenue,E01012539,Warrington 006E,Other crime,Awaiting court outcome,
,2014-05,Cheshire Constabulary,Cheshire Constabulary,-2.563421,53.422241,On or near Kinross Close,E01012538,Warrington 007A,Anti-social behaviour,,
,2014-05,Cheshire Constabulary,Cheshire Constabulary,-2.570160,53.416466,On or near Grasmere Avenue,E01012538,Warrington 007A,Anti-social behaviour,,
,2014-05,Cheshire Constabulary,Cheshire Constabulary,-2.563421,53.422241,On or near Kinross Close,E01012538,Warrington 007A,Anti-social behaviour,,
3893d81a39b4df5935f98474cfc863a0810a7ee5e3e0177148fbeb9fdd27668c,2014-05,Cheshire Constabulary,Cheshire Constabulary,-2.570160,53.416466,On or near Grasmere Avenue,E01012538,Warrington 007A,Theft from the person,Investigation complete; no suspect identified,
,2014-05,Cheshire Constabulary,Cheshire Constabulary,-2.557141,53.412653,On or near Kings Road,E01012540,Warrington 007B,Anti-social behaviour,,
,2014-05,Cheshire Constabulary,Cheshire Constabulary,-2.559317,53.411061,On or near Supermarket,E01012540,Warrington 007B,Anti-social behaviour,,
,2014-05,Cheshire Constabulary,Cheshire Constabulary,-2.559317,53.411061,On or near Supermarket,E01012540,Warrington 007B,Anti-social behaviour,,
,2014-05,Cheshire Constabulary,Cheshire Constabulary,-2.562952,53.416374,On or near Newton Grove,E01012540,Warrington 007B,Anti-social behaviour,,
,2014-05,Cheshire Constabulary,Cheshire Constabulary,-2.555940,53.412820,On or near Millport Close,E01012540,Warrington 007B,Anti-social behaviour,,
26248f6ff97d529a416bf3b38810a36631e625f4aea882ddb413049cc9ee241f,2014-05,Cheshire Constabulary,Cheshire Constabulary,-2.555940,53.412820,On or near Millport Close,E01012540,Warrington 007B,Criminal damage and arson,Under investigation,
8056afe08c3600d3d34297cdde5e967c39fd5dc0f74d0d130c5ebec7a9e39595,2014-05,Cheshire Constabulary,Cheshire Constabulary,-2.563247,53.414791,On or near St Bridgets Close,E01012540,Warrington 007B,Other theft,Investigation complete; no suspect identified,
f9a67f7b241a824c9b4a899ce7b40b90dfed7c175cab590b7088ed5560bba8ea,2014-05,Cheshire Constabulary,Cheshire Constabulary,-2.559317,53.411061,On or near Supermarket,E01012540,Warrington 007B,Shoplifting,Investigation complete; no suspect identified,
3f65ae8ee4a6ffdc79b99a8cb6c6f637da0f4ea709d1526476430ad1bc99fd89,2014-05,Cheshire Constabulary,Cheshire Constabulary,-2.563247,53.414791,On or near St Bridgets Close,E01012540,Warrington 007B,Vehicle crime,Investigation complete; no suspect identified,
e888648ddd17451d37836468ab6dae7c042a8670a335bc61fd21910d33b5b031,2014-05,Cheshire Constabulary,Cheshire Constabulary,-2.557141,53.412653,On or near Kings Road,E01012540,Warrington 007B,Vehicle crime,Investigation complete; no suspect identified,
d30dc5cd9eea308e791779f5acf480d392cefd602705fb17a958dfa9661c5ee6,2014-05,Cheshire Constabulary,Cheshire Constabulary,-2.562952,53.416374,On or near Newton Grove,E01012540,Warrington 007B,Violence and sexual offences,Under investigation,
836ac4b4e39a3996898608a5c107fc27bbb5d20bf6997661f6f937a0d4021726,2014-05,Cheshire Constabulary,Cheshire Constabulary,-2.557141,53.412653,On or near Kings Road,E01012540,Warrington 007B,Other crime,Unable to prosecute suspect,
,2014-05,Cheshire Constabulary,Cheshire Constabulary,-2.555657,53.416534,On or near Jervis Close,E01012541,Warrington 007C,Anti-social behaviour,,
,2014-05,Cheshire Constabulary,Cheshire Constabulary,-2.555657,53.416534,On or near Jervis Close,E01012541,Warrington 007C,Anti-social behaviour,,
8bafe4ee0074b2dd9bbababf46fd02ddfa55c6799cef5273848212a61e185e42,2014-05,Cheshire Constabulary,Cheshire Constabulary,-2.554959,53.418362,On or near Braemar Close,E01012541,Warrington 007C,Burglary,Investigation complete; no suspect identified,
77dd630ba2543f411e3c84b8f64e2cf28868c9dee9fb6397452114f8ed66a856,2014-05,Cheshire Constabulary,Cheshire Constabulary,-2.554781,53.416278,On or near Aspinall Close,E01012541,Warrington 007C,Drugs,Offender given a drugs possession warning,
88dbb0415eef859d33c252822166ebaca7c67cc36b9a2ce8c2e5229fde601b9f,2014-05,Cheshire Constabulary,Cheshire Constabulary,-2.555181,53.421570,On or near St Andrews Close,E01012541,Warrington 007C,Drugs,Offender given conditional discharge,
,2014-05,Cheshire Constabulary,Cheshire Constabulary,-2.558492,53.418166,On or near Waywell Close,E01012542,Warrington 007D,Anti-social behaviour,,
,2014-05,Cheshire Constabulary,Cheshire Constabulary,-2.557232,53.417300,On or near Cottam Drive,E01012542,Warrington 007D,Anti-social behaviour,,
,2014-05,Cheshire Constabulary,Cheshire Constabulary,-2.562559,53.419639,On or near Montrose Close,E01012542,Warrington 007D,Anti-social behaviour,,
dd92da6204ec52890cd836c385a6491627f559338b4c53784287ecee977e4c45,2014-05,Cheshire Constabulary,Cheshire Constabulary,-2.560779,53.419297,On or near Perth Close,E01012542,Warrington 007D,Burglary,Investigation complete; no suspect identified,
e5d46808cadca3aa6d08b84698523339133e30c5e6821a908d047aee51aa6640,2014-05,Cheshire Constabulary,Cheshire Constabulary,-2.557232,53.417300,On or near Cottam Drive,E01012542,Warrington 007D,Drugs,Awaiting court outcome,
fe8cd94f5e0206c8d800cfc37a1cbc8e1f70d2ba35f6e234d85ed50771c9cded,2014-05,Cheshire Constabulary,Cheshire Constabulary,-2.564247,53.418714,On or near Gables Close,E01012542,Warrington 007D,Violence and sexual offences,Unable to prosecute suspect,
,2014-05,Cheshire Constabulary,Cheshire Constabulary,-2.551384,53.415376,On or near Sports/Recreation Area,E01012543,Warrington 007E,Anti-social behaviour,,
1a4eb9192cf068ee5f87567e29ff4196b06a2e197375a6e760efec4ca9d2cc07,2014-05,Cheshire Constabulary,Cheshire Constabulary,-2.552310,53.413691,On or near Canada Close,E01012543,Warrington 007E,Burglary,Under investigation,
,2014-05,Cheshire Constabulary,Cheshire Constabulary,-2.546122,53.413315,On or near Nook Lane,E01012544,Warrington 007F,Anti-social behaviour,,
78e6e445f9bd5cf4f3a965e95331926a5bd5e67ca72b94fa34a65e0bfb1d4bfc,2014-05,Cheshire Constabulary,Cheshire Constabulary,-2.541582,53.410028,On or near Lovage Close,E01012544,Warrington 007F,Burglary,Investigation complete; no suspect identified,
4722bcc46efab4afb167adb31f8abc6d4762a12406cfac05539f3eac90334602,2014-05,Cheshire Constabulary,Cheshire Constabulary,-2.543831,53.409434,On or near Saffron Close,E01012544,Warrington 007F,Burglary,Under investigation,
97cfe2b344c381ecc9abb21141da8729c65a906a6b2b345f0332faf16bf53dc2,2014-05,Cheshire Constabulary,Cheshire Constabulary,-2.541827,53.411564,On or near Blackburne Close,E01012544,Warrington 007F,Violence and sexual offences,Awaiting court outcome,
,2014-05,Cheshire Constabulary,Cheshire Constabulary,-2.584590,53.411039,On or near Burns Grove,E01012521,Warrington 008A,Anti-social behaviour,,
,2014-05,Cheshire Constabulary,Cheshire Constabulary,-2.581801,53.407313,On or near Orford Green,E01012521,Warrington 008A,Anti-social behaviour,,
,2014-05,Cheshire Constabulary,Cheshire Constabulary,-2.584935,53.412026,On or near Byron Court,E01012521,Warrington 008A,Anti-social behaviour,,
1b39541204c5540ab478c34ac08d5b6204215db44270ad5c4e4da5036a17d189,2014-05,Cheshire Constabulary,Cheshire Constabulary,-2.581801,53.407313,On or near Orford Green,E01012521,Warrington 008A,Burglary,Under investigation,
117eed92871fba231de361bf4bd24665c9e6e851745b40a59cd7f55304ee2ff7,2014-05,Cheshire Constabulary,Cheshire Constabulary,-2.581485,53.411737,On or near Small Avenue,E01012521,Warrington 008A,Vehicle crime,Investigation complete; no suspect identified,
,2014-05,Cheshire Constabulary,Cheshire Constabulary,-2.575721,53.410453,On or near Poplars Avenue,E01012522,Warrington 008B,Anti-social behaviour,,
,2014-05,Cheshire Constabulary,Cheshire Constabulary,-2.578785,53.411175,On or near Festival Crescent,E01012522,Warrington 008B,Anti-social behaviour,,
,2014-05,Cheshire Constabulary,Cheshire Constabulary,-2.578753,53.413278,On or near Statham Avenue,E01012522,Warrington 008B,Anti-social behaviour,,
55dd1d35720ec2607329e5617c40dad726e78a4d4fd77fd77fc10d54233bb44e,2014-05,Cheshire Constabulary,Cheshire Constabulary,-2.578024,53.411637,On or near Hughes Avenue,E01012522,Warrington 008B,Bicycle theft,Investigation complete; no suspect identified,
be70470481ef5b38a3d626b60163bedea69d3f5993fc787148e4264d162b860a,2014-05,Cheshire Constabulary,Cheshire Constabulary,-2.576944,53.410734,On or near Caldbeck Avenue,E01012522,Warrington 008B,Criminal damage and arson,Investigation complete; no suspect identified,
bb2c341ca497ba5d8db46a2f8f2b0069d215b46f2871bf916f64e651cd51d07d,2014-05,Cheshire Constabulary,Cheshire Constabulary,-2.576279,53.410558,On or near Supermarket,E01012522,Warrington 008B,Criminal damage and arson,Investigation complete; no suspect identified,
d100a2b58c8d0eed8c39b2643d517e28088f80eed613b1409e50aace618ee8b1,2014-05,Cheshire Constabulary,Cheshire Constabulary,-2.576944,53.410734,On or near Caldbeck Avenue,E01012522,Warrington 008B,Violence and sexual offences,Formal action is not in the public interest,
,2014-05,Cheshire Constabulary,Cheshire Constabulary,-2.572515,53.414801,On or near Dovedale Close,E01012533,Warrington 008C,Anti-social behaviour,,
,2014-05,Cheshire Constabulary,Cheshire Constabulary,-2.572515,53.414801,On or near Dovedale Close,E01012533,Warrington 008C,Anti-social behaviour,,
,2014-05,Cheshire Constabulary,Cheshire Constabulary,-2.576514,53.415698,On or near Merewood Close,E01012533,Warrington 008C,Anti-social behaviour,,
,2014-05,Cheshire Constabulary,Cheshire Constabulary,-2.572515,53.414801,On or near Dovedale Close,E01012533,Warrington 008C,Anti-social behaviour,,
,2014-05,Cheshire Constabulary,Cheshire Constabulary,-2.576514,53.415698,On or near Merewood Close,E01012533,Warrington 008C,Anti-social behaviour,,
,2014-05,Cheshire Constabulary,Cheshire Constabulary,-2.572515,53.414801,On or near Dovedale Close,E01012533,Warrington 008C,Anti-social behaviour,,
c97f580a68848d5552ea75008efa0aa3417d3a4749f1909477967f63d4121ddb,2014-05,Cheshire Constabulary,Cheshire Constabulary,-2.572633,53.415735,On or near Swift Close,E01012533,Warrington 008C,Burglary,Awaiting court outcome,
f3994722b3ac71f110ce9695dee0ca1957b5ed6273d761f3228685a9156d7813,2014-05,Cheshire Constabulary,Cheshire Constabulary,-2.572515,53.414801,On or near Dovedale Close,E01012533,Warrington 008C,Burglary,Investigation complete; no suspect identified,
dc4e5b43a0c4bd36ee4f1394fed393a297a0f884576de1a5440d2e5c1b5d8670,2014-05,Cheshire Constabulary,Cheshire Constabulary,-2.576514,53.415698,On or near Merewood Close,E01012533,Warrington 008C,Criminal damage and arson,Under investigation,
ceeffa5cccdae5e29d3a83e826faec26d67586e1715e6e4b7995cbb210282b69,2014-05,Cheshire Constabulary,Cheshire Constabulary,-2.576514,53.415698,On or near Merewood Close,E01012533,Warrington 008C,Other theft,Investigation complete; no suspect identified,
e3c8b0638b32f84653ad04e14428b362d308daead04691a74afaacf5c7b90391,2014-05,Cheshire Constabulary,Cheshire Constabulary,-2.572255,53.416725,On or near Osprey Close,E01012533,Warrington 008C,Other theft,Unable to prosecute suspect,
aefaf20631b199302cc7f09cfc72cd9c78fef61d30609a233fc9c1bf10b30e1f,2014-05,Cheshire Constabulary,Cheshire Constabulary,-2.572515,53.414801,On or near Dovedale Close,E01012533,Warrington 008C,Shoplifting,Unable to prosecute suspect,
d9075532c8c036e03f39d537b9b36e0d38766e02cf4cc596381c35cb5490aa63,2014-05,Cheshire Constabulary,Cheshire Constabulary,-2.572515,53.414801,On or near Dovedale Close,E01012533,Warrington 008C,Shoplifting,Under investigation,
,2014-05,Cheshire Constabulary,Cheshire Constabulary,-2.572320,53.408141,On or near Martin Avenue,E01012536,Warrington 008D,Anti-social behaviour,,
,2014-05,Cheshire Constabulary,Cheshire Constabulary,-2.572320,53.408141,On or near Martin Avenue,E01012536,Warrington 008D,Anti-social behaviour,,
,2014-05,Cheshire Constabulary,Cheshire Constabulary,-2.579077,53.413852,On or near Concorde Place,E01012536,Warrington 008D,Anti-social behaviour,,
,2014-05,Cheshire Constabulary,Cheshire Constabulary,-2.571823,53.408080,On or near Boyle Avenue,E01012536,Warrington 008D,Anti-social behaviour,,
,2014-05,Cheshire Constabulary,Cheshire Constabulary,-2.575567,53.412422,On or near Whittaker Avenue,E01012536,Warrington 008D,Anti-social behaviour,,
,2014-05,Cheshire Constabulary,Cheshire Constabulary,-2.579077,53.413852,On or near Concorde Place,E01012536,Warrington 008D,Anti-social behaviour,,
,2014-05,Cheshire Constabulary,Cheshire Constabulary,-2.579077,53.413852,On or near Concorde Place,E01012536,Warrington 008D,Anti-social behaviour,,
2792c032cddb7ed1d6c7075cb27bcb36b5d2caed7e2e31e939476febd4becb0d,2014-05,Cheshire Constabulary,Cheshire Constabulary,-2.572320,53.408141,On or near Martin Avenue,E01012536,Warrington 008D,Criminal damage and arson,Under investigation,
05d349627bb8942dfb4559757af7f143a6f82c4c9e9eeab6156405c487e88c0b,2014-05,Cheshire Constabulary,Cheshire Constabulary,-2.572877,53.411527,On or near Capesthorne Road,E01012536,Warrington 008D,Theft from the person,Investigation complete; no suspect identified,
c9a7e5fe301cd3f4f84e5ebc5b7c6b66a2ad2db2e2f41d084eb9126247733045,2014-05,Cheshire Constabulary,Cheshire Constabulary,-2.572877,53.411527,On or near Capesthorne Road,E01012536,Warrington 008D,Vehicle crime,Investigation complete; no suspect identified,
35ae428971303315f86626216180559fbe3f51ce692bdf458f62357bc640e575,2014-05,Cheshire Constabulary,Cheshire Constabulary,-2.579077,53.413852,On or near Concorde Place,E01012536,Warrington 008D,Violence and sexual offences,Under investigation,
,2014-05,Cheshire Constabulary,Cheshire Constabulary,-2.560590,53.412952,On or near Vulcan Close,E01012545,Warrington 008E,Anti-social behaviour,,
,2014-05,Cheshire Constabulary,Cheshire Constabulary,-2.563680,53.413350,On or near Lancaster Close,E01012545,Warrington 008E,Anti-social behaviour,,
,2014-05,Cheshire Constabulary,Cheshire Constabulary,-2.560590,53.412952,On or near Vulcan Close,E01012545,Warrington 008E,Anti-social behaviour,,
,2014-05,Cheshire Constabulary,Cheshire Constabulary,-2.563680,53.413350,On or near Lancaster Close,E01012545,Warrington 008E,Anti-social behaviour,,
,2014-05,Cheshire Constabulary,Cheshire Constabulary,-2.563680,53.413350,On or near Lancaster Close,E01012545,Warrington 008E,Anti-social behaviour,,
,2014-05,Cheshire Constabulary,Cheshire Constabulary,-2.563680,53.413350,On or near Lancaster Close,E01012545,Warrington 008E,Anti-social behaviour,,
,2014-05,Cheshire Constabulary,Cheshire Constabulary,-2.563680,53.413350,On or near Lancaster Close,E01012545,Warrington 008E,Anti-social behaviour,,
,2014-05,Cheshire Constabulary,Cheshire Constabulary,-2.562072,53.412396,On or near Valiant Close,E01012545,Warrington 008E,Anti-social behaviour,,
,2014-05,Cheshire Constabulary,Cheshire Constabulary,-2.565500,53.411068,On or near Blenheim Close,E01012545,Warrington 008E,Anti-social behaviour,,
,2014-05,Cheshire Constabulary,Cheshire Constabulary,-2.564453,53.411531,On or near Harrier Road,E01012545,Warrington 008E,Anti-social behaviour,,
,2014-05,Cheshire Constabulary,Cheshire Constabulary,-2.562979,53.413812,On or near Wellington Close,E01012545,Warrington 008E,Anti-social behaviour,,
,2014-05,Cheshire Constabulary,Cheshire Constabulary,-2.566576,53.411701,On or near Viscount Road,E01012545,Warrington 008E,Anti-social behaviour,,
,2014-05,Cheshire Constabulary,Cheshire Constabulary,-2.564354,53.413141,On or near Pedestrian Subway,E01012545,Warrington 008E,Anti-social behaviour,,
,2014-05,Cheshire Constabulary,Cheshire Constabulary,-2.566576,53.411701,On or near Viscount Road,E01012545,Warrington 008E,Anti-social behaviour,,
7a943e150f2fd10cdd35ee85e7df3ecf2aa5c32a3c40d5c44adf82453301f202,2014-05,Cheshire Constabulary,Cheshire Constabulary,-2.564354,53.413141,On or near Pedestrian Subway,E01012545,Warrington 008E,Burglary,Investigation complete; no suspect identified,
0057b0e0e8201eaedb0be25f02ee55176ecf06c2599f5140564d213d74edbeb9,2014-05,Cheshire Constabulary,Cheshire Constabulary,-2.563680,53.413350,On or near Lancaster Close,E01012545,Warrington 008E,Drugs,Awaiting court outcome,
bbabd443392e9f33f8df536a550fa44da43e04417e70b164ed5a5e138a58b2ac,2014-05,Cheshire Constabulary,Cheshire Constabulary,-2.560590,53.412952,On or near Vulcan Close,E01012545,Warrington 008E,Drugs,Awaiting court outcome,
79efcff6805230e785d8eef185d2b88bdf38bd8101984df51aa71d09ab4f85ea,2014-05,Cheshire Constabulary,Cheshire Constabulary,-2.565500,53.411068,On or near Blenheim Close,E01012545,Warrington 008E,Other theft,Under investigation,
f41ade536a3726a6a6214a9190879e29c6bbd1e2a65c7a1cf130ab64e97dfd85,2014-05,Cheshire Constabulary,Cheshire Constabulary,-2.562072,53.412396,On or near Valiant Close,E01012545,Warrington 008E,Public order,Under investigation,
e38cbc781eceaaba743897c20c54e691cff572f742c33839306ef89d5bec057d,2014-05,Cheshire Constabulary,Cheshire Constabulary,-2.560590,53.412952,On or near Vulcan Close,E01012545,Warrington 008E,Violence and sexual offences,Under investigation,
aae87a820499b23388ab587d42bd59fc0976458027f1e5bf25369ff97b32e74f,2014-05,Cheshire Constabulary,Cheshire Constabulary,-2.562072,53.412396,On or near Valiant Close,E01012545,Warrington 008E,Violence and sexual offences,Unable to prosecute suspect,
d16c8bb5f82f0c720b863f971dd101bc6f15761be8a03199288f7c73fc10ebec,2014-05,Cheshire Constabulary,Cheshire Constabulary,-2.563680,53.413350,On or near Lancaster Close,E01012545,Warrington 008E,Violence and sexual offences,Unable to prosecute suspect,
cc70ad3007362de9f0604e3e7861d3bd2c8552d87d407747b24c7326898dfbfb,2014-05,Cheshire Constabulary,Cheshire Constabulary,-2.568186,53.413931,On or near Capesthorne Road,E01012545,Warrington 008E,Violence and sexual offences,Awaiting court outcome,
a47a340c17db7e5885f7a03cf807a5878fb5fc285be219fca1dd2712610234fb,2014-05,Cheshire Constabulary,Cheshire Constabulary,-2.563680,53.413350,On or near Lancaster Close,E01012545,Warrington 008E,Violence and sexual offences,Unable to prosecute suspect,
,2014-05,Cheshire Constabulary,Cheshire Constabulary,-2.568661,53.412365,On or near Avery Close,E01012546,Warrington 008F,Anti-social behaviour,,
,2014-05,Cheshire Constabulary,Cheshire Constabulary,-2.564960,53.407762,On or near Rudloe Court,E01012546,Warrington 008F,Anti-social behaviour,,
,2014-05,Cheshire Constabulary,Cheshire Constabulary,-2.567328,53.408237,On or near Biggin Court,E01012546,Warrington 008F,Anti-social behaviour,,
0b343c917521277c275966cfc29ee33c93b2f11c75d8c906f19485b282ea4bdb,2014-05,Cheshire Constabulary,Cheshire Constabulary,-2.565963,53.408549,On or near Northolt Court,E01012546,Warrington 008F,Burglary,Investigation complete; no suspect identified,
acdf4449394853e58c665fa70e1420325e9eb0a91583d5ccf36d3891ebf8f77f,2014-05,Cheshire Constabulary,Cheshire Constabulary,-2.569074,53.407195,On or near Bawtry Court,E01012546,Warrington 008F,Criminal damage and arson,Investigation complete; no suspect identified,
f77773f604c5d006149bcc2b132a4b22cb0e3ef0b2d52f9420f58776a6837d45,2014-05,Cheshire Constabulary,Cheshire Constabulary,-2.565392,53.408641,On or near Gosport Close,E01012546,Warrington 008F,Criminal damage and arson,Investigation complete; no suspect identified,
6fbd6dee8dd320509c685a39e828d65fd3d653457ef55062a84f4f98c3417893,2014-05,Cheshire Constabulary,Cheshire Constabulary,-2.564960,53.407762,On or near Rudloe Court,E01012546,Warrington 008F,Criminal damage and arson,Under investigation,
02a57205115bf8af7844d969a60ce0251571d5b5a11878d3deaaa446c2813c37,2014-05,Cheshire Constabulary,Cheshire Constabulary,-2.567799,53.407506,On or near Duxford Court,E01012546,Warrington 008F,Criminal damage and arson,Under investigation,
72c3729861a8981e64c23aa5419b75667a0009cd68b2b1caafa2f53f82ca5b0e,2014-05,Cheshire Constabulary,Cheshire Constabulary,-2.571219,53.405683,On or near Woodvale Close,E01012546,Warrington 008F,Drugs,Offender given a drugs possession warning,
b143caf8ce35866a152d617e6b0a78294fb02c30492d7a1ddfe1d9eb68832d84,2014-05,Cheshire Constabulary,Cheshire Constabulary,-2.568021,53.408332,On or near Hilden Road,E01012546,Warrington 008F,Other theft,Under investigation,
971a78c12852617ce1060102e2b67b554b13adc9939928d9670134dd29c43b1f,2014-05,Cheshire Constabulary,Cheshire Constabulary,-2.568661,53.412365,On or near Avery Close,E01012546,Warrington 008F,Vehicle crime,Investigation complete; no suspect identified,
9c2884a1175e9f385c3d6b0e6467ad8ff54e66e2a110c276b3ecce041abf1f0e,2014-05,Cheshire Constabulary,Cheshire Constabulary,-2.564960,53.407762,On or near Rudloe Court,E01012546,Warrington 008F,Violence and sexual offences,Under investigation,
3f9a126b841391bda250678002b972328e5d71a6b052bd92311657d3a132cdf7,2014-05,Cheshire Constabulary,Cheshire Constabulary,-2.568021,53.408332,On or near Hilden Road,E01012546,Warrington 008F,Violence and sexual offences,Under investigation,
24dac2f959ac00b36889f2f26dd0930bc690ac1146df105e8d13dace80c8e255,2014-05,Cheshire Constabulary,Cheshire Constabulary,-2.567799,53.407506,On or near Duxford Court,E01012546,Warrington 008F,Violence and sexual offences,Under investigation,
48cd3654353ba2af96c24ebcb3b3a2537a036f70459b96dba3dd2cfc915f1024,2014-05,Cheshire Constabulary,Cheshire Constabulary,-2.568661,53.412365,On or near Avery Close,E01012546,Warrington 008F,Violence and sexual offences,Under investigation,
,2014-05,Cheshire Constabulary,Cheshire Constabulary,-2.613548,53.414102,On or near Chepstow Close,E01012561,Warrington 009A,Anti-social behaviour,,
,2014-05,Cheshire Constabulary,Cheshire Constabulary,-2.613548,53.414102,On or near Chepstow Close,E01012561,Warrington 009A,Anti-social behaviour,,
9e47141c1c48b3f269b291b17764a84e023a9e18266c37a5db571810317e6434,2014-05,Cheshire Constabulary,Cheshire Constabulary,-2.622748,53.414576,On or near Goldcliffe Close,E01012561,Warrington 009A,Burglary,Under investigation,
a8aaeaf00cf15267c74344116e426cd602688c9121901025ecd690ec07b5cbf9,2014-05,Cheshire Constabulary,Cheshire Constabulary,-2.614732,53.412721,On or near Granston Close,E01012561,Warrington 009A,Burglary,Under investigation,
c6a54988ef3e1908380ca681adc533bf5743793e94f07093035b592e1ff4eae0,2014-05,Cheshire Constabulary,Cheshire Constabulary,-2.623685,53.415866,On or near Europa Boulevard,E01012561,Warrington 009A,Shoplifting,Investigation complete; no suspect identified,
b5fce3948a5356b3e035bef15d193f3ee438c6c936a12882108a1c8f5f581ccc,2014-05,Cheshire Constabulary,Cheshire Constabulary,-2.623685,53.415866,On or near Europa Boulevard,E01012561,Warrington 009A,Shoplifting,Investigation complete; no suspect identified,
,2014-05,Cheshire Constabulary,Cheshire Constabulary,-2.632362,53.411559,On or near Delta Crescent,E01012562,Warrington 009B,Anti-social behaviour,,
,2014-05,Cheshire Constabulary,Cheshire Constabulary,-2.641540,53.411654,On or near Kingswood Road,E01012562,Warrington 009B,Anti-social behaviour,,
,2014-05,Cheshire Constabulary,Cheshire Constabulary,-2.632362,53.411559,On or near Delta Crescent,E01012562,Warrington 009B,Anti-social behaviour,,
,2014-05,Cheshire Constabulary,Cheshire Constabulary,-2.652226,53.411929,On or near Airport/Airfield,E01012562,Warrington 009B,Anti-social behaviour,,
,2014-05,Cheshire Constabulary,Cheshire Constabulary,-2.632362,53.411559,On or near Delta Crescent,E01012562,Warrington 009B,Anti-social behaviour,,
,2014-05,Cheshire Constabulary,Cheshire Constabulary,-2.641972,53.414321,On or near Butts Green,E01012562,Warrington 009B,Anti-social behaviour,,
,2014-05,Cheshire Constabulary,Cheshire Constabulary,-2.633754,53.413089,On or near Easter Court,E01012562,Warrington 009B,Anti-social behaviour,,
88465d1971090011639b07a3d21d1acd386d47e3658532fadb069e345ef71064,2014-05,Cheshire Constabulary,Cheshire Constabulary,-2.641972,53.414321,On or near Butts Green,E01012562,Warrington 009B,Bicycle theft,Investigation complete; no suspect identified,
cd2e51d9e03e20d49767842f540d2d57db7e8aeaccbf3ce5766e8c01d667986b,2014-05,Cheshire Constabulary,Cheshire Constabulary,-2.640856,53.414184,On or near Archers Green Road,E01012562,Warrington 009B,Bicycle theft,Investigation complete; no suspect identified,
68757ace17731ad0bf4a384651d955025ac9f3356f715c172bf473a27a121cf5,2014-05,Cheshire Constabulary,Cheshire Constabulary,-2.639351,53.415109,On or near Charon Way,E01012562,Warrington 009B,Other theft,Under investigation,
bf79aeec52d43a5d07ec7f9f40be6d93e1a9da3842f72832e2f92a311dafdf9c,2014-05,Cheshire Constabulary,Cheshire Constabulary,-2.637389,53.416755,On or near Pedestrian Subway,E01012562,Warrington 009B,Other theft,Investigation complete; no suspect identified,
bf9e848a5af63bc36e458fdd6dd5f08330e87181fe821a1382afcfbb3465c895,2014-05,Cheshire Constabulary,Cheshire Constabulary,-2.637389,53.416755,On or near Pedestrian Subway,E01012562,Warrington 009B,Other theft,Under investigation,
c2affa4b260fff7d1e3231fb01af90b17ec5785c63c51ae2408930c6360b471b,2014-05,Cheshire Constabulary,Cheshire Constabulary,-2.639351,53.415109,On or near Charon Way,E01012562,Warrington 009B,Other theft,Under investigation,
b0f2e96590e2afbd6cba20cdb9676188a60cb8e7a6f6727d3568866890cec592,2014-05,Cheshire Constabulary,Cheshire Constabulary,-2.641972,53.414321,On or near Butts Green,E01012562,Warrington 009B,Shoplifting,Under investigation,
bf612e653b7e4b664a4d063e074794241d7473208ae79c678bcb7eba25475a66,2014-05,Cheshire Constabulary,Cheshire Constabulary,-2.636917,53.416362,On or near Motorway Service Area,E01012562,Warrington 009B,Vehicle crime,Investigation complete; no suspect identified,
6c8cde8c5dc3b027beba61f39a4aaf6a3e51806db7007d69c414dd3550abf9d7,2014-05,Cheshire Constabulary,Cheshire Constabulary,-2.641157,53.409139,On or near Coppice Green,E01012562,Warrington 009B,Violence and sexual offences,Unable to prosecute suspect,
,2014-05,Cheshire Constabulary,Cheshire Constabulary,-2.658045,53.401991,On or near Bainbridge Crescent,E01012567,Warrington 009C,Anti-social behaviour,,
,2014-05,Cheshire Constabulary,Cheshire Constabulary,-2.654811,53.398998,On or near Bransdale Close,E01012567,Warrington 009C,Anti-social behaviour,,
,2014-05,Cheshire Constabulary,Cheshire Constabulary,-2.661122,53.401570,On or near Billington Close,E01012567,Warrington 009C,Anti-social behaviour,,
,2014-05,Cheshire Constabulary,Cheshire Constabulary,-2.647833,53.398083,On or near Wharfdale Close,E01012567,Warrington 009C,Anti-social behaviour,,
4a6749a8e020ae7f5bae54b34a45c2bfb99b95518bca8fcf0f211bb3397c2ff4,2014-05,Cheshire Constabulary,Cheshire Constabulary,-2.647833,53.398083,On or near Wharfdale Close,E01012567,Warrington 009C,Violence and sexual offences,Unable to prosecute suspect,
7f208b939b31386c83e5479bd82ad52628864294f839112e6a95fbae7dba4b86,2014-05,Cheshire Constabulary,Cheshire Constabulary,-2.658045,53.401991,On or near Bainbridge Crescent,E01012567,Warrington 009C,Violence and sexual offences,Under investigation,
d2811837f22d50ad5b75f6fd00d65d4d4ea3073d722e30bfe687abee4a1ee908,2014-05,Cheshire Constabulary,Cheshire Constabulary,-2.647833,53.398083,On or near Wharfdale Close,E01012567,Warrington 009C,Violence and sexual offences,Under investigation,
,2014-05,Cheshire Constabulary,Cheshire Constabulary,-2.645889,53.402786,On or near Cheltenham Close,E01012568,Warrington 009D,Anti-social behaviour,,
,2014-05,Cheshire Constabulary,Cheshire Constabulary,-2.642046,53.396254,On or near Moran Drive,E01012568,Warrington 009D,Anti-social behaviour,,
,2014-05,Cheshire Constabulary,Cheshire Constabulary,-2.643655,53.399283,On or near Phoenix Place,E01012568,Warrington 009D,Anti-social behaviour,,
,2014-05,Cheshire Constabulary,Cheshire Constabulary,-2.641420,53.398657,On or near Santa Rosa Boulevard,E01012568,Warrington 009D,Anti-social behaviour,,
,2014-05,Cheshire Constabulary,Cheshire Constabulary,-2.641420,53.398657,On or near Santa Rosa Boulevard,E01012568,Warrington 009D,Anti-social behaviour,,
,2014-05,Cheshire Constabulary,Cheshire Constabulary,-2.642046,53.396254,On or near Moran Drive,E01012568,Warrington 009D,Anti-social behaviour,,
,2014-05,Cheshire Constabulary,Cheshire Constabulary,-2.642046,53.396254,On or near Moran Drive,E01012568,Warrington 009D,Anti-social behaviour,,
,2014-05,Cheshire Constabulary,Cheshire Constabulary,-2.646098,53.403666,On or near Leamington Close,E01012568,Warrington 009D,Anti-social behaviour,,
,2014-05,Cheshire Constabulary,Cheshire Constabulary,-2.645889,53.402786,On or near Cheltenham Close,E01012568,Warrington 009D,Anti-social behaviour,,
,2014-05,Cheshire Constabulary,Cheshire Constabulary,-2.641420,53.398657,On or near Santa Rosa Boulevard,E01012568,Warrington 009D,Anti-social behaviour,,
,2014-05,Cheshire Constabulary,Cheshire Constabulary,-2.641420,53.398657,On or near Santa Rosa Boulevard,E01012568,Warrington 009D,Anti-social behaviour,,
,2014-05,Cheshire Constabulary,Cheshire Constabulary,-2.646603,53.404238,On or near Tunbridge Close,E01012568,Warrington 009D,Anti-social behaviour,,
,2014-05,Cheshire Constabulary,Cheshire Constabulary,-2.642847,53.398559,On or near Dallas Drive,E01012568,Warrington 009D,Anti-social behaviour,,
,2014-05,Cheshire Constabulary,Cheshire Constabulary,-2.649911,53.397227,On or near Coverdale Close,E01012568,Warrington 009D,Anti-social behaviour,,
,2014-05,Cheshire Constabulary,Cheshire Constabulary,-2.641420,53.398657,On or near Santa Rosa Boulevard,E01012568,Warrington 009D,Anti-social behaviour,,
,2014-05,Cheshire Constabulary,Cheshire Constabulary,-2.642046,53.396254,On or near Moran Drive,E01012568,Warrington 009D,Anti-social behaviour,,
,2014-05,Cheshire Constabulary,Cheshire Constabulary,-2.643655,53.399283,On or near Phoenix Place,E01012568,Warrington 009D,Anti-social behaviour,,
,2014-05,Cheshire Constabulary,Cheshire Constabulary,-2.642046,53.396254,On or near Moran Drive,E01012568,Warrington 009D,Anti-social behaviour,,
,2014-05,Cheshire Constabulary,Cheshire Constabulary,-2.641420,53.398657,On or near Santa Rosa Boulevard,E01012568,Warrington 009D,Anti-social behaviour,,
,2014-05,Cheshire Constabulary,Cheshire Constabulary,-2.642046,53.396254,On or near Moran Drive,E01012568,Warrington 009D,Anti-social behaviour,,
,2014-05,Cheshire Constabulary,Cheshire Constabulary,-2.642046,53.396254,On or near Moran Drive,E01012568,Warrington 009D,Anti-social behaviour,,
,2014-05,Cheshire Constabulary,Cheshire Constabulary,-2.642046,53.396254,On or near Moran Drive,E01012568,Warrington 009D,Anti-social behaviour,,
,2014-05,Cheshire Constabulary,Cheshire Constabulary,-2.642046,53.396254,On or near Moran Drive,E01012568,Warrington 009D,Anti-social behaviour,,
,2014-05,Cheshire Constabulary,Cheshire Constabulary,-2.644957,53.398836,On or near Missouri Drive,E01012568,Warrington 009D,Anti-social behaviour,,
,2014-05,Cheshire Constabulary,Cheshire Constabulary,-2.641420,53.398657,On or near Santa Rosa Boulevard,E01012568,Warrington 009D,Anti-social behaviour,,
c72b9e238e8c0ca2a8a3a2123b33c29b7a5307a813b25ce4eb591a6649c3764d,2014-05,Cheshire Constabulary,Cheshire Constabulary,-2.643653,53.405099,On or near Harrogate Close,E01012568,Warrington 009D,Bicycle theft,Investigation complete; no suspect identified,
c7a108b37bdc8db4407e97eeb2f3f5284d31dd7cb3c17c80280297ed6b4187df,2014-05,Cheshire Constabulary,Cheshire Constabulary,-2.644507,53.404879,On or near Matlock Close,E01012568,Warrington 009D,Bicycle theft,Investigation complete; no suspect identified,
3a8965cfc459e863f18a98cf1d752ef575fb53763a082eb4aa0c1ddc159a87f7,2014-05,Cheshire Constabulary,Cheshire Constabulary,-2.644507,53.404879,On or near Matlock Close,E01012568,Warrington 009D,Bicycle theft,Investigation complete; no suspect identified,
74f4c856d0cae17e1486f80cf2b5cd6b418580cb2b27f2ca4cbd35acd10edf0d,2014-05,Cheshire Constabulary,Cheshire Constabulary,-2.644606,53.400483,On or near Bridgeport Mews,E01012568,Warrington 009D,Bicycle theft,Investigation complete; no suspect identified,
f0b0c936c846b2ca24e170e7f11738db053d48f28488eebb92289c9b228bfc57,2014-05,Cheshire Constabulary,Cheshire Constabulary,-2.645841,53.400593,On or near Rockford Gardens,E01012568,Warrington 009D,Other theft,Under investigation,
ee6687f2c192c8a4600e16dff6735726b1f7fae6bf3f23dad0745d5d7453f298,2014-05,Cheshire Constabulary,Cheshire Constabulary,-2.641420,53.398657,On or near Santa Rosa Boulevard,E01012568,Warrington 009D,Other theft,Under investigation,
7cd8b985fa6157f222e38b7b90bad0f2e6d95369a440c6f61233b1cbb93a8aa2,2014-05,Cheshire Constabulary,Cheshire Constabulary,-2.644507,53.404879,On or near Matlock Close,E01012568,Warrington 009D,Vehicle crime,Investigation complete; no suspect identified,
5aaebec6fe7ecf7eeaee6d3cc281ec2e57562fbe89b2e6c1fd50cde483251019,2014-05,Cheshire Constabulary,Cheshire Constabulary,-2.642046,53.396254,On or near Moran Drive,E01012568,Warrington 009D,Violence and sexual offences,Awaiting court outcome,
,2014-05,Cheshire Constabulary,Cheshire Constabulary,-2.629892,53.408318,On or near Supermarket,E01012563,Warrington 010A,Anti-social behaviour,,
,2014-05,Cheshire Constabulary,Cheshire Constabulary,-2.626673,53.408335,On or near Willoughby Close,E01012563,Warrington 010A,Anti-social behaviour,,
,2014-05,Cheshire Constabulary,Cheshire Constabulary,-2.629892,53.408318,On or near Supermarket,E01012563,Warrington 010A,Anti-social behaviour,,
,2014-05,Cheshire Constabulary,Cheshire Constabulary,-2.629892,53.408318,On or near Supermarket,E01012563,Warrington 010A,Anti-social behaviour,,
,2014-05,Cheshire Constabulary,Cheshire Constabulary,-2.612138,53.411197,On or near Langland Close,E01012564,Warrington 010B,Anti-social behaviour,,
,2014-05,Cheshire Constabulary,Cheshire Constabulary,-2.613390,53.413555,On or near Brecon Court,E01012564,Warrington 010B,Anti-social behaviour,,
,2014-05,Cheshire Constabulary,Cheshire Constabulary,-2.612138,53.411197,On or near Langland Close,E01012564,Warrington 010B,Anti-social behaviour,,
0f25ec589e237b91f378541aeaa8cc7ce6cac98168a4b789c1c089d2f7fa1b57,2014-05,Cheshire Constabulary,Cheshire Constabulary,-2.613034,53.412883,On or near Carmel Close,E01012564,Warrington 010B,Burglary,Investigation complete; no suspect identified,
2ec8acf3a4b96de4f00133d27062683ec32d0bd9b3570588854cda45a34ac9a5,2014-05,Cheshire Constabulary,Cheshire Constabulary,-2.618039,53.409423,On or near Gresford Close,E01012564,Warrington 010B,Burglary,Investigation complete; no suspect identified,
fce2a3774da6a0cff6824d6f5be032e076bce5004b2d7bd2fcbdb799748f58df,2014-05,Cheshire Constabulary,Cheshire Constabulary,-2.614758,53.408271,On or near Boverton Close,E01012564,Warrington 010B,Burglary,Investigation complete; no suspect identified,
970dd8947d4fbc03c9226a101eecf548664b1212eebbf52457de4a7fcd17c437,2014-05,Cheshire Constabulary,Cheshire Constabulary,-2.612875,53.409144,On or near Marcross Close,E01012564,Warrington 010B,Robbery,Unable to prosecute suspect,
66ca7adcdd5edadfa3ecf8a9d2814bdb25787cb3d1d66798535701f71989ee27,2014-05,Cheshire Constabulary,Cheshire Constabulary,-2.615800,53.406423,On or near Theme/Adventure Park,E01012564,Warrington 010B,Vehicle crime,Investigation complete; no suspect identified,
5ddfee35c55772d1ef5ef8a14438e944e3007b27974764029b262234d722a61b,2014-05,Cheshire Constabulary,Cheshire Constabulary,-2.617850,53.405703,On or near Theme/Adventure Park,E01012564,Warrington 010B,Vehicle crime,Investigation complete; no suspect identified,
,2014-05,Cheshire Constabulary,Cheshire Constabulary,-2.634324,53.395801,On or near Chicago Place,E01012565,Warrington 010C,Anti-social behaviour,,
,2014-05,Cheshire Constabulary,Cheshire Constabulary,-2.630299,53.398195,On or near Savannah Place,E01012565,Warrington 010C,Anti-social behaviour,,
,2014-05,Cheshire Constabulary,Cheshire Constabulary,-2.621671,53.400550,On or near Ross Close,E01012565,Warrington 010C,Anti-social behaviour,,
,2014-05,Cheshire Constabulary,Cheshire Constabulary,-2.621671,53.400550,On or near Ross Close,E01012565,Warrington 010C,Anti-social behaviour,,
,2014-05,Cheshire Constabulary,Cheshire Constabulary,-2.630299,53.398195,On or near Savannah Place,E01012565,Warrington 010C,Anti-social behaviour,,
,2014-05,Cheshire Constabulary,Cheshire Constabulary,-2.633573,53.397854,On or near Denver Drive,E01012565,Warrington 010C,Anti-social behaviour,,
,2014-05,Cheshire Constabulary,Cheshire Constabulary,-2.632078,53.397457,On or near Charlotte Grove,E01012565,Warrington 010C,Anti-social behaviour,,
,2014-05,Cheshire Constabulary,Cheshire Constabulary,-2.628962,53.398319,On or near Washington Drive,E01012565,Warrington 010C,Anti-social behaviour,,
,2014-05,Cheshire Constabulary,Cheshire Constabulary,-2.632078,53.397457,On or near Charlotte Grove,E01012565,Warrington 010C,Anti-social behaviour,,
,2014-05,Cheshire Constabulary,Cheshire Constabulary,-2.630299,53.398195,On or near Savannah Place,E01012565,Warrington 010C,Anti-social behaviour,,
,2014-05,Cheshire Constabulary,Cheshire Constabulary,-2.628348,53.398475,On or near Vermont Close,E01012565,Warrington 010C,Anti-social behaviour,,
3cee55e0cd556b5e5132650d418029763acdf4a53622bc529bf8ab7c18d7eb08,2014-05,Cheshire Constabulary,Cheshire Constabulary,-2.624195,53.397283,On or near Livingstone Close,E01012565,Warrington 010C,Drugs,Offender given a drugs possession warning,
0942e4bea8225b8f23d266c799ea7c0d77c176e117c8820cfcee57a7a0717ac8,2014-05,Cheshire Constabulary,Cheshire Constabulary,-2.624195,53.397283,On or near Livingstone Close,E01012565,Warrington 010C,Vehicle crime,Under investigation,
af75cdf72606bc7c38d4f6ad2e4b0c6cacee68abe8c23539d6222217075b885f,2014-05,Cheshire Constabulary,Cheshire Constabulary,-2.629251,53.399504,On or near Florida Close,E01012565,Warrington 010C,Violence and sexual offences,Unable to prosecute suspect,
62f2721a302a0a006858ca4ccfad0426182fc1b97eaeffc4e9352a99422777b2,2014-05,Cheshire Constabulary,Cheshire Constabulary,-2.620023,53.397880,On or near Nansen Close,E01012565,Warrington 010C,Violence and sexual offences,Awaiting court outcome,
,2014-05,Cheshire Constabulary,Cheshire Constabulary,-2.633319,53.400031,On or near Kansas Place,E01012566,Warrington 010D,Anti-social behaviour,,
,2014-05,Cheshire Constabulary,Cheshire Constabulary,-2.635202,53.399194,On or near New Hampshire Close,E01012566,Warrington 010D,Anti-social behaviour,,
,2014-05,Cheshire Constabulary,Cheshire Constabulary,-2.633319,53.400031,On or near Kansas Place,E01012566,Warrington 010D,Anti-social behaviour,,
,2014-05,Cheshire Constabulary,Cheshire Constabulary,-2.629057,53.401653,On or near Ellesworth Close,E01012566,Warrington 010D,Anti-social behaviour,,
,2014-05,Cheshire Constabulary,Cheshire Constabulary,-2.633319,53.400031,On or near Kansas Place,E01012566,Warrington 010D,Anti-social behaviour,,
2a46f87202e9ba41a733e3093fc9f8ff1eb0020dc884acc18d274042f4f95735,2014-05,Cheshire Constabulary,Cheshire Constabulary,-2.633319,53.400031,On or near Kansas Place,E01012566,Warrington 010D,Bicycle theft,Investigation complete; no suspect identified,
087fe0fbbada160657dc3671405e5e45fd9e4b6db25f0ff18d513db2f969d691,2014-05,Cheshire Constabulary,Cheshire Constabulary,-2.635202,53.399194,On or near New Hampshire Close,E01012566,Warrington 010D,Vehicle crime,Investigation complete; no suspect identified,
a571cea7580ada0ea3198224ed8a374c753fac3300952223442623d61a106fb8,2014-05,Cheshire Constabulary,Cheshire Constabulary,-2.634369,53.398803,On or near Arizona Crescent,E01012566,Warrington 010D,Vehicle crime,Under investigation,
,2014-05,Cheshire Constabulary,Cheshire Constabulary,-2.640431,53.401898,On or near The Lees,E01012569,Warrington 010E,Anti-social behaviour,,
,2014-05,Cheshire Constabulary,Cheshire Constabulary,-2.643266,53.401380,On or near Portland Road,E01012569,Warrington 010E,Anti-social behaviour,,
,2014-05,Cheshire Constabulary,Cheshire Constabulary,-2.637077,53.406950,On or near Ward Close,E01012569,Warrington 010E,Anti-social behaviour,,
,2014-05,Cheshire Constabulary,Cheshire Constabulary,-2.640431,53.401898,On or near The Lees,E01012569,Warrington 010E,Anti-social behaviour,,
,2014-05,Cheshire Constabulary,Cheshire Constabulary,-2.640467,53.403273,On or near Tilman Close,E01012569,Warrington 010E,Anti-social behaviour,,
d8387e8a1bd73e50e3f0aa1b113cee15f3a9857df06ea908ef90c4bea2a8c7f4,2014-05,Cheshire Constabulary,Cheshire Constabulary,-2.643266,53.401380,On or near Portland Road,E01012569,Warrington 010E,Criminal damage and arson,Under investigation,
fdaa85316a3c0973db5893d25297d8c5fff05e3f3e3d7b6c0e260e20175e59e1,2014-05,Cheshire Constabulary,Cheshire Constabulary,-2.643275,53.400993,On or near Union Square,E01012569,Warrington 010E,Public order,Offender fined,
,2014-05,Cheshire Constabulary,Cheshire Constabulary,-2.624464,53.399250,On or near Cavendish Close,E01012570,Warrington 010F,Anti-social behaviour,,
,2014-05,Cheshire Constabulary,Cheshire Constabulary,-2.618043,53.400335,On or near Ledyard Close,E01012570,Warrington 010F,Anti-social behaviour,,
,2014-05,Cheshire Constabulary,Cheshire Constabulary,-2.624464,53.399250,On or near Cavendish Close,E01012570,Warrington 010F,Anti-social behaviour,,
5fa29bdf3861176e5d8a9a6c3713f911df1899d56636508e3b9bdd3602543b8f,2014-05,Cheshire Constabulary,Cheshire Constabulary,-2.618043,53.400335,On or near Ledyard Close,E01012570,Warrington 010F,Bicycle theft,Investigation complete; no suspect identified,
c53945b314ad05d510a7bd80b6c73b66ed7db94c6f60ef7b0c892318ae4ea48f,2014-05,Cheshire Constabulary,Cheshire Constabulary,-2.624464,53.399250,On or near Cavendish Close,E01012570,Warrington 010F,Other theft,Under investigation,
5194217722ef9ab606990525bc3c8f0f52880c4429fa5956c7735ca1d6933e89,2014-05,Cheshire Constabulary,Cheshire Constabulary,-2.627194,53.400764,On or near Twenty Acre Road,E01012570,Warrington 010F,Other theft,Investigation complete; no suspect identified,
,2014-05,Cheshire Constabulary,Cheshire Constabulary,-2.574982,53.398007,On or near Hazel Street,E01012481,Warrington 011A,Anti-social behaviour,,
,2014-05,Cheshire Constabulary,Cheshire Constabulary,-2.572265,53.397301,On or near Beresford Street,E01012481,Warrington 011A,Anti-social behaviour,,
,2014-05,Cheshire Constabulary,Cheshire Constabulary,-2.568677,53.400015,On or near Brookland Street,E01012481,Warrington 011A,Anti-social behaviour,,
0b033ede3925842676606183dde5de4d04cfa67f877f709ec6c1e8c2304d734b,2014-05,Cheshire Constabulary,Cheshire Constabulary,-2.569726,53.399740,On or near Supermarket,E01012481,Warrington 011A,Criminal damage and arson,Investigation complete; no suspect identified,
c0576fcc791344de431a4a1000d0e4d840ebd65757b943e9a792014d513d1217,2014-05,Cheshire Constabulary,Cheshire Constabulary,-2.570878,53.398170,On or near Padgate Lane,E01012481,Warrington 011A,Criminal damage and arson,Investigation complete; no suspect identified,
f303df6899b25fabd60d4c1b93280a74cf208f515589bc1b56501b91a33478ff,2014-05,Cheshire Constabulary,Cheshire Constabulary,-2.569726,53.399740,On or near Supermarket,E01012481,Warrington 011A,Shoplifting,Under investigation,
,2014-05,Cheshire Constabulary,Cheshire Constabulary,-2.580817,53.399093,On or near Cabul Close,E01012482,Warrington 011B,Anti-social behaviour,,
,2014-05,Cheshire Constabulary,Cheshire Constabulary,-2.579680,53.401768,On or near Norris Street,E01012482,Warrington 011B,Anti-social behaviour,,
,2014-05,Cheshire Constabulary,Cheshire Constabulary,-2.578872,53.400999,On or near Ridgway Street,E01012482,Warrington 011B,Anti-social behaviour,,
,2014-05,Cheshire Constabulary,Cheshire Constabulary,-2.581897,53.400032,On or near O'Leary Street,E01012482,Warrington 011B,Anti-social behaviour,,
,2014-05,Cheshire Constabulary,Cheshire Constabulary,-2.576209,53.399799,On or near Gorsey Lane,E01012482,Warrington 011B,Anti-social behaviour,,
,2014-05,Cheshire Constabulary,Cheshire Constabulary,-2.578864,53.398177,On or near Godfrey Street,E01012482,Warrington 011B,Anti-social behaviour,,
,2014-05,Cheshire Constabulary,Cheshire Constabulary,-2.579680,53.401768,On or near Norris Street,E01012482,Warrington 011B,Anti-social behaviour,,
,2014-05,Cheshire Constabulary,Cheshire Constabulary,-2.578864,53.398177,On or near Godfrey Street,E01012482,Warrington 011B,Anti-social behaviour,,
5a9213195d63c10dd7f79847ae7dd173072d011f6f4a7eb00ee6a13f6b15d9bd,2014-05,Cheshire Constabulary,Cheshire Constabulary,-2.581897,53.400032,On or near O'Leary Street,E01012482,Warrington 011B,Criminal damage and arson,Investigation complete; no suspect identified,
5bd58423bf49627aa48dd8aae76aaa1250c36c02a8ba9aae60eedc5ec8bfe4aa,2014-05,Cheshire Constabulary,Cheshire Constabulary,-2.578864,53.398177,On or near Godfrey Street,E01012482,Warrington 011B,Other theft,Under investigation,
351867f16bfc0511c8d91a7f589674bb649d15239d518d11f5c55fa2465a2d3a,2014-05,Cheshire Constabulary,Cheshire Constabulary,-2.579680,53.401768,On or near Norris Street,E01012482,Warrington 011B,Shoplifting,Under investigation,
92159b9055cc2557b60b1d0e46a1e956e032be8121cb9f71574871b0cd874df0,2014-05,Cheshire Constabulary,Cheshire Constabulary,-2.581897,53.400032,On or near O'Leary Street,E01012482,Warrington 011B,Violence and sexual offences,Offender given a caution,
38fea2b110a8e8684e04fa40b373439427fc8a1b45cc7679aa782a574c5cfa29,2014-05,Cheshire Constabulary,Cheshire Constabulary,-2.580817,53.399093,On or near Cabul Close,E01012482,Warrington 011B,Violence and sexual offences,Under investigation,
8bf7327fcbeec7e2d75a4cca11fe765ab8df1ffecdfa990e9ab8d55a9773d3f3,2014-05,Cheshire Constabulary,Cheshire Constabulary,-2.581897,53.400032,On or near O'Leary Street,E01012482,Warrington 011B,Violence and sexual offences,Unable to prosecute suspect,
84f956a21d7573f0cdcbd30b8d86a1593b3d57af67ab6aa449f225b98a3a8ab6,2014-05,Cheshire Constabulary,Cheshire Constabulary,-2.581897,53.400032,On or near O'Leary Street,E01012482,Warrington 011B,Violence and sexual offences,Under investigation,
,2014-05,Cheshire Constabulary,Cheshire Constabulary,-2.596003,53.411710,On or near Winwick Road,E01012520,Warrington 011C,Anti-social behaviour,,
,2014-05,Cheshire Constabulary,Cheshire Constabulary,-2.588446,53.403748,On or near Alder Lane,E01012520,Warrington 011C,Anti-social behaviour,,
,2014-05,Cheshire Constabulary,Cheshire Constabulary,-2.594363,53.410649,On or near Armour Avenue,E01012520,Warrington 011C,Anti-social behaviour,,
,2014-05,Cheshire Constabulary,Cheshire Constabulary,-2.584085,53.407104,On or near Longfield Gardens,E01012520,Warrington 011C,Anti-social behaviour,,
,2014-05,Cheshire Constabulary,Cheshire Constabulary,-2.596003,53.411710,On or near Winwick Road,E01012520,Warrington 011C,Anti-social behaviour,,
,2014-05,Cheshire Constabulary,Cheshire Constabulary,-2.584085,53.407104,On or near Longfield Gardens,E01012520,Warrington 011C,Anti-social behaviour,,
,2014-05,Cheshire Constabulary,Cheshire Constabulary,-2.588522,53.408134,On or near Long Lane,E01012520,Warrington 011C,Anti-social behaviour,,
,2014-05,Cheshire Constabulary,Cheshire Constabulary,-2.588446,53.403748,On or near Alder Lane,E01012520,Warrington 011C,Anti-social behaviour,,
,2014-05,Cheshire Constabulary,Cheshire Constabulary,-2.594363,53.410649,On or near Armour Avenue,E01012520,Warrington 011C,Anti-social behaviour,,
,2014-05,Cheshire Constabulary,Cheshire Constabulary,-2.595603,53.411065,On or near Currans Road,E01012520,Warrington 011C,Anti-social behaviour,,
,2014-05,Cheshire Constabulary,Cheshire Constabulary,-2.584085,53.407104,On or near Longfield Gardens,E01012520,Warrington 011C,Anti-social behaviour,,
,2014-05,Cheshire Constabulary,Cheshire Constabulary,-2.588446,53.403748,On or near Alder Lane,E01012520,Warrington 011C,Anti-social behaviour,,
,2014-05,Cheshire Constabulary,Cheshire Constabulary,-2.585384,53.408572,On or near Milvain Drive,E01012520,Warrington 011C,Anti-social behaviour,,
,2014-05,Cheshire Constabulary,Cheshire Constabulary,-2.584782,53.407505,On or near Longfield Road,E01012520,Warrington 011C,Anti-social behaviour,,
5da3c6505f37785b0e9baffdf3aa201bb86b94162572c928ce54cedf3e99c704,2014-05,Cheshire Constabulary,Cheshire Constabulary,-2.594363,53.410649,On or near Armour Avenue,E01012520,Warrington 011C,Criminal damage and arson,Investigation complete; no suspect identified,
e0dce41ed6a7d59d5cad3fddd8babd8736b8292d98c3a7c07f73d37f0d96941a,2014-05,Cheshire Constabulary,Cheshire Constabulary,-2.588522,53.408134,On or near Long Lane,E01012520,Warrington 011C,Criminal damage and arson,Investigation complete; no suspect identified,
e7a07208706506e343e18bff2eacfed0a00d025346f493153d9058f9914620dc,2014-05,Cheshire Constabulary,Cheshire Constabulary,-2.588446,53.403748,On or near Alder Lane,E01012520,Warrington 011C,Criminal damage and arson,Investigation complete; no suspect identified,
4ad9f6632548345216f05ae52a1e3dc08e9539ab3e743f69924e764276e8fc41,2014-05,Cheshire Constabulary,Cheshire Constabulary,-2.588522,53.408134,On or near Long Lane,E01012520,Warrington 011C,Drugs,Offender given a drugs possession warning,
236164daeb49a2fd26b0eaf5ff14438fc3775a55f3457ca2f6db12c286858e2c,2014-05,Cheshire Constabulary,Cheshire Constabulary,-2.594363,53.410649,On or near Armour Avenue,E01012520,Warrington 011C,Other theft,Under investigation,
45cb3b402d1a0157ae988063f287a4532429ff845cc26686e0b4dd1c20d185bb,2014-05,Cheshire Constabulary,Cheshire Constabulary,-2.592838,53.408095,On or near Further/Higher Educational Building,E01012520,Warrington 011C,Vehicle crime,Investigation complete; no suspect identified,
8faed1acb7131026c08a2aad5578585b35d6c3160985e43d4d4fd8cbae27981b,2014-05,Cheshire Constabulary,Cheshire Constabulary,-2.588522,53.408134,On or near Long Lane,E01012520,Warrington 011C,Vehicle crime,Investigation complete; no suspect identified,
09255f2ffb4a16ab79254ec3867089efaee27f078d8e767c86c5f9c7ed7c496e,2014-05,Cheshire Constabulary,Cheshire Constabulary,-2.594600,53.407169,On or near Winwick Road,E01012520,Warrington 011C,Vehicle crime,Investigation complete; no suspect identified,
ccda918343035ccacf8bd707dbf0c12b1679a8367aa1401a1fbe16f83d3a41e1,2014-05,Cheshire Constabulary,Cheshire Constabulary,-2.588522,53.408134,On or near Long Lane,E01012520,Warrington 011C,Vehicle crime,Investigation complete; no suspect identified,
ca0011b3570ee91ced306ab86c223a532edf9578a84126fc18b81eee694918ab,2014-05,Cheshire Constabulary,Cheshire Constabulary,-2.594600,53.407169,On or near Winwick Road,E01012520,Warrington 011C,Vehicle crime,Investigation complete; no suspect identified,
49e5b5c0e6785c62361428ea593fcff56b49c56e37fbe5a5830cfbadda12bcf1,2014-05,Cheshire Constabulary,Cheshire Constabulary,-2.588658,53.410381,On or near Fisher Avenue,E01012520,Warrington 011C,Violence and sexual offences,Unable to prosecute suspect,
c0b3cc3bd281b1c31d5187eadbfcd92c5ce5b89f51dc0bfd43ef917677210094,2014-05,Cheshire Constabulary,Cheshire Constabulary,-2.584085,53.407104,On or near Longfield Gardens,E01012520,Warrington 011C,Violence and sexual offences,Under investigation,
71ee8fbaca6f9da19734867f41dc127eaa24625aa3a81f72a9c8b82b3b0b809c,2014-05,Cheshire Constabulary,Cheshire Constabulary,-2.594600,53.407169,On or near Winwick Road,E01012520,Warrington 011C,Violence and sexual offences,Unable to prosecute suspect,
,2014-05,Cheshire Constabulary,Cheshire Constabulary,-2.583234,53.400969,On or near Richardson Street,E01012523,Warrington 011D,Anti-social behaviour,,
,2014-05,Cheshire Constabulary,Cheshire Constabulary,-2.583616,53.399241,On or near Roome Street,E01012523,Warrington 011D,Anti-social behaviour,,
,2014-05,Cheshire Constabulary,Cheshire Constabulary,-2.585006,53.401895,On or near East Avenue,E01012523,Warrington 011D,Anti-social behaviour,,
,2014-05,Cheshire Constabulary,Cheshire Constabulary,-2.585894,53.403059,On or near Alder Crescent,E01012523,Warrington 011D,Anti-social behaviour,,
,2014-05,Cheshire Constabulary,Cheshire Constabulary,-2.585894,53.403059,On or near Alder Crescent,E01012523,Warrington 011D,Anti-social behaviour,,
,2014-05,Cheshire Constabulary,Cheshire Constabulary,-2.583616,53.399241,On or near Roome Street,E01012523,Warrington 011D,Anti-social behaviour,,
,2014-05,Cheshire Constabulary,Cheshire Constabulary,-2.582202,53.401397,On or near Norris Street,E01012523,Warrington 011D,Anti-social behaviour,,
,2014-05,Cheshire Constabulary,Cheshire Constabulary,-2.583234,53.400969,On or near Richardson Street,E01012523,Warrington 011D,Anti-social behaviour,,
5dd4517bd9c74e49057370a7897280b08d5ea0f5e6dcfb6d03829661a6a3cb2c,2014-05,Cheshire Constabulary,Cheshire Constabulary,-2.580674,53.401853,On or near Hallfields Road,E01012523,Warrington 011D,Burglary,Investigation complete; no suspect identified,
fcce1fd4251537f07b9693cdb8c2c24c6a647a6f66089eabd3689c2d8d749c40,2014-05,Cheshire Constabulary,Cheshire Constabulary,-2.585006,53.401895,On or near East Avenue,E01012523,Warrington 011D,Criminal damage and arson,Under investigation,
1ba73db9ec81446241a11e7ed1b36e6dba5e264bcbf4866a1bfad1b8694b1bef,2014-05,Cheshire Constabulary,Cheshire Constabulary,-2.580674,53.401853,On or near Hallfields Road,E01012523,Warrington 011D,Criminal damage and arson,Under investigation,
1283d3a71e8b98dd9acb2df90524de1247db1e97f82b4fc6c807b3c6c38cd82c,2014-05,Cheshire Constabulary,Cheshire Constabulary,-2.580513,53.406609,On or near Hallfields Road,E01012523,Warrington 011D,Criminal damage and arson,Investigation complete; no suspect identified,
3b9c461f3ff4c519bb85e6f45f4cfc40291153d166bdb5a806f95fe4991881ca,2014-05,Cheshire Constabulary,Cheshire Constabulary,-2.587185,53.400680,On or near Fitzherbert Street,E01012523,Warrington 011D,Criminal damage and arson,Investigation complete; no suspect identified,
879023589b0cfffb9a83dab4ad2156741dda076ee844272afdf5285b64e9aff3,2014-05,Cheshire Constabulary,Cheshire Constabulary,-2.582855,53.399677,On or near Garner Street,E01012523,Warrington 011D,Vehicle crime,Investigation complete; no suspect identified,
14efb81bca1832bb03b79efa515aff239204b0c70d217d3fdc4434ab4430f2ae,2014-05,Cheshire Constabulary,Cheshire Constabulary,-2.584186,53.400254,On or near Orford Avenue,E01012523,Warrington 011D,Vehicle crime,Investigation complete; no suspect identified,
3eaac41b4f561f4cf6a7da89be660ded991f7f075032e5a5d23a5bf39a15de4f,2014-05,Cheshire Constabulary,Cheshire Constabulary,-2.580674,53.401853,On or near Hallfields Road,E01012523,Warrington 011D,Violence and sexual offences,Under investigation,
1995b3e8326bc542cd8422f773df792e5b011e2a30f3565020c2adf4e3767ff2,2014-05,Cheshire Constabulary,Cheshire Constabulary,-2.580674,53.401853,On or near Hallfields Road,E01012523,Warrington 011D,Violence and sexual offences,Under investigation,
40efb23f2c698652234432b41d5d3c6153477d499e78c03bdc5781742385efd3,2014-05,Cheshire Constabulary,Cheshire Constabulary,-2.585894,53.403059,On or near Alder Crescent,E01012523,Warrington 011D,Violence and sexual offences,Under investigation,
ac0e54aee5a2f5733b132f6b480424cfc26d61dd709f8d91217f4a5b46fb7d53,2014-05,Cheshire Constabulary,Cheshire Constabulary,-2.580674,53.401853,On or near Hallfields Road,E01012523,Warrington 011D,Violence and sexual offences,Under investigation,
96bbef92ccebca60fd27f975c036141c35d2755cbcc3ccaa8ceef63427d3898f,2014-05,Cheshire Constabulary,Cheshire Constabulary,-2.585894,53.403059,On or near Alder Crescent,E01012523,Warrington 011D,Violence and sexual offences,Unable to prosecute suspect,
,2014-05,Cheshire Constabulary,Cheshire Constabulary,-2.579724,53.406092,On or near St Margaret'S Avenue,E01012524,Warrington 011E,Anti-social behaviour,,
,2014-05,Cheshire Constabulary,Cheshire Constabulary,-2.574552,53.407447,On or near Osborne Avenue,E01012524,Warrington 011E,Anti-social behaviour,,
,2014-05,Cheshire Constabulary,Cheshire Constabulary,-2.575487,53.406490,On or near Petrol Station,E01012524,Warrington 011E,Anti-social behaviour,,
,2014-05,Cheshire Constabulary,Cheshire Constabulary,-2.574552,53.407447,On or near Osborne Avenue,E01012524,Warrington 011E,Anti-social behaviour,,
408e5e5d90deb4cae63d8054fb051941ae3879e7b5475df6120ade7a6a3bc290,2014-05,Cheshire Constabulary,Cheshire Constabulary,-2.578151,53.406585,On or near Orford Green,E01012524,Warrington 011E,Burglary,Under investigation,
724c1f2f5b20ac8ea8b589960ad4245e42f48f383c39ca05356711f0d4e7b049,2014-05,Cheshire Constabulary,Cheshire Constabulary,-2.577293,53.405393,On or near Hallows Avenue,E01012524,Warrington 011E,Criminal damage and arson,Investigation complete; no suspect identified,
59764083c436a80066de4e459425ae7c11442c87136469795c4b44c98d9c7d61,2014-05,Cheshire Constabulary,Cheshire Constabulary,-2.575487,53.406490,On or near Petrol Station,E01012524,Warrington 011E,Criminal damage and arson,Investigation complete; no suspect identified,
9c7c284637d92d75b241d258f04fe41ca4838d099597a4961f4cbea4eb9024c0,2014-05,Cheshire Constabulary,Cheshire Constabulary,-2.576912,53.403984,On or near Smith Drive,E01012524,Warrington 011E,Vehicle crime,Under investigation,
47c95f0a23596edaf6ce1a9049e5058dbf071dc62c4fd9a200adee589db1f93d,2014-05,Cheshire Constabulary,Cheshire Constabulary,-2.578680,53.407912,On or near Burton Road,E01012524,Warrington 011E,Violence and sexual offences,Under investigation,
7d3ec62c69757c399159894558c5abe2e1fb092a6cec866b11a446897d31e9d5,2014-05,Cheshire Constabulary,Cheshire Constabulary,-2.575959,53.404645,On or near Smith Crescent,E01012524,Warrington 011E,Violence and sexual offences,Investigation complete; no suspect identified,
,2014-05,Cheshire Constabulary,Cheshire Constabulary,-2.592552,53.403746,On or near Grace Avenue,E01012525,Warrington 011F,Anti-social behaviour,,
,2014-05,Cheshire Constabulary,Cheshire Constabulary,-2.591203,53.401892,On or near South Avenue,E01012525,Warrington 011F,Anti-social behaviour,,
,2014-05,Cheshire Constabulary,Cheshire Constabulary,-2.591203,53.401892,On or near South Avenue,E01012525,Warrington 011F,Anti-social behaviour,,
,2014-05,Cheshire Constabulary,Cheshire Constabulary,-2.590753,53.399853,On or near Cross Street,E01012525,Warrington 011F,Anti-social behaviour,,
,2014-05,Cheshire Constabulary,Cheshire Constabulary,-2.593879,53.402912,On or near Corbet Street,E01012525,Warrington 011F,Anti-social behaviour,,
,2014-05,Cheshire Constabulary,Cheshire Constabulary,-2.589986,53.399839,On or near Earl Street,E01012525,Warrington 011F,Anti-social behaviour,,
9c16ab6602749976acef942434b0b03f49e79f9272fd6138d5154e602eecf1b7,2014-05,Cheshire Constabulary,Cheshire Constabulary,-2.590753,53.399853,On or near Cross Street,E01012525,Warrington 011F,Burglary,Under investigation,
32b8c5362b117cd19af315c5afe58250085ad54c6973725fcfc5d9118d914702,2014-05,Cheshire Constabulary,Cheshire Constabulary,-2.592047,53.403137,On or near North Avenue,E01012525,Warrington 011F,Criminal damage and arson,Awaiting court outcome,
1372f3a61c6bc57c124a1023c6e180113624ed1282bd8fb7645e7885c7789f61,2014-05,Cheshire Constabulary,Cheshire Constabulary,-2.589011,53.403251,On or near Lathom Avenue,E01012525,Warrington 011F,Drugs,Under investigation,
7e7594aecba5547a299a01c554b5394eb1d68e9a5b365db27a3eb789954bbaad,2014-05,Cheshire Constabulary,Cheshire Constabulary,-2.591203,53.401892,On or near South Avenue,E01012525,Warrington 011F,Vehicle crime,Under investigation,
93b4524872b2f8acc11039446eac4865a3f4683c3fcbc381499128218fc9c40a,2014-05,Cheshire Constabulary,Cheshire Constabulary,-2.592852,53.402567,On or near Corbet Avenue,E01012525,Warrington 011F,Violence and sexual offences,Unable to prosecute suspect,
,2014-05,Cheshire Constabulary,Cheshire Constabulary,-2.566456,53.396969,On or near Manchester Road,E01012478,Warrington 012A,Anti-social behaviour,,
,2014-05,Cheshire Constabulary,Cheshire Constabulary,-2.564699,53.399449,On or near Derby Drive,E01012478,Warrington 012A,Anti-social behaviour,,
,2014-05,Cheshire Constabulary,Cheshire Constabulary,-2.563690,53.395948,On or near Bennett Avenue,E01012478,Warrington 012A,Anti-social behaviour,,
,2014-05,Cheshire Constabulary,Cheshire Constabulary,-2.566456,53.396969,On or near Manchester Road,E01012478,Warrington 012A,Anti-social behaviour,,
512da92bb8a8eb38c9f473c1437a793ed70651d090e053543d033da445fa0745,2014-05,Cheshire Constabulary,Cheshire Constabulary,-2.574955,53.390465,On or near Holmsfield Road,E01012478,Warrington 012A,Burglary,Investigation complete; no suspect identified,
17a06bd56997248a1ee01fdb479cd441e93cbed7924538f23154b05dd1c41d00,2014-05,Cheshire Constabulary,Cheshire Constabulary,-2.566456,53.396969,On or near Manchester Road,E01012478,Warrington 012A,Other theft,Investigation complete; no suspect identified,
3102f6be6ff9c9d5d33c586e46da2a13c60538b0e7090d7d99bcebd96cedd418,2014-05,Cheshire Constabulary,Cheshire Constabulary,-2.566456,53.396969,On or near Manchester Road,E01012478,Warrington 012A,Public order,Unable to prosecute suspect,
e25c9c36705192a55e9c5acd40830f413701a70c77d64612f8b5fe37a2408a72,2014-05,Cheshire Constabulary,Cheshire Constabulary,-2.566456,53.396969,On or near Manchester Road,E01012478,Warrington 012A,Robbery,Under investigation,
e65ca31a8c67506ccf59ec7cae9ebe0bad32b359cfeae7d7d08b865ee71d0d7e,2014-05,Cheshire Constabulary,Cheshire Constabulary,-2.566456,53.396969,On or near Manchester Road,E01012478,Warrington 012A,Shoplifting,Under investigation,
fc7c1c71530118d3b778254e8d7d4b685c57a4674811450c989d71368b13ce07,2014-05,Cheshire Constabulary,Cheshire Constabulary,-2.574955,53.390465,On or near Holmsfield Road,E01012478,Warrington 012A,Vehicle crime,Investigation complete; no suspect identified,
d7e4f940b56e02cea7eb53e1ee214303226e5847fe9a81502ce8220372d38369,2014-05,Cheshire Constabulary,Cheshire Constabulary,-2.563883,53.392343,On or near Kingsway North,E01012478,Warrington 012A,Vehicle crime,Under investigation,
4f0677c992a866d8058ef08d1edda08979ef2b78076aae4f5603e3a651b6dad4,2014-05,Cheshire Constabulary,Cheshire Constabulary,-2.568609,53.397156,On or near Clarence Street,E01012478,Warrington 012A,Violence and sexual offences,Awaiting court outcome,
9906e904d1a90ca3a0cb0a5dc17064df9e0221347103dec76cb034b665986280,2014-05,Cheshire Constabulary,Cheshire Constabulary,-2.566832,53.398127,On or near Queens Avenue,E01012478,Warrington 012A,Violence and sexual offences,Investigation complete; no suspect identified,
,2014-05,Cheshire Constabulary,Cheshire Constabulary,-2.563726,53.403193,On or near Padgate Lane,E01012547,Warrington 012B,Anti-social behaviour,,
,2014-05,Cheshire Constabulary,Cheshire Constabulary,-2.567039,53.401218,On or near Mason Avenue,E01012547,Warrington 012B,Anti-social behaviour,,
f300c1e6655b6be50be8cf63d123acc95980da9dffa8fa01d3c136361cdc3316,2014-05,Cheshire Constabulary,Cheshire Constabulary,-2.562115,53.403057,On or near Lawn Avenue,E01012547,Warrington 012B,Criminal damage and arson,Unable to prosecute suspect,
0f1b4bfa1a434f6104c6e893448ecf5b1f1ecc89f8b0797b9751eb5df67d7380,2014-05,Cheshire Constabulary,Cheshire Constabulary,-2.562115,53.403057,On or near Lawn Avenue,E01012547,Warrington 012B,Violence and sexual offences,Formal action is not in the public interest,
,2014-05,Cheshire Constabulary,Cheshire Constabulary,-2.552901,53.408205,On or near Parking Area,E01012548,Warrington 012C,Anti-social behaviour,,
,2014-05,Cheshire Constabulary,Cheshire Constabulary,-2.550716,53.407937,On or near Duckworth Grove,E01012548,Warrington 012C,Anti-social behaviour,,
,2014-05,Cheshire Constabulary,Cheshire Constabulary,-2.549436,53.405435,On or near Ludlow Close,E01012548,Warrington 012C,Anti-social behaviour,,
2e1653cb76ae9c0c23b54152dcd26e417bac32059fd220a176d56e8761e94aed,2014-05,Cheshire Constabulary,Cheshire Constabulary,-2.549436,53.405435,On or near Ludlow Close,E01012548,Warrington 012C,Criminal damage and arson,Investigation complete; no suspect identified,
9ddfab298cc2d9477c5c8ef977f6dc59291240429db82fd1869a8c165d6d84d9,2014-05,Cheshire Constabulary,Cheshire Constabulary,-2.547356,53.406280,On or near Pipe Lane,E01012548,Warrington 012C,Vehicle crime,Investigation complete; no suspect identified,
,2014-05,Cheshire Constabulary,Cheshire Constabulary,-2.551167,53.402038,On or near Queens Crescent,E01012549,Warrington 012D,Anti-social behaviour,,
d83a84b3578d7be967a024b455618bc9cfd28922a079f013d7d91515df58487b,2014-05,Cheshire Constabulary,Cheshire Constabulary,-2.555627,53.401568,On or near Lambs Lane,E01012549,Warrington 012D,Burglary,Investigation complete; no suspect identified,
6f4a84e5c93da01dc4e71517d38794a14ea907989c3dcf2269ef8e79162ff1bb,2014-05,Cheshire Constabulary,Cheshire Constabulary,-2.557620,53.404417,On or near Firtree Avenue,E01012549,Warrington 012D,Public order,Offender given penalty notice,
,2014-05,Cheshire Constabulary,Cheshire Constabulary,-2.561121,53.398459,On or near Fir Grove,E01012550,Warrington 012E,Anti-social behaviour,,
,2014-05,Cheshire Constabulary,Cheshire Constabulary,-2.561121,53.398459,On or near Fir Grove,E01012550,Warrington 012E,Anti-social behaviour,,
,2014-05,Cheshire Constabulary,Cheshire Constabulary,-2.559170,53.397615,On or near Manchester Road,E01012550,Warrington 012E,Anti-social behaviour,,
,2014-05,Cheshire Constabulary,Cheshire Constabulary,-2.559170,53.397615,On or near Manchester Road,E01012550,Warrington 012E,Anti-social behaviour,,
,2014-05,Cheshire Constabulary,Cheshire Constabulary,-2.555356,53.400338,On or near Cedar Grove,E01012550,Warrington 012E,Anti-social behaviour,,
e8114e511e03e9c0b8eafa40cbf037f14d415ec514146aa3c0f34dde0ebab0b2,2014-05,Cheshire Constabulary,Cheshire Constabulary,-2.560987,53.396231,On or near Terence Avenue,E01012550,Warrington 012E,Bicycle theft,Under investigation,
de1c5d27c864aa228e7d6828afdd7dc72230b153f7b5042469e4a0e9f27faba7,2014-05,Cheshire Constabulary,Cheshire Constabulary,-2.551218,53.397867,On or near Manchester Road,E01012550,Warrington 012E,Burglary,Investigation complete; no suspect identified,
c69e7d7604dbfa080a5648fb611e78fbd1f44374c75c08dcbb9d0cf5688352b9,2014-05,Cheshire Constabulary,Cheshire Constabulary,-2.560987,53.396231,On or near Terence Avenue,E01012550,Warrington 012E,Other theft,Investigation complete; no suspect identified,
,2014-05,Cheshire Constabulary,Cheshire Constabulary,-2.604368,53.407542,On or near Tavlin Avenue,E01012453,Warrington 013A,Anti-social behaviour,,
,2014-05,Cheshire Constabulary,Cheshire Constabulary,-2.607640,53.408038,On or near Gale Avenue,E01012453,Warrington 013A,Anti-social behaviour,,
,2014-05,Cheshire Constabulary,Cheshire Constabulary,-2.604368,53.407542,On or near Tavlin Avenue,E01012453,Warrington 013A,Anti-social behaviour,,
,2014-05,Cheshire Constabulary,Cheshire Constabulary,-2.607640,53.408038,On or near Gale Avenue,E01012453,Warrington 013A,Anti-social behaviour,,
,2014-05,Cheshire Constabulary,Cheshire Constabulary,-2.608111,53.408404,On or near Hodgkinson Avenue,E01012453,Warrington 013A,Anti-social behaviour,,
,2014-05,Cheshire Constabulary,Cheshire Constabulary,-2.604368,53.407542,On or near Tavlin Avenue,E01012453,Warrington 013A,Anti-social behaviour,,
,2014-05,Cheshire Constabulary,Cheshire Constabulary,-2.597064,53.409071,On or near Shopping Area,E01012453,Warrington 013A,Anti-social behaviour,,
,2014-05,Cheshire Constabulary,Cheshire Constabulary,-2.607635,53.410870,On or near Lewis Avenue,E01012453,Warrington 013A,Anti-social behaviour,,
341e7b890ae23053c7052c764d11042e733ad932d0eddb5db450a4bed182a565,2014-05,Cheshire Constabulary,Cheshire Constabulary,-2.597064,53.409071,On or near Shopping Area,E01012453,Warrington 013A,Burglary,Investigation complete; no suspect identified,
5a404e61ede5265cbb74c7aa9c33fbadddfea6c66c032cbd79d48155fac95d21,2014-05,Cheshire Constabulary,Cheshire Constabulary,-2.597064,53.409071,On or near Shopping Area,E01012453,Warrington 013A,Burglary,Investigation complete; no suspect identified,
97a66c16d0ec47c9efe0ce8ff9957c6281ed2cb3a60c5ae7c6c91e20f9442a75,2014-05,Cheshire Constabulary,Cheshire Constabulary,-2.604621,53.409447,On or near Bardsley Avenue,E01012453,Warrington 013A,Other theft,Investigation complete; no suspect identified,
955ebb398dce396b1b8c84262390710554051c99711075181c8d4156e4f7030e,2014-05,Cheshire Constabulary,Cheshire Constabulary,-2.597064,53.409071,On or near Shopping Area,E01012453,Warrington 013A,Other theft,Investigation complete; no suspect identified,
c72211cec077cdbf6b5841081bd6667918e5dd45ce5075279d3188104308d2b9,2014-05,Cheshire Constabulary,Cheshire Constabulary,-2.606768,53.409166,On or near Boulting Avenue,E01012453,Warrington 013A,Public order,Formal action is not in the public interest,
d6521d66ed6fe26a29bab99dea4eb2a7be33ad3de1ca19f3e11fe080e6c29bcb,2014-05,Cheshire Constabulary,Cheshire Constabulary,-2.597064,53.409071,On or near Shopping Area,E01012453,Warrington 013A,Shoplifting,Investigation complete; no suspect identified,
2e236d64be9a922f7373c1745cc9208fe6f780e0f00302c6d84305ff578f4017,2014-05,Cheshire Constabulary,Cheshire Constabulary,-2.597064,53.409071,On or near Shopping Area,E01012453,Warrington 013A,Shoplifting,Under investigation,
07811a2bd1264a938d3b45d2c7ee64f05ab5aed86ad3b879d66b26af2d874b45,2014-05,Cheshire Constabulary,Cheshire Constabulary,-2.606768,53.409166,On or near Boulting Avenue,E01012453,Warrington 013A,Shoplifting,Under investigation,
5fa44f66c1ff1e1b61acb4eb54df9a8ad023b6bc271c66b923e681d101dbaf07,2014-05,Cheshire Constabulary,Cheshire Constabulary,-2.606768,53.409166,On or near Boulting Avenue,E01012453,Warrington 013A,Violence and sexual offences,Unable to prosecute suspect,
,2014-05,Cheshire Constabulary,Cheshire Constabulary,-2.602294,53.401261,On or near Hawthorne Street,E01012454,Warrington 013B,Anti-social behaviour,,
,2014-05,Cheshire Constabulary,Cheshire Constabulary,-2.607794,53.398815,On or near Boteler Avenue,E01012454,Warrington 013B,Anti-social behaviour,,
,2014-05,Cheshire Constabulary,Cheshire Constabulary,-2.594388,53.399503,On or near Longford Street,E01012454,Warrington 013B,Anti-social behaviour,,
,2014-05,Cheshire Constabulary,Cheshire Constabulary,-2.609863,53.399389,On or near Lodge Lane,E01012454,Warrington 013B,Anti-social behaviour,,
,2014-05,Cheshire Constabulary,Cheshire Constabulary,-2.594388,53.399503,On or near Longford Street,E01012454,Warrington 013B,Anti-social behaviour,,
,2014-05,Cheshire Constabulary,Cheshire Constabulary,-2.602294,53.401261,On or near Hawthorne Street,E01012454,Warrington 013B,Anti-social behaviour,,
,2014-05,Cheshire Constabulary,Cheshire Constabulary,-2.605409,53.399295,On or near Dalton Avenue,E01012454,Warrington 013B,Anti-social behaviour,,
,2014-05,Cheshire Constabulary,Cheshire Constabulary,-2.603952,53.400426,On or near Saville Avenue,E01012454,Warrington 013B,Anti-social behaviour,,
,2014-05,Cheshire Constabulary,Cheshire Constabulary,-2.610437,53.397480,On or near Farmside Close,E01012454,Warrington 013B,Anti-social behaviour,,
,2014-05,Cheshire Constabulary,Cheshire Constabulary,-2.604535,53.398104,On or near Ellen Street,E01012454,Warrington 013B,Anti-social behaviour,,
,2014-05,Cheshire Constabulary,Cheshire Constabulary,-2.602602,53.399668,On or near Wilson Street,E01012454,Warrington 013B,Anti-social behaviour,,
,2014-05,Cheshire Constabulary,Cheshire Constabulary,-2.605162,53.396671,On or near Pierpoint Street,E01012454,Warrington 013B,Anti-social behaviour,,
,2014-05,Cheshire Constabulary,Cheshire Constabulary,-2.602602,53.399668,On or near Wilson Street,E01012454,Warrington 013B,Anti-social behaviour,,
,2014-05,Cheshire Constabulary,Cheshire Constabulary,-2.602294,53.401261,On or near Hawthorne Street,E01012454,Warrington 013B,Anti-social behaviour,,
,2014-05,Cheshire Constabulary,Cheshire Constabulary,-2.605683,53.399500,On or near Gerrard Avenue,E01012454,Warrington 013B,Anti-social behaviour,,
,2014-05,Cheshire Constabulary,Cheshire Constabulary,-2.605162,53.396671,On or near Pierpoint Street,E01012454,Warrington 013B,Anti-social behaviour,,
,2014-05,Cheshire Constabulary,Cheshire Constabulary,-2.594388,53.399503,On or near Longford Street,E01012454,Warrington 013B,Anti-social behaviour,,
,2014-05,Cheshire Constabulary,Cheshire Constabulary,-2.605162,53.396671,On or near Pierpoint Street,E01012454,Warrington 013B,Anti-social behaviour,,
,2014-05,Cheshire Constabulary,Cheshire Constabulary,-2.608629,53.399377,On or near Warwick Avenue,E01012454,Warrington 013B,Anti-social behaviour,,
5eba8934934067fae5b630aeb90d1973e55d3c26cc82805483843528228de872,2014-05,Cheshire Constabulary,Cheshire Constabulary,-2.602294,53.401261,On or near Hawthorne Street,E01012454,Warrington 013B,Burglary,Under investigation,
31b15c095c02b9e30d194909ec851631a4e20b698ecf2f3cf705db00a598848e,2014-05,Cheshire Constabulary,Cheshire Constabulary,-2.608017,53.396531,On or near Regency Square,E01012454,Warrington 013B,Drugs,Awaiting court outcome,
be76ca5caad2ec2a18bb7305a50f53adf6d7d62be400d4c3b9c527b793ffb97e,2014-05,Cheshire Constabulary,Cheshire Constabulary,-2.602602,53.399668,On or near Wilson Street,E01012454,Warrington 013B,Drugs,Offender given community sentence,
343df692abc87dc5d0d4d6120821b5d0b1d437a0541eaada1581f05ac90bb67c,2014-05,Cheshire Constabulary,Cheshire Constabulary,-2.603531,53.396221,On or near Pitt Street,E01012454,Warrington 013B,Other theft,Formal action is not in the public interest,
19f1083f94601bb9e338172183f89558b572c83f90455f65d0a6fb9f60751ac7,2014-05,Cheshire Constabulary,Cheshire Constabulary,-2.594388,53.399503,On or near Longford Street,E01012454,Warrington 013B,Shoplifting,Under investigation,
5e8c4f57f728408fb431196a3c9da6078583964689e5e6152a4a0a6301cdec72,2014-05,Cheshire Constabulary,Cheshire Constabulary,-2.603416,53.399772,On or near Folly Lane,E01012454,Warrington 013B,Violence and sexual offences,Under investigation,
1a28bff8217329c8192b95731b8e2a89559685f95185eab6609a196f7a66fc25,2014-05,Cheshire Constabulary,Cheshire Constabulary,-2.602602,53.399668,On or near Wilson Street,E01012454,Warrington 013B,Violence and sexual offences,Under investigation,
890d45b77161acb55690534c8d36db6b6ccb165bad1a5deba2e1bf60216e89af,2014-05,Cheshire Constabulary,Cheshire Constabulary,-2.615279,53.397455,On or near Normanby Close,E01012454,Warrington 013B,Violence and sexual offences,Local resolution,
a880a9dfcfd46fb27285f21dc2ba41868e2544d47be5d9293fac18d905a86089,2014-05,Cheshire Constabulary,Cheshire Constabulary,-2.603416,53.399772,On or near Folly Lane,E01012454,Warrington 013B,Violence and sexual offences,Unable to prosecute suspect,
9f5cceb68ac11b7074a5289a3b9f1d0a5bf0a6eda11af6f89ffaf51db3709ef2,2014-05,Cheshire Constabulary,Cheshire Constabulary,-2.603531,53.396221,On or near Pitt Street,E01012454,Warrington 013B,Violence and sexual offences,Unable to prosecute suspect,
,2014-05,Cheshire Constabulary,Cheshire Constabulary,-2.606561,53.404143,On or near Reid Avenue,E01012455,Warrington 013C,Anti-social behaviour,,
,2014-05,Cheshire Constabulary,Cheshire Constabulary,-2.609211,53.401172,On or near Penketh Avenue,E01012455,Warrington 013C,Anti-social behaviour,,
,2014-05,Cheshire Constabulary,Cheshire Constabulary,-2.594439,53.404195,On or near Alder Lane,E01012455,Warrington 013C,Anti-social behaviour,,
,2014-05,Cheshire Constabulary,Cheshire Constabulary,-2.605550,53.403869,On or near Molyneux Avenue,E01012455,Warrington 013C,Anti-social behaviour,,
,2014-05,Cheshire Constabulary,Cheshire Constabulary,-2.606080,53.399947,On or near Haryngton Avenue,E01012455,Warrington 013C,Anti-social behaviour,,
,2014-05,Cheshire Constabulary,Cheshire Constabulary,-2.605550,53.403869,On or near Molyneux Avenue,E01012455,Warrington 013C,Anti-social behaviour,,
,2014-05,Cheshire Constabulary,Cheshire Constabulary,-2.602506,53.402419,On or near Calgarth Avenue,E01012455,Warrington 013C,Anti-social behaviour,,
,2014-05,Cheshire Constabulary,Cheshire Constabulary,-2.602834,53.403299,On or near Crosby Avenue,E01012455,Warrington 013C,Anti-social behaviour,,
,2014-05,Cheshire Constabulary,Cheshire Constabulary,-2.602506,53.402419,On or near Calgarth Avenue,E01012455,Warrington 013C,Anti-social behaviour,,
,2014-05,Cheshire Constabulary,Cheshire Constabulary,-2.604809,53.402578,On or near Lostock Avenue,E01012455,Warrington 013C,Anti-social behaviour,,
,2014-05,Cheshire Constabulary,Cheshire Constabulary,-2.606561,53.404143,On or near Reid Avenue,E01012455,Warrington 013C,Anti-social behaviour,,
,2014-05,Cheshire Constabulary,Cheshire Constabulary,-2.606764,53.401454,On or near Troutbeck Avenue,E01012455,Warrington 013C,Anti-social behaviour,,
,2014-05,Cheshire Constabulary,Cheshire Constabulary,-2.594427,53.405534,On or near Winwick Road,E01012455,Warrington 013C,Anti-social behaviour,,
,2014-05,Cheshire Constabulary,Cheshire Constabulary,-2.607866,53.401727,On or near Holford Avenue,E01012455,Warrington 013C,Anti-social behaviour,,
9af10e01df1c99dc9a47b884c48e31ad79c28d6ae74d7075535a61d1e5934bcb,2014-05,Cheshire Constabulary,Cheshire Constabulary,-2.606561,53.404143,On or near Reid Avenue,E01012455,Warrington 013C,Bicycle theft,Investigation complete; no suspect identified,
8255da81ee2fed29b2934883511ea680299bd5812fdef69e12a32f015d7587af,2014-05,Cheshire Constabulary,Cheshire Constabulary,-2.594427,53.405534,On or near Winwick Road,E01012455,Warrington 013C,Bicycle theft,Under investigation,
c378e08744d25ea3cd95c059bf985565e553e8b7c1c035b1fb7a9ab009b9e7c4,2014-05,Cheshire Constabulary,Cheshire Constabulary,-2.597026,53.406393,On or near Athlone Road,E01012455,Warrington 013C,Burglary,Under investigation,
130b164462d8a2f79e5b72ac2c2ee2cccd7fb2981e67edd2b998d11324ac1b45,2014-05,Cheshire Constabulary,Cheshire Constabulary,-2.608291,53.399927,On or near Delves Avenue,E01012455,Warrington 013C,Criminal damage and arson,Under investigation,
340508678796df495d87e77d6b88d2858757d1f04dcea53213949b626acabeb4,2014-05,Cheshire Constabulary,Cheshire Constabulary,-2.602834,53.403299,On or near Crosby Avenue,E01012455,Warrington 013C,Criminal damage and arson,Investigation complete; no suspect identified,
ee605a8e61cd12aa7dc9f8b582b6d0c75e1503bda03a57835bd1604979fac9d0,2014-05,Cheshire Constabulary,Cheshire Constabulary,-2.594427,53.405534,On or near Winwick Road,E01012455,Warrington 013C,Shoplifting,Awaiting court outcome,
a671c43a6d999cad9418aa57f750a84c081469a12a82eaffc3415df10aaab8f2,2014-05,Cheshire Constabulary,Cheshire Constabulary,-2.597026,53.406393,On or near Athlone Road,E01012455,Warrington 013C,Vehicle crime,Under investigation,
a8bd928b681a9682bd44a8d472aac4d01bb3631a2d9de0403d79543e3d0b4810,2014-05,Cheshire Constabulary,Cheshire Constabulary,-2.594427,53.405534,On or near Winwick Road,E01012455,Warrington 013C,Vehicle crime,Under investigation,
414a4183bf3aade5a6a180e4d46731126d5f11cdd27d08e1a1af9badbc28e2bb,2014-05,Cheshire Constabulary,Cheshire Constabulary,-2.599926,53.407196,On or near Eagle Park Drive,E01012455,Warrington 013C,Vehicle crime,Investigation complete; no suspect identified,
70553b669b10b132dac0c08f2dc986562e9e0b7403b9be99d7ba1ab3a392b942,2014-05,Cheshire Constabulary,Cheshire Constabulary,-2.605649,53.402403,On or near Yardley Avenue,E01012455,Warrington 013C,Violence and sexual offences,Formal action is not in the public interest,
b3f1417e0979423b4dffd8df72ddab07577cb7999103f9d946edf3edef438ed1,2014-05,Cheshire Constabulary,Cheshire Constabulary,-2.609883,53.400845,On or near Rixton Avenue,E01012455,Warrington 013C,Violence and sexual offences,Under investigation,
2c4c50aa2643c833570df28c720fa2143008667d02073d69ee6998470e38cf34,2014-05,Cheshire Constabulary,Cheshire Constabulary,-2.604809,53.402578,On or near Lostock Avenue,E01012455,Warrington 013C,Violence and sexual offences,Under investigation,
,2014-05,Cheshire Constabulary,Cheshire Constabulary,-2.610733,53.393982,On or near Hospital,E01012457,Warrington 013D,Anti-social behaviour,,
,2014-05,Cheshire Constabulary,Cheshire Constabulary,-2.610733,53.393982,On or near Hospital,E01012457,Warrington 013D,Anti-social behaviour,,
,2014-05,Cheshire Constabulary,Cheshire Constabulary,-2.614755,53.390303,On or near Fox Street,E01012457,Warrington 013D,Anti-social behaviour,,
,2014-05,Cheshire Constabulary,Cheshire Constabulary,-2.614755,53.390303,On or near Fox Street,E01012457,Warrington 013D,Anti-social behaviour,,
,2014-05,Cheshire Constabulary,Cheshire Constabulary,-2.610733,53.393982,On or near Hospital,E01012457,Warrington 013D,Anti-social behaviour,,
,2014-05,Cheshire Constabulary,Cheshire Constabulary,-2.611780,53.392592,On or near St Barnabas Place,E01012457,Warrington 013D,Anti-social behaviour,,
,2014-05,Cheshire Constabulary,Cheshire Constabulary,-2.614755,53.390303,On or near Fox Street,E01012457,Warrington 013D,Anti-social behaviour,,
,2014-05,Cheshire Constabulary,Cheshire Constabulary,-2.610733,53.393982,On or near Hospital,E01012457,Warrington 013D,Anti-social behaviour,,
,2014-05,Cheshire Constabulary,Cheshire Constabulary,-2.611780,53.392592,On or near St Barnabas Place,E01012457,Warrington 013D,Anti-social behaviour,,
,2014-05,Cheshire Constabulary,Cheshire Constabulary,-2.613403,53.390436,On or near Percy Street,E01012457,Warrington 013D,Anti-social behaviour,,
,2014-05,Cheshire Constabulary,Cheshire Constabulary,-2.610733,53.393982,On or near Hospital,E01012457,Warrington 013D,Anti-social behaviour,,
,2014-05,Cheshire Constabulary,Cheshire Constabulary,-2.610733,53.393982,On or near Hospital,E01012457,Warrington 013D,Anti-social behaviour,,
9a99744677f72a0dcd78fae715684e9594220ec051b84304a206ef5cc9366b6e,2014-05,Cheshire Constabulary,Cheshire Constabulary,-2.613368,53.395290,On or near Grafton Street,E01012457,Warrington 013D,Bicycle theft,Investigation complete; no suspect identified,
84eb2ea14a6218512b7c5a47fc0d891938b5e83ad7c4ce03898e4e94b1856473,2014-05,Cheshire Constabulary,Cheshire Constabulary,-2.613452,53.393824,On or near Windsor Street,E01012457,Warrington 013D,Burglary,Investigation complete; no suspect identified,
ff639a2b006a3f4f0383854fe7680cf4784f62b6773c000a171947518f605ebd,2014-05,Cheshire Constabulary,Cheshire Constabulary,-2.613370,53.393339,On or near Lexden Street,E01012457,Warrington 013D,Criminal damage and arson,Investigation complete; no suspect identified,
45c6808cd1dcbd2b960a59afaafad371b2385c5c05e43a646dfa5c94b301f134,2014-05,Cheshire Constabulary,Cheshire Constabulary,-2.613216,53.396235,On or near Ripley Street,E01012457,Warrington 013D,Criminal damage and arson,Investigation complete; no suspect identified,
6ac70e284f980be8393c937ccfa3efd4a5eb8ead367989e576746508b48ae1ec,2014-05,Cheshire Constabulary,Cheshire Constabulary,-2.611592,53.392063,On or near Bostock Street,E01012457,Warrington 013D,Criminal damage and arson,Investigation complete; no suspect identified,
8b6fdcdc80d64c826ff91541c962690e97160d6a9f5f0e9afdb22a03cce9b95a,2014-05,Cheshire Constabulary,Cheshire Constabulary,-2.610842,53.392193,On or near Cartwright Street,E01012457,Warrington 013D,Criminal damage and arson,Investigation complete; no suspect identified,
1ccb9b8ecc1828e784656b442f8eef980f37fbc0f1b00562ce25231bc3e1effc,2014-05,Cheshire Constabulary,Cheshire Constabulary,-2.610733,53.393982,On or near Hospital,E01012457,Warrington 013D,Other theft,Investigation complete; no suspect identified,
a5a400b99e5c1503410d2bbed5bfb7c35cfeaae8e8719941854329bd282f3efa,2014-05,Cheshire Constabulary,Cheshire Constabulary,-2.610733,53.393982,On or near Hospital,E01012457,Warrington 013D,Other theft,Investigation complete; no suspect identified,
d558a301374498c67960669368d04a71aba204f2b966326996fa9381916c73cc,2014-05,Cheshire Constabulary,Cheshire Constabulary,-2.610733,53.393982,On or near Hospital,E01012457,Warrington 013D,Public order,Awaiting court outcome,
ccd95f5f3c8ebc7767a093a012fadb28d4462abe92d09502563f91890ae25fe6,2014-05,Cheshire Constabulary,Cheshire Constabulary,-2.612588,53.390224,On or near Whitecross Road,E01012457,Warrington 013D,Shoplifting,Awaiting court outcome,
400a8c1c76de7cf78053f7df78b422a4065e783fd0573539601ef7cd5f30cbe3,2014-05,Cheshire Constabulary,Cheshire Constabulary,-2.612588,53.390224,On or near Whitecross Road,E01012457,Warrington 013D,Vehicle crime,Under investigation,
eab7b8efff3769cb6415b41a10dada99b1651cd7204ecf9bcb72de5b790e81dd,2014-05,Cheshire Constabulary,Cheshire Constabulary,-2.613482,53.389599,On or near Selby Street,E01012457,Warrington 013D,Violence and sexual offences,Formal action is not in the public interest,
a3588fbd8dd9103ca53973376b4c5fedc619aa03c2914508cecd4329adc8f70a,2014-05,Cheshire Constabulary,Cheshire Constabulary,-2.613452,53.393824,On or near Windsor Street,E01012457,Warrington 013D,Violence and sexual offences,Unable to prosecute suspect,
458423efdfb730873d9cfda7841608a4b32c8e31876b122a6469ee24ba899c91,2014-05,Cheshire Constabulary,Cheshire Constabulary,-2.610733,53.393982,On or near Hospital,E01012457,Warrington 013D,Violence and sexual offences,Awaiting court outcome,
7abb01213d99a4a72f9a3eb469c5e178e1d503980bf83ef6aba1231647908a83,2014-05,Cheshire Constabulary,Cheshire Constabulary,-2.610733,53.393982,On or near Hospital,E01012457,Warrington 013D,Violence and sexual offences,Awaiting court outcome,
,2014-05,Cheshire Constabulary,Cheshire Constabulary,-2.510250,53.397762,On or near A57,E01012551,Warrington 014A,Anti-social behaviour,,
,2014-05,Cheshire Constabulary,Cheshire Constabulary,-2.534134,53.407545,On or near Kingsland Grange,E01012551,Warrington 014A,Anti-social behaviour,,
4168f698ab0cd366feb50950380b00a7ede1bf5ec8c4ac709384fd0df022f5be,2014-05,Cheshire Constabulary,Cheshire Constabulary,-2.534134,53.407545,On or near Kingsland Grange,E01012551,Warrington 014A,Burglary,Under investigation,
a76230c8af958e62037a22f1e5c6643b9d7128eb059a9637042f05b543c7a471,2014-05,Cheshire Constabulary,Cheshire Constabulary,-2.510250,53.397762,On or near A57,E01012551,Warrington 014A,Burglary,Under investigation,
83396b8457f1ee581785ce99e9e96fe97c442296369abad06af7f61c0dddc8d6,2014-05,Cheshire Constabulary,Cheshire Constabulary,-2.515994,53.398906,On or near The Manor,E01012551,Warrington 014A,Criminal damage and arson,Offender given conditional discharge,
d195af1a3565444b353217213c3501ee26a301d44a2381ff713a783f540afa94,2014-05,Cheshire Constabulary,Cheshire Constabulary,-2.534134,53.407545,On or near Kingsland Grange,E01012551,Warrington 014A,Other theft,Awaiting court outcome,
edcdf68c342bb075b57e3f2be28fd539f5bda5e6ed0624237ec7b38726818f9e,2014-05,Cheshire Constabulary,Cheshire Constabulary,-2.526152,53.405522,On or near Shopping Area,E01012551,Warrington 014A,Vehicle crime,Investigation complete; no suspect identified,
064694c1d40dde1b75cecadba31e7fe07a5e86e79ec14c0632b3c637651b185d,2014-05,Cheshire Constabulary,Cheshire Constabulary,-2.526795,53.401555,On or near Gig Lane,E01012551,Warrington 014A,Vehicle crime,Investigation complete; no suspect identified,
e528b9a0f5946ed5d2c17269e55f0b9f1c41b58a94e0a5a77952d0deaeb822b3,2014-05,Cheshire Constabulary,Cheshire Constabulary,-2.534134,53.407545,On or near Kingsland Grange,E01012551,Warrington 014A,Vehicle crime,Investigation complete; no suspect identified,
ca4415c3bdd1b5859442e97989368fa37127e150f4c4c1edcd11130269840331,2014-05,Cheshire Constabulary,Cheshire Constabulary,-2.526351,53.400982,On or near Ivy Road,E01012551,Warrington 014A,Violence and sexual offences,Unable to prosecute suspect,
,2014-05,Cheshire Constabulary,Cheshire Constabulary,-2.531837,53.397047,On or near Marshall Road,E01012552,Warrington 014B,Anti-social behaviour,,
,2014-05,Cheshire Constabulary,Cheshire Constabulary,-2.533584,53.396060,On or near Cliftonville Road,E01012552,Warrington 014B,Anti-social behaviour,,
,2014-05,Cheshire Constabulary,Cheshire Constabulary,-2.528722,53.399281,On or near Berkshire Drive,E01012552,Warrington 014B,Anti-social behaviour,,
,2014-05,Cheshire Constabulary,Cheshire Constabulary,-2.531837,53.397047,On or near Marshall Road,E01012552,Warrington 014B,Anti-social behaviour,,
,2014-05,Cheshire Constabulary,Cheshire Constabulary,-2.532819,53.396162,On or near Peel Close,E01012552,Warrington 014B,Anti-social behaviour,,
,2014-05,Cheshire Constabulary,Cheshire Constabulary,-2.531837,53.397047,On or near Marshall Road,E01012552,Warrington 014B,Anti-social behaviour,,
,2014-05,Cheshire Constabulary,Cheshire Constabulary,-2.532819,53.396162,On or near Peel Close,E01012552,Warrington 014B,Anti-social behaviour,,
,2014-05,Cheshire Constabulary,Cheshire Constabulary,-2.533042,53.397213,On or near Parksway,E01012552,Warrington 014B,Anti-social behaviour,,
,2014-05,Cheshire Constabulary,Cheshire Constabulary,-2.525654,53.398090,On or near Hertford Close,E01012553,Warrington 014C,Anti-social behaviour,,
,2014-05,Cheshire Constabulary,Cheshire Constabulary,-2.525232,53.396834,On or near Durham Close,E01012553,Warrington 014C,Anti-social behaviour,,
,2014-05,Cheshire Constabulary,Cheshire Constabulary,-2.525654,53.398090,On or near Hertford Close,E01012553,Warrington 014C,Anti-social behaviour,,
,2014-05,Cheshire Constabulary,Cheshire Constabulary,-2.530981,53.400719,On or near Linden Close,E01012555,Warrington 014D,Anti-social behaviour,,
,2014-05,Cheshire Constabulary,Cheshire Constabulary,-2.533417,53.404285,On or near Long Barn Lane,E01012555,Warrington 014D,Anti-social behaviour,,
,2014-05,Cheshire Constabulary,Cheshire Constabulary,-2.531871,53.402153,On or near Well Farm Close,E01012555,Warrington 014D,Anti-social behaviour,,
212b86c14d4dbb3fb1c0fa7b55eaa3945b025ebbe0cd0fb29e889349356504de,2014-05,Cheshire Constabulary,Cheshire Constabulary,-2.533417,53.404285,On or near Long Barn Lane,E01012555,Warrington 014D,Criminal damage and arson,Under investigation,
d554411cd83ec09cd6025c07ccc4ee8e21618ec74c538124a7550caf489dfc94,2014-05,Cheshire Constabulary,Cheshire Constabulary,-2.531871,53.402153,On or near Well Farm Close,E01012555,Warrington 014D,Shoplifting,Under investigation,
1681244b861f80db0287610eadabaa1cb9791da85987f082749716a64ca50f1c,2014-05,Cheshire Constabulary,Cheshire Constabulary,-2.531871,53.402153,On or near Well Farm Close,E01012555,Warrington 014D,Violence and sexual offences,Investigation complete; no suspect identified,
,2014-05,Cheshire Constabulary,Cheshire Constabulary,-2.540585,53.397880,On or near Greymist Avenue,E01012556,Warrington 014E,Anti-social behaviour,,
,2014-05,Cheshire Constabulary,Cheshire Constabulary,-2.542558,53.396864,On or near New Cut Lane,E01012556,Warrington 014E,Anti-social behaviour,,
,2014-05,Cheshire Constabulary,Cheshire Constabulary,-2.542558,53.396864,On or near New Cut Lane,E01012556,Warrington 014E,Anti-social behaviour,,
eaec69c94c0177d612a67d6db4470f69bc384dcb4de1bbc853c15e471da0fc2d,2014-05,Cheshire Constabulary,Cheshire Constabulary,-2.546123,53.398151,On or near New Manchester Road,E01012556,Warrington 014E,Drugs,Under investigation,
dcf21fcfb948705c563331d0be1793b60d5f8a7bcdf20b73371b59a5d250f670,2014-05,Cheshire Constabulary,Cheshire Constabulary,-2.542558,53.396864,On or near New Cut Lane,E01012556,Warrington 014E,Other theft,Investigation complete; no suspect identified,
4a8e4679bae2903893576fa90cb4f3d8efe5aacc804f97a70c648477bfa8fd14,2014-05,Cheshire Constabulary,Cheshire Constabulary,-2.538046,53.401622,On or near Hillock Lane,E01012556,Warrington 014E,Other theft,Investigation complete; no suspect identified,
36a1bc9a74c731c3c4f6f7f5c87fb3da6a90b8ec257161a5aae92af826cfc381,2014-05,Cheshire Constabulary,Cheshire Constabulary,-2.544255,53.397890,On or near Hawthorne Avenue,E01012556,Warrington 014E,Other theft,Under investigation,
17de235698002517942784780e247604120052146cfdf9d34b44eeea9a0d8894,2014-05,Cheshire Constabulary,Cheshire Constabulary,-2.543446,53.401705,On or near Somerset Way,E01012556,Warrington 014E,Violence and sexual offences,Under investigation,
ea54b4c627bbcdcbb5156d481deb071c82cb684ed6d3a9183b152d28f8d6e27a,2014-05,Cheshire Constabulary,Cheshire Constabulary,-2.542558,53.396864,On or near New Cut Lane,E01012556,Warrington 014E,Violence and sexual offences,Under investigation,
17de3bb55686c5b63989af383412655d477baf4515043fc25f8ac0cae94c1fc7,2014-05,Cheshire Constabulary,Cheshire Constabulary,-2.543446,53.401705,On or near Somerset Way,E01012556,Warrington 014E,Violence and sexual offences,Unable to prosecute suspect,
,2014-05,Cheshire Constabulary,Cheshire Constabulary,-2.659951,53.394925,On or near Wroxham Road,E01012491,Warrington 015A,Anti-social behaviour,,
bee55130faf87a276da2fb1e2da6da9e16420e0e93d7611901d968586438b893,2014-05,Cheshire Constabulary,Cheshire Constabulary,-2.657919,53.395790,On or near Sunnyside,E01012491,Warrington 015A,Criminal damage and arson,Under investigation,
,2014-05,Cheshire Constabulary,Cheshire Constabulary,-2.648750,53.394060,On or near Whittle Hall Lane,E01012492,Warrington 015B,Anti-social behaviour,,
,2014-05,Cheshire Constabulary,Cheshire Constabulary,-2.648750,53.394060,On or near Whittle Hall Lane,E01012492,Warrington 015B,Anti-social behaviour,,
,2014-05,Cheshire Constabulary,Cheshire Constabulary,-2.665022,53.393162,On or near Victoria Avenue,E01012493,Warrington 015C,Anti-social behaviour,,
cf41f9ad91a128ea67dd97343d20dc7316752e2bfefdaa3e0e7dcb45b6905bad,2014-05,Cheshire Constabulary,Cheshire Constabulary,-2.662300,53.394148,On or near Cromdale Way,E01012493,Warrington 015C,Criminal damage and arson,Investigation complete; no suspect identified,
c4e5dcf3698a436f6669d22114f3d4ace6cdacbf4ea567f04b94af473878395a,2014-05,Cheshire Constabulary,Cheshire Constabulary,-2.660921,53.392510,On or near Rhona Drive,E01012493,Warrington 015C,Other theft,Investigation complete; no suspect identified,
a973f57d820fcf29118a42b3e380f1960ab5951309158a5117070a419cf9c785,2014-05,Cheshire Constabulary,Cheshire Constabulary,-2.663165,53.392705,On or near Albert Drive,E01012493,Warrington 015C,Violence and sexual offences,Unable to prosecute suspect,
d912a535055dac3cf537ac3a615edef142c4cb1dc23fa4ff93ebcde55d349732,2014-05,Cheshire Constabulary,Cheshire Constabulary,-2.664190,53.391881,On or near Stocks Lane,E01012493,Warrington 015C,Violence and sexual offences,Unable to prosecute suspect,
,2014-05,Cheshire Constabulary,Cheshire Constabulary,-2.669229,53.397776,On or near Leon Close,E01012494,Warrington 015D,Anti-social behaviour,,
,2014-05,Cheshire Constabulary,Cheshire Constabulary,-2.671583,53.395363,On or near Shanklin Close,E01012494,Warrington 015D,Anti-social behaviour,,
,2014-05,Cheshire Constabulary,Cheshire Constabulary,-2.671497,53.398546,On or near Alverstone Close,E01012494,Warrington 015D,Anti-social behaviour,,
,2014-05,Cheshire Constabulary,Cheshire Constabulary,-2.671583,53.395363,On or near Shanklin Close,E01012494,Warrington 015D,Anti-social behaviour,,
,2014-05,Cheshire Constabulary,Cheshire Constabulary,-2.669663,53.392830,On or near Laburnum Lane,E01012494,Warrington 015D,Anti-social behaviour,,
2383c0dab442fde905db75d67117b471bc00adca52aa50fc281519199cfab74d,2014-05,Cheshire Constabulary,Cheshire Constabulary,-2.672408,53.398082,On or near Foreland Close,E01012494,Warrington 015D,Burglary,Investigation complete; no suspect identified,
448ed89405d9ed8e261ed0305130a229a2757c441d659ada9fa2b3e35605ef5f,2014-05,Cheshire Constabulary,Cheshire Constabulary,-2.671917,53.399379,On or near Bembridge Close,E01012494,Warrington 015D,Violence and sexual offences,Under investigation,
,2014-05,Cheshire Constabulary,Cheshire Constabulary,-2.649595,53.390352,On or near Cunningham Close,E01012500,Warrington 015E,Anti-social behaviour,,
,2014-05,Cheshire Constabulary,Cheshire Constabulary,-2.644842,53.389209,On or near Barnes Close,E01012500,Warrington 015E,Anti-social behaviour,,
,2014-05,Cheshire Constabulary,Cheshire Constabulary,-2.648525,53.392129,On or near Supermarket,E01012500,Warrington 015E,Anti-social behaviour,,
8140a2bcbc5ca9e604f4bdf743630c06167ae850f8ee407f3402ad2d9e802582,2014-05,Cheshire Constabulary,Cheshire Constabulary,-2.643503,53.392183,On or near Pedestrian Subway,E01012500,Warrington 015E,Burglary,Under investigation,
,2014-05,Cheshire Constabulary,Cheshire Constabulary,-2.638577,53.385558,On or near Freckleton Close,E01012495,Warrington 016A,Anti-social behaviour,,
,2014-05,Cheshire Constabulary,Cheshire Constabulary,-2.640193,53.382034,On or near Lytham Close,E01012495,Warrington 016A,Anti-social behaviour,,
,2014-05,Cheshire Constabulary,Cheshire Constabulary,-2.631118,53.384465,On or near Finsbury Close,E01012495,Warrington 016A,Anti-social behaviour,,
2309426f490b6c255f08803f025cc506e0a49a6103daf23d6b723fe248741fcd,2014-05,Cheshire Constabulary,Cheshire Constabulary,-2.632382,53.385528,On or near George Road,E01012495,Warrington 016A,Burglary,Investigation complete; no suspect identified,
b01b9b72496518caef3403c7339e6456ddbe98074feb938746ff98f71a7ba59f,2014-05,Cheshire Constabulary,Cheshire Constabulary,-2.636412,53.385569,On or near Rossall Road,E01012495,Warrington 016A,Criminal damage and arson,Under investigation,
,2014-05,Cheshire Constabulary,Cheshire Constabulary,-2.634511,53.387152,On or near Rozel Crescent,E01012496,Warrington 016B,Anti-social behaviour,,
,2014-05,Cheshire Constabulary,Cheshire Constabulary,-2.641462,53.390441,On or near Birdwell Drive,E01012496,Warrington 016B,Anti-social behaviour,,
03fa73d23145e37615c5421c4a67dd2f30446c4f33d6c0ab9425582a95d85049,2014-05,Cheshire Constabulary,Cheshire Constabulary,-2.643523,53.386529,On or near Brookside Avenue,E01012496,Warrington 016B,Bicycle theft,Investigation complete; no suspect identified,
e75301df289598cfa52fa0cbe14dbb75a4a46b0fd96eedfa556bc5564d8a7f60,2014-05,Cheshire Constabulary,Cheshire Constabulary,-2.634511,53.387152,On or near Rozel Crescent,E01012496,Warrington 016B,Drugs,Offender given a drugs possession warning,
,2014-05,Cheshire Constabulary,Cheshire Constabulary,-2.622186,53.392575,On or near Reaper Close,E01012497,Warrington 016C,Anti-social behaviour,,
,2014-05,Cheshire Constabulary,Cheshire Constabulary,-2.622186,53.392575,On or near Reaper Close,E01012497,Warrington 016C,Anti-social behaviour,,
,2014-05,Cheshire Constabulary,Cheshire Constabulary,-2.622647,53.394253,On or near Thurston Close,E01012497,Warrington 016C,Anti-social behaviour,,
,2014-05,Cheshire Constabulary,Cheshire Constabulary,-2.622647,53.394253,On or near Thurston Close,E01012497,Warrington 016C,Anti-social behaviour,,
,2014-05,Cheshire Constabulary,Cheshire Constabulary,-2.623318,53.393926,On or near Canons Road,E01012497,Warrington 016C,Anti-social behaviour,,
,2014-05,Cheshire Constabulary,Cheshire Constabulary,-2.623318,53.393926,On or near Canons Road,E01012497,Warrington 016C,Anti-social behaviour,,
,2014-05,Cheshire Constabulary,Cheshire Constabulary,-2.622186,53.392575,On or near Reaper Close,E01012497,Warrington 016C,Anti-social behaviour,,
,2014-05,Cheshire Constabulary,Cheshire Constabulary,-2.623318,53.393926,On or near Canons Road,E01012497,Warrington 016C,Anti-social behaviour,,
,2014-05,Cheshire Constabulary,Cheshire Constabulary,-2.622647,53.394253,On or near Thurston Close,E01012497,Warrington 016C,Anti-social behaviour,,
5b67734ed2386826c97fd563c630f3d94a90901d211592c4619ddcf2fe6dabc2,2014-05,Cheshire Constabulary,Cheshire Constabulary,-2.623318,53.393926,On or near Canons Road,E01012497,Warrington 016C,Criminal damage and arson,Unable to prosecute suspect,
929e05d555b498a25399c8fd79d47a791c837ae0ef00785a770afa26f61c65e9,2014-05,Cheshire Constabulary,Cheshire Constabulary,-2.624456,53.393570,On or near Grange Farm Close,E01012497,Warrington 016C,Criminal damage and arson,Investigation complete; no suspect identified,
20fbc4cb0641e1d28aa91a739545d7913f7149cc0ec558b89a50c3f23d6a8ec2,2014-05,Cheshire Constabulary,Cheshire Constabulary,-2.623455,53.395058,On or near Vose Close,E01012497,Warrington 016C,Violence and sexual offences,Under investigation,
9f5ca3ba47f8751d4f2e7169c46d5d4eda85dbbf1b054a1cae8478750903d57b,2014-05,Cheshire Constabulary,Cheshire Constabulary,-2.623318,53.393926,On or near Canons Road,E01012497,Warrington 016C,Violence and sexual offences,Unable to prosecute suspect,
05db0a61b357ed7b6658b49b61457a80f7b026d9bd34e5a0efab0beb4df11140,2014-05,Cheshire Constabulary,Cheshire Constabulary,-2.623318,53.393926,On or near Canons Road,E01012497,Warrington 016C,Violence and sexual offences,Investigation complete; no suspect identified,
413dc8ada716145b70f10d249794c757514a4323a51148142604fce948676123,2014-05,Cheshire Constabulary,Cheshire Constabulary,-2.623318,53.393926,On or near Canons Road,E01012497,Warrington 016C,Violence and sexual offences,Unable to prosecute suspect,
,2014-05,Cheshire Constabulary,Cheshire Constabulary,-2.630508,53.390994,On or near Brentnall Close,E01012498,Warrington 016D,Anti-social behaviour,,
,2014-05,Cheshire Constabulary,Cheshire Constabulary,-2.628768,53.390221,On or near Sheffield Close,E01012498,Warrington 016D,Anti-social behaviour,,
,2014-05,Cheshire Constabulary,Cheshire Constabulary,-2.632661,53.390111,On or near Worcester Close,E01012498,Warrington 016D,Anti-social behaviour,,
,2014-05,Cheshire Constabulary,Cheshire Constabulary,-2.628768,53.390221,On or near Sheffield Close,E01012498,Warrington 016D,Anti-social behaviour,,
,2014-05,Cheshire Constabulary,Cheshire Constabulary,-2.628768,53.390221,On or near Sheffield Close,E01012498,Warrington 016D,Anti-social behaviour,,
494c04271e7ce559823262de0ab3b3bbc4261912f27441002b82f45285dbe129,2014-05,Cheshire Constabulary,Cheshire Constabulary,-2.630648,53.388252,On or near Sankey Way,E01012498,Warrington 016D,Burglary,Under investigation,
5cf5fafa884d6467267621e30ff94e6028a3cadd710fb13f644dded409cf4f34,2014-05,Cheshire Constabulary,Cheshire Constabulary,-2.628686,53.392828,On or near Rosemary Close,E01012498,Warrington 016D,Shoplifting,Under investigation,
0ecf164d3b778da0408dab461476929eaf9bc69f77d868405fdd03ad842a6871,2014-05,Cheshire Constabulary,Cheshire Constabulary,-2.628686,53.392828,On or near Rosemary Close,E01012498,Warrington 016D,Shoplifting,Awaiting court outcome,
5b09faa8e39b82aa8fd30f31d3289f08d2548323f5702dc0674ce3abfefa8ec6,2014-05,Cheshire Constabulary,Cheshire Constabulary,-2.628622,53.389530,On or near Hurley Close,E01012498,Warrington 016D,Violence and sexual offences,Under investigation,
,2014-05,Cheshire Constabulary,Cheshire Constabulary,-2.635957,53.391325,On or near Ellington Drive,E01012499,Warrington 016E,Anti-social behaviour,,
,2014-05,Cheshire Constabulary,Cheshire Constabulary,-2.635957,53.391325,On or near Ellington Drive,E01012499,Warrington 016E,Anti-social behaviour,,
a5a812012a137858e03d5b9b2762c4c1ecc55adbcd1e8da5b2c265230dc7bb94,2014-05,Cheshire Constabulary,Cheshire Constabulary,-2.635957,53.391325,On or near Ellington Drive,E01012499,Warrington 016E,Burglary,Investigation complete; no suspect identified,
,2014-05,Cheshire Constabulary,Cheshire Constabulary,-2.624600,53.386980,On or near Cromwell Avenue South,E01012501,Warrington 016F,Anti-social behaviour,,
,2014-05,Cheshire Constabulary,Cheshire Constabulary,-2.630883,53.386866,On or near Buckingham Drive,E01012501,Warrington 016F,Anti-social behaviour,,
,2014-05,Cheshire Constabulary,Cheshire Constabulary,-2.625814,53.383630,On or near Parking Area,E01012501,Warrington 016F,Anti-social behaviour,,
81ee46b639a3b0e8bdff3a9282d19ca8321daff9daedbde086bdac4fe604b668,2014-05,Cheshire Constabulary,Cheshire Constabulary,-2.627123,53.384720,On or near Huntley Street,E01012501,Warrington 016F,Burglary,Investigation complete; no suspect identified,
302b718f47851e724bd07672e1ead6803e3d77dae95cab560470192100893c4e,2014-05,Cheshire Constabulary,Cheshire Constabulary,-2.629189,53.387199,On or near Banbury Drive,E01012501,Warrington 016F,Burglary,Under investigation,
3f2a5d25da823e3a6de38dd5f32e6a0fbb99f089d9534cc57380e101e2e9d074,2014-05,Cheshire Constabulary,Cheshire Constabulary,-2.627123,53.384720,On or near Huntley Street,E01012501,Warrington 016F,Burglary,Under investigation,
097942b480b8c9a90a053ae902b8ed779a8212e85dd57345f06385879c8c376c,2014-05,Cheshire Constabulary,Cheshire Constabulary,-2.624600,53.386980,On or near Cromwell Avenue South,E01012501,Warrington 016F,Burglary,Under investigation,
0a950283162a2cbb837a4ebff5211e21ea97c6baca3bcc6bf9605f539b9b8f09,2014-05,Cheshire Constabulary,Cheshire Constabulary,-2.624600,53.386980,On or near Cromwell Avenue South,E01012501,Warrington 016F,Burglary,Under investigation,
cb1f2cc5dca7624b99ca24354b408f7a978f8b2c582fe0766fe16c8a7ee91250,2014-05,Cheshire Constabulary,Cheshire Constabulary,-2.625814,53.383630,On or near Parking Area,E01012501,Warrington 016F,Violence and sexual offences,Offender given a caution,
,2014-05,Cheshire Constabulary,Cheshire Constabulary,-2.574655,53.397199,On or near Marsh Street,E01012479,Warrington 017A,Anti-social behaviour,,
,2014-05,Cheshire Constabulary,Cheshire Constabulary,-2.577023,53.393269,On or near Salisbury Street,E01012479,Warrington 017A,Anti-social behaviour,,
,2014-05,Cheshire Constabulary,Cheshire Constabulary,-2.576847,53.396910,On or near Matthews Street,E01012479,Warrington 017A,Anti-social behaviour,,
,2014-05,Cheshire Constabulary,Cheshire Constabulary,-2.577023,53.393269,On or near Salisbury Street,E01012479,Warrington 017A,Anti-social behaviour,,
,2014-05,Cheshire Constabulary,Cheshire Constabulary,-2.576847,53.396910,On or near Matthews Street,E01012479,Warrington 017A,Anti-social behaviour,,
,2014-05,Cheshire Constabulary,Cheshire Constabulary,-2.576847,53.396910,On or near Matthews Street,E01012479,Warrington 017A,Anti-social behaviour,,
,2014-05,Cheshire Constabulary,Cheshire Constabulary,-2.578328,53.395249,On or near Willis Street,E01012479,Warrington 017A,Anti-social behaviour,,
0aaa77c6e9f2f97eaa21ab4872b8efcd7f66d94bf979c53483bde02d72e403c9,2014-05,Cheshire Constabulary,Cheshire Constabulary,-2.575410,53.394077,On or near Helsby Street,E01012479,Warrington 017A,Burglary,Investigation complete; no suspect identified,
9bc82282fb981daea34ae117a8389d9fc8d98699c8daff384980f16fccd79d71,2014-05,Cheshire Constabulary,Cheshire Constabulary,-2.577023,53.393269,On or near Salisbury Street,E01012479,Warrington 017A,Criminal damage and arson,Investigation complete; no suspect identified,
863bfdb23813f956829e072899959080c820c9dfd17fa33322aeb881ffa7433c,2014-05,Cheshire Constabulary,Cheshire Constabulary,-2.574655,53.397199,On or near Marsh Street,E01012479,Warrington 017A,Criminal damage and arson,Under investigation,
c17b94ccbaa082df6d87c34223f87f6525d627b557f36a59a0b8a7231167940c,2014-05,Cheshire Constabulary,Cheshire Constabulary,-2.577023,53.393269,On or near Salisbury Street,E01012479,Warrington 017A,Criminal damage and arson,Awaiting court outcome,
ac7279c05ef71a95ac34c194a519c6fe8f59196081a3955de2e9948d4df1a754,2014-05,Cheshire Constabulary,Cheshire Constabulary,-2.574655,53.397199,On or near Marsh Street,E01012479,Warrington 017A,Criminal damage and arson,Under investigation,
c38477be08bdcb53c8c6e10bdd4dc6a35e8162b49a5d88293e4e5799559d67b4,2014-05,Cheshire Constabulary,Cheshire Constabulary,-2.577023,53.393269,On or near Salisbury Street,E01012479,Warrington 017A,Criminal damage and arson,Awaiting court outcome,
990248013f8b5c229836d63c7ffc7e26b75ef4bf711faba8c7fb8752a0521627,2014-05,Cheshire Constabulary,Cheshire Constabulary,-2.574655,53.397199,On or near Marsh Street,E01012479,Warrington 017A,Criminal damage and arson,Under investigation,
b80f321ed763303e16b1e20bcb6da1dee2946dd8800db0242f571de11a02cf53,2014-05,Cheshire Constabulary,Cheshire Constabulary,-2.577023,53.393269,On or near Salisbury Street,E01012479,Warrington 017A,Criminal damage and arson,Investigation complete; no suspect identified,
9738c237f2478a3d9fe07f3ec4a6683fabe378b14bcfc776e8ea4a6228543270,2014-05,Cheshire Constabulary,Cheshire Constabulary,-2.576847,53.396910,On or near Matthews Street,E01012479,Warrington 017A,Criminal damage and arson,Investigation complete; no suspect identified,
b1e9c6f9acfa2b068382872000df8ef85a60b4bc8a67e05e4c9b3d66206bf0d3,2014-05,Cheshire Constabulary,Cheshire Constabulary,-2.579764,53.393534,On or near Oxford Court,E01012479,Warrington 017A,Criminal damage and arson,Investigation complete; no suspect identified,
fb3cfd1d625d46368ddd39ee575d89c578c88b129ab68cec3f50e5140002216e,2014-05,Cheshire Constabulary,Cheshire Constabulary,-2.579764,53.393534,On or near Oxford Court,E01012479,Warrington 017A,Other theft,Investigation complete; no suspect identified,
55fc3fd37102a3288b08a6f3ce125d7b150ab76c014fce3e43476c343b0a9947,2014-05,Cheshire Constabulary,Cheshire Constabulary,-2.577023,53.393269,On or near Salisbury Street,E01012479,Warrington 017A,Other theft,Under investigation,
2fa079eff713aec6e78086e870e45db1664d44a04eb7a3d0ee2d73941cd63ab9,2014-05,Cheshire Constabulary,Cheshire Constabulary,-2.577023,53.393269,On or near Salisbury Street,E01012479,Warrington 017A,Public order,Under investigation,
5bb7b40b17fda3da6ea77dac0b0bfec032bc235b4472f6525b60c60bc9f29987,2014-05,Cheshire Constabulary,Cheshire Constabulary,-2.577023,53.393269,On or near Salisbury Street,E01012479,Warrington 017A,Public order,Under investigation,
065a87275eb54f121a1b7510c1214f194ad7718e3e152aae21e8e4dd00cb6636,2014-05,Cheshire Constabulary,Cheshire Constabulary,-2.577023,53.393269,On or near Salisbury Street,E01012479,Warrington 017A,Violence and sexual offences,Under investigation,
,2014-05,Cheshire Constabulary,Cheshire Constabulary,-2.581162,53.390247,On or near St Elphins Close,E01012480,Warrington 017B,Anti-social behaviour,,
,2014-05,Cheshire Constabulary,Cheshire Constabulary,-2.584047,53.387851,On or near Lord Nelson Street,E01012480,Warrington 017B,Anti-social behaviour,,
,2014-05,Cheshire Constabulary,Cheshire Constabulary,-2.582792,53.391767,On or near Supermarket,E01012480,Warrington 017B,Anti-social behaviour,,
,2014-05,Cheshire Constabulary,Cheshire Constabulary,-2.582966,53.386894,On or near Harbord Street,E01012480,Warrington 017B,Anti-social behaviour,,
,2014-05,Cheshire Constabulary,Cheshire Constabulary,-2.582792,53.391767,On or near Supermarket,E01012480,Warrington 017B,Anti-social behaviour,,
,2014-05,Cheshire Constabulary,Cheshire Constabulary,-2.584308,53.388272,On or near Wellington Street,E01012480,Warrington 017B,Anti-social behaviour,,
,2014-05,Cheshire Constabulary,Cheshire Constabulary,-2.586964,53.387917,On or near Napier Street,E01012480,Warrington 017B,Anti-social behaviour,,
,2014-05,Cheshire Constabulary,Cheshire Constabulary,-2.584883,53.390759,On or near Orchard Street,E01012480,Warrington 017B,Anti-social behaviour,,
,2014-05,Cheshire Constabulary,Cheshire Constabulary,-2.586952,53.389194,On or near Dutton Street,E01012480,Warrington 017B,Anti-social behaviour,,
,2014-05,Cheshire Constabulary,Cheshire Constabulary,-2.584384,53.387211,On or near Parr Street,E01012480,Warrington 017B,Anti-social behaviour,,
,2014-05,Cheshire Constabulary,Cheshire Constabulary,-2.582966,53.386894,On or near Harbord Street,E01012480,Warrington 017B,Anti-social behaviour,,
,2014-05,Cheshire Constabulary,Cheshire Constabulary,-2.588621,53.388125,On or near Mersey Street,E01012480,Warrington 017B,Anti-social behaviour,,
,2014-05,Cheshire Constabulary,Cheshire Constabulary,-2.579857,53.389327,On or near Egerton Street,E01012480,Warrington 017B,Anti-social behaviour,,
,2014-05,Cheshire Constabulary,Cheshire Constabulary,-2.586952,53.389194,On or near Dutton Street,E01012480,Warrington 017B,Anti-social behaviour,,
,2014-05,Cheshire Constabulary,Cheshire Constabulary,-2.582966,53.386894,On or near Harbord Street,E01012480,Warrington 017B,Anti-social behaviour,,
f85e745ef348446befe6b990a7f9b25a98dfff880940c85b53dfd42f9f9c7e43,2014-05,Cheshire Constabulary,Cheshire Constabulary,-2.586952,53.389194,On or near Dutton Street,E01012480,Warrington 017B,Bicycle theft,Under investigation,
2e8e0681adcf6205bd6bebbc5f29d51f115be00d08a061bf5c06d425917db8bf,2014-05,Cheshire Constabulary,Cheshire Constabulary,-2.586952,53.389194,On or near Dutton Street,E01012480,Warrington 017B,Burglary,Unable to prosecute suspect,
2b68c50a48eb3903e30970e34701822bfdea4ce60488382944e0bec606bf174f,2014-05,Cheshire Constabulary,Cheshire Constabulary,-2.579857,53.389327,On or near Egerton Street,E01012480,Warrington 017B,Drugs,Unable to prosecute suspect,
f44a7371c7ada746dac11ec28c684cb799844146daf41b84294e9a4545cc19bd,2014-05,Cheshire Constabulary,Cheshire Constabulary,-2.581478,53.389104,On or near Gibson Street,E01012480,Warrington 017B,Other theft,Investigation complete; no suspect identified,
1ddb44f6967e14e9cebf77c1e3ebba20f055d87f7c5336e6dcdec311dffcfcd4,2014-05,Cheshire Constabulary,Cheshire Constabulary,-2.582792,53.391767,On or near Supermarket,E01012480,Warrington 017B,Public order,Awaiting court outcome,
fcb7c532dd22380b721c12d7c6d35c1a7e803b9e722ebe16bd97655d86abfc18,2014-05,Cheshire Constabulary,Cheshire Constabulary,-2.584464,53.386464,On or near Sutton Street,E01012480,Warrington 017B,Shoplifting,Under investigation,
a765cfec2045a74d7eb3ec92cd650a136ebcead6d6200e728fbe848801e179a3,2014-05,Cheshire Constabulary,Cheshire Constabulary,-2.584883,53.390759,On or near Orchard Street,E01012480,Warrington 017B,Shoplifting,Under investigation,
40a8ea85288e99a8f828d4f36fc36631d46b689dd1f0310500b6df3ee65a35de,2014-05,Cheshire Constabulary,Cheshire Constabulary,-2.588621,53.388125,On or near Mersey Street,E01012480,Warrington 017B,Violence and sexual offences,Unable to prosecute suspect,
9b356bc092b180b6aa3956963a3ad6e63d33ca3f823dcd790d66bdce3368d18b,2014-05,Cheshire Constabulary,Cheshire Constabulary,-2.584883,53.390759,On or near Orchard Street,E01012480,Warrington 017B,Violence and sexual offences,Unable to prosecute suspect,
be9beb9e5130d6f7fd504111c90f71ea3f94b7ff050ea8f224994b7e68879695,2014-05,Cheshire Constabulary,Cheshire Constabulary,-2.588621,53.388125,On or near Mersey Street,E01012480,Warrington 017B,Violence and sexual offences,Under investigation,
84c81fab85cdbc619b00556b1535e2978e6149964abe781f91bf020b850135cb,2014-05,Cheshire Constabulary,Cheshire Constabulary,-2.584464,53.386464,On or near Sutton Street,E01012480,Warrington 017B,Violence and sexual offences,Under investigation,
,2014-05,Cheshire Constabulary,Cheshire Constabulary,-2.589088,53.381651,On or near Priory Street,E01012510,Warrington 017D,Anti-social behaviour,,
,2014-05,Cheshire Constabulary,Cheshire Constabulary,-2.582278,53.383823,On or near Barry Street,E01012510,Warrington 017D,Anti-social behaviour,,
,2014-05,Cheshire Constabulary,Cheshire Constabulary,-2.583299,53.383719,On or near Miller Street,E01012510,Warrington 017D,Anti-social behaviour,,
,2014-05,Cheshire Constabulary,Cheshire Constabulary,-2.584639,53.382769,On or near Marbury Street,E01012510,Warrington 017D,Anti-social behaviour,,
f23383457c4b0cd169009a9f5e01829614750c7eece47f9dcc15192aa21536fb,2014-05,Cheshire Constabulary,Cheshire Constabulary,-2.580457,53.383733,On or near Supermarket,E01012510,Warrington 017D,Bicycle theft,Investigation complete; no suspect identified,
a9d1d6d520ad5587af5b44f751a7f0fcc87af620c34272cb0884f1a71fa789e1,2014-05,Cheshire Constabulary,Cheshire Constabulary,-2.586489,53.383973,On or near New Road,E01012510,Warrington 017D,Criminal damage and arson,Unable to prosecute suspect,
31b211aad2d958b3c609238fcc74bb51af67785f7be925968ad57a3cb604e68f,2014-05,Cheshire Constabulary,Cheshire Constabulary,-2.584639,53.382769,On or near Marbury Street,E01012510,Warrington 017D,Criminal damage and arson,Investigation complete; no suspect identified,
c5f300ea810ea74ee3d1cf3df47338535bfc19c78d89cf635125dd384812a4bb,2014-05,Cheshire Constabulary,Cheshire Constabulary,-2.586489,53.383973,On or near New Road,E01012510,Warrington 017D,Criminal damage and arson,Investigation complete; no suspect identified,
bc7f6737b3abb389cfc87d7e2e096be02500bf438ad9e1813701286a649f42af,2014-05,Cheshire Constabulary,Cheshire Constabulary,-2.584639,53.382769,On or near Marbury Street,E01012510,Warrington 017D,Criminal damage and arson,Under investigation,
10a23349efbbadb12336ac103ab0cdb052f9a8b023a06969efe084ead9cd274c,2014-05,Cheshire Constabulary,Cheshire Constabulary,-2.590509,53.385491,On or near A49,E01012510,Warrington 017D,Other theft,Investigation complete; no suspect identified,
2652d76459f36b1e011b8f065a697c9e8358dc73f24c7ef65798b1f171eb422c,2014-05,Cheshire Constabulary,Cheshire Constabulary,-2.583177,53.375954,On or near China Lane,E01012510,Warrington 017D,Other theft,Investigation complete; no suspect identified,
657886586738844b8cbd746543dfb080f7977c3af688e94e194bf9fe33f59634,2014-05,Cheshire Constabulary,Cheshire Constabulary,-2.588083,53.384011,On or near Lord Street,E01012510,Warrington 017D,Other theft,Investigation complete; no suspect identified,
2951c24fe9e39f6627515e96c55bc42686bb8468f2717288b240a55e7e4a75d0,2014-05,Cheshire Constabulary,Cheshire Constabulary,-2.583646,53.383870,On or near Peartree Place,E01012510,Warrington 017D,Other theft,Local resolution,
e75d67bbafea33e3871a3f1389347b32221c994adf7188aac1764a31c5476e88,2014-05,Cheshire Constabulary,Cheshire Constabulary,-2.580457,53.383733,On or near Supermarket,E01012510,Warrington 017D,Shoplifting,Investigation complete; no suspect identified,
1910def6015693a78f49168892852e7ed4cc2f059c5617485c9242ba0da48e66,2014-05,Cheshire Constabulary,Cheshire Constabulary,-2.590509,53.385491,On or near A49,E01012510,Warrington 017D,Shoplifting,Investigation complete; no suspect identified,
bcea76690da8dd82cb58ab4694b368941aea3fcf55985a3a82e2e5606290a1d5,2014-05,Cheshire Constabulary,Cheshire Constabulary,-2.588620,53.380394,On or near Petrol Station,E01012510,Warrington 017D,Shoplifting,Investigation complete; no suspect identified,
8e721d0be8f8fb3e977cd2d7c426d3b36077b5368d67d3d6e49a321c14e9b9fa,2014-05,Cheshire Constabulary,Cheshire Constabulary,-2.576422,53.379969,On or near Maple Grove,E01012510,Warrington 017D,Violence and sexual offences,Under investigation,
1b48feeb317c3aeff5fb30d1c68daafdfd0f0c49ccb3e8a68ab8d56d5dbc0542,2014-05,Cheshire Constabulary,Cheshire Constabulary,-2.588620,53.380394,On or near Petrol Station,E01012510,Warrington 017D,Violence and sexual offences,Under investigation,
54ff3e9f184c57726b85af97f39d042fc7e0b600fc5ef0d1b1625c382396349b,2014-05,Cheshire Constabulary,Cheshire Constabulary,-2.589846,53.382105,On or near Fletcher Street,E01012510,Warrington 017D,Violence and sexual offences,Under investigation,
abd432618b6413832a47909f557aff4da7e41a0f1321a8a80f0fcadef8f8a351,2014-05,Cheshire Constabulary,Cheshire Constabulary,-2.590241,53.384593,On or near Old Road,E01012510,Warrington 017D,Violence and sexual offences,Unable to prosecute suspect,
,2014-05,Cheshire Constabulary,Cheshire Constabulary,-2.575894,53.382030,On or near Evans Place,E01012511,Warrington 017E,Anti-social behaviour,,
,2014-05,Cheshire Constabulary,Cheshire Constabulary,-2.575944,53.381301,On or near Park Avenue,E01012511,Warrington 017E,Anti-social behaviour,,
,2014-05,Cheshire Constabulary,Cheshire Constabulary,-2.576733,53.382960,On or near Beatrice Street,E01012511,Warrington 017E,Anti-social behaviour,,
,2014-05,Cheshire Constabulary,Cheshire Constabulary,-2.576733,53.382960,On or near Beatrice Street,E01012511,Warrington 017E,Anti-social behaviour,,
33f01451288e8393e4586b4ef068046053ad10735ba6b0952758e9b832ca4373,2014-05,Cheshire Constabulary,Cheshire Constabulary,-2.565551,53.387733,On or near Kingsway North,E01012511,Warrington 017E,Burglary,Investigation complete; no suspect identified,
7e4f2fd1d4db66db21a103109533938854d40ecd258a10c62a4ee372d91aa3d0,2014-05,Cheshire Constabulary,Cheshire Constabulary,-2.576733,53.382960,On or near Beatrice Street,E01012511,Warrington 017E,Burglary,Investigation complete; no suspect identified,
f79881e4eca097a62853cb0fdae3610aa8304941db4938971c91e6433aacd96a,2014-05,Cheshire Constabulary,Cheshire Constabulary,-2.576733,53.382960,On or near Beatrice Street,E01012511,Warrington 017E,Burglary,Investigation complete; no suspect identified,
6082cdeedacd66142967276222997f66eb5eefdc597954a1ac54acd40dca2224,2014-05,Cheshire Constabulary,Cheshire Constabulary,-2.576733,53.382960,On or near Beatrice Street,E01012511,Warrington 017E,Criminal damage and arson,Local resolution,
4dce02be3a9744d540820f425d0e2d8f2767fb8fdb2931ccd0f469a4d80f4eab,2014-05,Cheshire Constabulary,Cheshire Constabulary,-2.565551,53.387733,On or near Kingsway North,E01012511,Warrington 017E,Criminal damage and arson,Investigation complete; no suspect identified,
7877358836a48f130d8ea055c97ddb9a733434d0c9725a1b43eef338e11d9a7f,2014-05,Cheshire Constabulary,Cheshire Constabulary,-2.575368,53.380926,On or near Ash Grove,E01012511,Warrington 017E,Other theft,Investigation complete; no suspect identified,
6da0dec578ce77df1ef26776eef694098f2c21e8cd707d73e230d457a9d58db2,2014-05,Cheshire Constabulary,Cheshire Constabulary,-2.576733,53.382960,On or near Beatrice Street,E01012511,Warrington 017E,Robbery,Under investigation,
85aec5598b4d09b077ee6d580a5b48e39d64f0408d2f4f8cd7c2f37e23c5bbf8,2014-05,Cheshire Constabulary,Cheshire Constabulary,-2.576733,53.382960,On or near Beatrice Street,E01012511,Warrington 017E,Theft from the person,Formal action is not in the public interest,
85a5bd54801e5f1f357b0db0bb3a4b0215c639c7c10183368ec70863568416a7,2014-05,Cheshire Constabulary,Cheshire Constabulary,-2.575944,53.381301,On or near Park Avenue,E01012511,Warrington 017E,Theft from the person,Under investigation,
2df0a675db8dc3692a0c0adb7e59c2472fb093aff42fb3cdd3f11cc2be09849b,2014-05,Cheshire Constabulary,Cheshire Constabulary,-2.581668,53.383215,On or near Grove Street,E01012511,Warrington 017E,Violence and sexual offences,Awaiting court outcome,
99467c52a11517df9595723d0287ad511641c0e403232b172fdd734bae09fb77,2014-05,Cheshire Constabulary,Cheshire Constabulary,-2.576733,53.382960,On or near Beatrice Street,E01012511,Warrington 017E,Violence and sexual offences,Under investigation,
,2014-05,Cheshire Constabulary,Cheshire Constabulary,-2.579905,53.393965,On or near Fairfield Street,E01033299,Warrington 017F,Anti-social behaviour,,
,2014-05,Cheshire Constabulary,Cheshire Constabulary,-2.583061,53.397168,On or near Monks Place,E01033299,Warrington 017F,Anti-social behaviour,,
,2014-05,Cheshire Constabulary,Cheshire Constabulary,-2.584506,53.391731,On or near High Street,E01033299,Warrington 017F,Anti-social behaviour,,
,2014-05,Cheshire Constabulary,Cheshire Constabulary,-2.580630,53.393126,On or near Whalley Street,E01033299,Warrington 017F,Anti-social behaviour,,
,2014-05,Cheshire Constabulary,Cheshire Constabulary,-2.584149,53.395320,On or near Greenings Court,E01033299,Warrington 017F,Anti-social behaviour,,
,2014-05,Cheshire Constabulary,Cheshire Constabulary,-2.580142,53.392634,On or near Mote Hill Court,E01033299,Warrington 017F,Anti-social behaviour,,
,2014-05,Cheshire Constabulary,Cheshire Constabulary,-2.583782,53.393793,On or near Sidings Court,E01033299,Warrington 017F,Anti-social behaviour,,
,2014-05,Cheshire Constabulary,Cheshire Constabulary,-2.580630,53.393126,On or near Whalley Street,E01033299,Warrington 017F,Anti-social behaviour,,
,2014-05,Cheshire Constabulary,Cheshire Constabulary,-2.580398,53.392605,On or near Manchester Road,E01033299,Warrington 017F,Anti-social behaviour,,
,2014-05,Cheshire Constabulary,Cheshire Constabulary,-2.584276,53.396928,On or near Firth Boulevard,E01033299,Warrington 017F,Anti-social behaviour,,
,2014-05,Cheshire Constabulary,Cheshire Constabulary,-2.583782,53.393793,On or near Sidings Court,E01033299,Warrington 017F,Anti-social behaviour,,
70ad2b6028165aeb12ab678c3c6d9572f4bf6fb6a7fdfb39725092452c7e493f,2014-05,Cheshire Constabulary,Cheshire Constabulary,-2.584802,53.395793,On or near Battersby Lane,E01033299,Warrington 017F,Burglary,Under investigation,
efe2d51f1f084ac02c7446b31a593937bc6fe3321040c8149b0f7b28570b7d4a,2014-05,Cheshire Constabulary,Cheshire Constabulary,-2.580806,53.395021,On or near Claude Street,E01033299,Warrington 017F,Burglary,Under investigation,
9df5f9b95c9ed44e5207cddde291ae72744c6d95894eab85f595f3ae98c55591,2014-05,Cheshire Constabulary,Cheshire Constabulary,-2.582703,53.396235,On or near Houghton Avenue,E01033299,Warrington 017F,Criminal damage and arson,Investigation complete; no suspect identified,
e1c8a681a875a497523966f4d1b21e1270cc3ee4cb4406d834e77038d36c09fc,2014-05,Cheshire Constabulary,Cheshire Constabulary,-2.582703,53.396235,On or near Houghton Avenue,E01033299,Warrington 017F,Criminal damage and arson,Investigation complete; no suspect identified,
5381be873c35b4fa1e794f0a39e1079ecf30e26d1908fd3294bd5aa2ea9d301c,2014-05,Cheshire Constabulary,Cheshire Constabulary,-2.584149,53.395320,On or near Greenings Court,E01033299,Warrington 017F,Criminal damage and arson,Investigation complete; no suspect identified,
b402dccf95f8aa738656b45ae7c14564b0bc5c35d094cef6f41841a00505b517,2014-05,Cheshire Constabulary,Cheshire Constabulary,-2.583691,53.397003,On or near Rylands Drive,E01033299,Warrington 017F,Criminal damage and arson,Investigation complete; no suspect identified,
7f378a87c7760493e0da673507a368d700ac421d1d57bbff648d9e79c5beabdb,2014-05,Cheshire Constabulary,Cheshire Constabulary,-2.580398,53.392605,On or near Manchester Road,E01033299,Warrington 017F,Drugs,Under investigation,
31f7c91855967de07edba3210106a995cdb5945271e30234999b46ac57351471,2014-05,Cheshire Constabulary,Cheshire Constabulary,-2.580398,53.392605,On or near Manchester Road,E01033299,Warrington 017F,Drugs,Under investigation,
6834a03b9f4fae3ac6e638e136ca2bd87a4b84ca95fb0053a11bdbc5c085ba0c,2014-05,Cheshire Constabulary,Cheshire Constabulary,-2.584802,53.395793,On or near Battersby Lane,E01033299,Warrington 017F,Violence and sexual offences,Formal action is not in the public interest,
e54a7a66c26e99ed9bad8bd7f3cc7fab04e248d80b713610372488f4a58a89fc,2014-05,Cheshire Constabulary,Cheshire Constabulary,-2.582703,53.396235,On or near Houghton Avenue,E01033299,Warrington 017F,Violence and sexual offences,Under investigation,
3ba6b994585fb75d33f616fe4fc29103525fcf20b1dac54a316ac0bceeeece68,2014-05,Cheshire Constabulary,Cheshire Constabulary,-2.583061,53.397168,On or near Monks Place,E01033299,Warrington 017F,Violence and sexual offences,Offender fined,
,2014-05,Cheshire Constabulary,Cheshire Constabulary,-2.585590,53.398432,On or near Dickenson Street,E01033303,Warrington 017G,Anti-social behaviour,,
,2014-05,Cheshire Constabulary,Cheshire Constabulary,-2.588112,53.398069,On or near Supermarket,E01033303,Warrington 017G,Anti-social behaviour,,
,2014-05,Cheshire Constabulary,Cheshire Constabulary,-2.585590,53.398432,On or near Dickenson Street,E01033303,Warrington 017G,Anti-social behaviour,,
,2014-05,Cheshire Constabulary,Cheshire Constabulary,-2.586598,53.397339,On or near Back Forshaw Street,E01033303,Warrington 017G,Anti-social behaviour,,
,2014-05,Cheshire Constabulary,Cheshire Constabulary,-2.587347,53.397165,On or near Laira Street,E01033303,Warrington 017G,Anti-social behaviour,,
,2014-05,Cheshire Constabulary,Cheshire Constabulary,-2.585590,53.398432,On or near Dickenson Street,E01033303,Warrington 017G,Anti-social behaviour,,
,2014-05,Cheshire Constabulary,Cheshire Constabulary,-2.589979,53.398239,On or near Forster Street,E01033303,Warrington 017G,Anti-social behaviour,,
,2014-05,Cheshire Constabulary,Cheshire Constabulary,-2.588112,53.398069,On or near Supermarket,E01033303,Warrington 017G,Anti-social behaviour,,
,2014-05,Cheshire Constabulary,Cheshire Constabulary,-2.588112,53.398069,On or near Supermarket,E01033303,Warrington 017G,Anti-social behaviour,,
5493d466b5eb4c1a01adc91168819994c7e8c5765e2b1f3e3d1254de47a26e1e,2014-05,Cheshire Constabulary,Cheshire Constabulary,-2.586065,53.397989,On or near Leonard Street,E01033303,Warrington 017G,Burglary,Investigation complete; no suspect identified,
24b3eeb93f7f78618d4f935c17618137c9f213ea9306f4835c022bda4a920f87,2014-05,Cheshire Constabulary,Cheshire Constabulary,-2.588112,53.398069,On or near Supermarket,E01033303,Warrington 017G,Burglary,Investigation complete; no suspect identified,
d28e4363ef421ab6113b77c552ce6cd7174bbdb0c53689c29a2d44ce8483bf06,2014-05,Cheshire Constabulary,Cheshire Constabulary,-2.591404,53.397990,On or near Cyril Street,E01033303,Warrington 017G,Drugs,Under investigation,
94d7a01deb768cf4b7ececde937cb019a918bfdecafb85d99b094da013915b54,2014-05,Cheshire Constabulary,Cheshire Constabulary,-2.588857,53.398640,On or near Dudley Street,E01033303,Warrington 017G,Other theft,Unable to prosecute suspect,
a1682e9ed79bda9ab59206b48bb1a9e400a911aca4bd7bd4feb4847a34107921,2014-05,Cheshire Constabulary,Cheshire Constabulary,-2.585590,53.398432,On or near Dickenson Street,E01033303,Warrington 017G,Other theft,Investigation complete; no suspect identified,
3efa68d6faca76cfb6e12168072d90cbba5bec970051957d23480f348d6584b4,2014-05,Cheshire Constabulary,Cheshire Constabulary,-2.588112,53.398069,On or near Supermarket,E01033303,Warrington 017G,Shoplifting,Under investigation,
6f9913dde8080978b59bce74c0513db0d56df0728c91f5d5f5258bf6cbb9f165,2014-05,Cheshire Constabulary,Cheshire Constabulary,-2.588112,53.398069,On or near Supermarket,E01033303,Warrington 017G,Shoplifting,Offender given conditional discharge,
f877bf9a7a0dd180d23f31e9d5cde147b4c1f50cba2a4fbbd5b6c0bce8d81178,2014-05,Cheshire Constabulary,Cheshire Constabulary,-2.588112,53.398069,On or near Supermarket,E01033303,Warrington 017G,Shoplifting,Under investigation,
9c9e531710b00d2158852a417f678488ae340347805662634fc250006b7d74a8,2014-05,Cheshire Constabulary,Cheshire Constabulary,-2.588112,53.398069,On or near Supermarket,E01033303,Warrington 017G,Shoplifting,Awaiting court outcome,
9a608477b159db1238555527cb78263b59f34a3ebcd259e8f4cfa42b93a610ab,2014-05,Cheshire Constabulary,Cheshire Constabulary,-2.588112,53.398069,On or near Supermarket,E01033303,Warrington 017G,Shoplifting,Offender given a caution,
a891158f5ad4f219e5e7e628d20e6d0327c178a4d6fe6167829b7d9ed6017a7c,2014-05,Cheshire Constabulary,Cheshire Constabulary,-2.588112,53.398069,On or near Supermarket,E01033303,Warrington 017G,Shoplifting,Offender given community sentence,
bc1645e42afa78d5a98cbdf98767adc68168cc833a25db477a190490616b60bb,2014-05,Cheshire Constabulary,Cheshire Constabulary,-2.588112,53.398069,On or near Supermarket,E01033303,Warrington 017G,Shoplifting,Under investigation,
61151059067138e723cf99b3a3f426278b0732d41e26477aa3e41c7727abeb18,2014-05,Cheshire Constabulary,Cheshire Constabulary,-2.588112,53.398069,On or near Supermarket,E01033303,Warrington 017G,Shoplifting,Investigation complete; no suspect identified,
719967557bcedcd53844c0e866107e1102593a3504183865e5826efc52447ffe,2014-05,Cheshire Constabulary,Cheshire Constabulary,-2.589979,53.398239,On or near Forster Street,E01033303,Warrington 017G,Vehicle crime,Investigation complete; no suspect identified,
c22bf6950d80ad41483d515e07af4eb3901e47aea11a5ba4efdad1b0441b1433,2014-05,Cheshire Constabulary,Cheshire Constabulary,-2.586421,53.397574,On or near Forshaw Street,E01033303,Warrington 017G,Other crime,Under investigation,
,2014-05,Cheshire Constabulary,Cheshire Constabulary,-2.614683,53.387436,On or near Sports/Recreation Area,E01012458,Warrington 018B,Anti-social behaviour,,
,2014-05,Cheshire Constabulary,Cheshire Constabulary,-2.614694,53.386079,On or near Samuel Street,E01012458,Warrington 018B,Anti-social behaviour,,
,2014-05,Cheshire Constabulary,Cheshire Constabulary,-2.616598,53.382554,On or near Tulip Grove,E01012458,Warrington 018B,Anti-social behaviour,,
,2014-05,Cheshire Constabulary,Cheshire Constabulary,-2.612334,53.387187,On or near Bramhall Street,E01012458,Warrington 018B,Anti-social behaviour,,
,2014-05,Cheshire Constabulary,Cheshire Constabulary,-2.618859,53.384053,On or near Bond Close,E01012458,Warrington 018B,Anti-social behaviour,,
,2014-05,Cheshire Constabulary,Cheshire Constabulary,-2.616566,53.384541,On or near Booth Street,E01012458,Warrington 018B,Anti-social behaviour,,
4662fc328bd44d697da35a01835c77e6af8ac7c2ae9d7558a5d99b33358c6484,2014-05,Cheshire Constabulary,Cheshire Constabulary,-2.614694,53.386079,On or near Samuel Street,E01012458,Warrington 018B,Burglary,Investigation complete; no suspect identified,
97cc0793a6025fa1b50fc47a48f3259d6eba43a5bd5ebfeabdd476439aa7c51b,2014-05,Cheshire Constabulary,Cheshire Constabulary,-2.621064,53.382639,On or near Barnard Street,E01012458,Warrington 018B,Burglary,Under investigation,
3de290a4667ab767057622c71880c233f0b69146a9c4aa0ddf2eafb15e01f0b3,2014-05,Cheshire Constabulary,Cheshire Constabulary,-2.621660,53.383319,On or near Hepherd Street,E01012458,Warrington 018B,Burglary,Investigation complete; no suspect identified,
8100e10f04ac5c2c8d49d9b91112613d67d3b9231ff6c35c58c9c72c77dee9e9,2014-05,Cheshire Constabulary,Cheshire Constabulary,-2.621660,53.383319,On or near Hepherd Street,E01012458,Warrington 018B,Burglary,Investigation complete; no suspect identified,
a63e7308a746fc8d3eef5e92c3b0ea3bace192c286f0bf096b1fb40bad67204b,2014-05,Cheshire Constabulary,Cheshire Constabulary,-2.611352,53.387867,On or near Lancaster Street,E01012458,Warrington 018B,Criminal damage and arson,Investigation complete; no suspect identified,
c024d299c58fcbaaa075cbcd3d28ad9422e1636e7e0af5b06c417302debf87d6,2014-05,Cheshire Constabulary,Cheshire Constabulary,-2.614694,53.386079,On or near Samuel Street,E01012458,Warrington 018B,Criminal damage and arson,Investigation complete; no suspect identified,
b0bacd1be2070f425370856abf7c4382834c108ec299c197eb4bec3cef26616c,2014-05,Cheshire Constabulary,Cheshire Constabulary,-2.620645,53.384870,On or near Broadhurst Avenue,E01012458,Warrington 018B,Criminal damage and arson,Formal action is not in the public interest,
23d1ccd70642d8888ff05ab440f416880e7d4f053b22246f16b532c5c45a9eba,2014-05,Cheshire Constabulary,Cheshire Constabulary,-2.616313,53.383661,On or near Lavender Gardens,E01012458,Warrington 018B,Other theft,Investigation complete; no suspect identified,
328bcb4fe07eb4c554e881e7ef3d5b72a009ac038862d447d38794efbe43a42d,2014-05,Cheshire Constabulary,Cheshire Constabulary,-2.614694,53.386079,On or near Samuel Street,E01012458,Warrington 018B,Theft from the person,Unable to prosecute suspect,
5ba39656cb8820e4b22bef907edbb476b1e751d28bc377839967123debad3bf9,2014-05,Cheshire Constabulary,Cheshire Constabulary,-2.614954,53.391605,On or near Norley Close,E01012458,Warrington 018B,Vehicle crime,Investigation complete; no suspect identified,
3c12cac17833dd852fd331dc994c29c10c152a23271052280141eec76b09c87a,2014-05,Cheshire Constabulary,Cheshire Constabulary,-2.613930,53.388393,On or near Sankey Way,E01012458,Warrington 018B,Violence and sexual offences,Local resolution,
a641d42f109e8cde1c8ddb4c8d5bd4ed8d761b5d27c79107a187862570944f5b,2014-05,Cheshire Constabulary,Cheshire Constabulary,-2.614694,53.386079,On or near Samuel Street,E01012458,Warrington 018B,Violence and sexual offences,Under investigation,
6c03f08aa4fd8734414fbc735e83793537fdcb0cf759c9e9c60fe0ec1f894f0f,2014-05,Cheshire Constabulary,Cheshire Constabulary,-2.614689,53.383652,On or near Bluebell Road,E01012458,Warrington 018B,Violence and sexual offences,Under investigation,
59114017ca72ef87bddff3aede172cb87cc7581398728bbf685d849b46d75178,2014-05,Cheshire Constabulary,Cheshire Constabulary,-2.614683,53.387436,On or near Sports/Recreation Area,E01012458,Warrington 018B,Violence and sexual offences,Awaiting court outcome,
2b1556cc782e69f9130baa63c01c4a8491b9decfe7d3f8bd693325111e9bcb08,2014-05,Cheshire Constabulary,Cheshire Constabulary,-2.622823,53.383663,On or near Bridgeman Street,E01012458,Warrington 018B,Violence and sexual offences,Under investigation,
,2014-05,Cheshire Constabulary,Cheshire Constabulary,-2.590312,53.395110,On or near Norman Street,E01012483,Warrington 018C,Anti-social behaviour,,
,2014-05,Cheshire Constabulary,Cheshire Constabulary,-2.588637,53.396880,On or near Parking Area,E01012483,Warrington 018C,Anti-social behaviour,,
,2014-05,Cheshire Constabulary,Cheshire Constabulary,-2.592622,53.395817,On or near Oliver Street,E01012483,Warrington 018C,Anti-social behaviour,,
,2014-05,Cheshire Constabulary,Cheshire Constabulary,-2.587816,53.396218,On or near Annie Street,E01012483,Warrington 018C,Anti-social behaviour,,
,2014-05,Cheshire Constabulary,Cheshire Constabulary,-2.590497,53.396538,On or near Grounds Street,E01012483,Warrington 018C,Anti-social behaviour,,
,2014-05,Cheshire Constabulary,Cheshire Constabulary,-2.587816,53.396218,On or near Annie Street,E01012483,Warrington 018C,Anti-social behaviour,,
,2014-05,Cheshire Constabulary,Cheshire Constabulary,-2.587382,53.396400,On or near Sharp Street,E01012483,Warrington 018C,Anti-social behaviour,,
,2014-05,Cheshire Constabulary,Cheshire Constabulary,-2.590418,53.397356,On or near St Benedicts Close,E01012483,Warrington 018C,Anti-social behaviour,,
,2014-05,Cheshire Constabulary,Cheshire Constabulary,-2.593432,53.396694,On or near Bluecoat Street,E01012483,Warrington 018C,Anti-social behaviour,,
,2014-05,Cheshire Constabulary,Cheshire Constabulary,-2.590418,53.397356,On or near St Benedicts Close,E01012483,Warrington 018C,Anti-social behaviour,,
,2014-05,Cheshire Constabulary,Cheshire Constabulary,-2.592989,53.398350,On or near Watkin Street,E01012483,Warrington 018C,Anti-social behaviour,,
,2014-05,Cheshire Constabulary,Cheshire Constabulary,-2.590418,53.397356,On or near St Benedicts Close,E01012483,Warrington 018C,Anti-social behaviour,,
,2014-05,Cheshire Constabulary,Cheshire Constabulary,-2.592622,53.395817,On or near Oliver Street,E01012483,Warrington 018C,Anti-social behaviour,,
,2014-05,Cheshire Constabulary,Cheshire Constabulary,-2.587816,53.396218,On or near Annie Street,E01012483,Warrington 018C,Anti-social behaviour,,
,2014-05,Cheshire Constabulary,Cheshire Constabulary,-2.592622,53.395817,On or near Oliver Street,E01012483,Warrington 018C,Anti-social behaviour,,
,2014-05,Cheshire Constabulary,Cheshire Constabulary,-2.587816,53.396218,On or near Annie Street,E01012483,Warrington 018C,Anti-social behaviour,,
,2014-05,Cheshire Constabulary,Cheshire Constabulary,-2.590418,53.397356,On or near St Benedicts Close,E01012483,Warrington 018C,Anti-social behaviour,,
3eb83fbe6cf92430a6c06661c71f0c3b3724e7508a91bf3c45bf9678d0470d7e,2014-05,Cheshire Constabulary,Cheshire Constabulary,-2.588067,53.394788,On or near St Peter'S Way,E01012483,Warrington 018C,Bicycle theft,Investigation complete; no suspect identified,
860b46c6aa44b88bb9a7aa6c0861eb7879c13ec1be973099601c4af334366ce6,2014-05,Cheshire Constabulary,Cheshire Constabulary,-2.589559,53.393936,On or near Lythgoes Lane,E01012483,Warrington 018C,Burglary,Investigation complete; no suspect identified,
167924777a5d2093878c2bc4f9a66831b6e9dc6822dc2eec969bde07b83f6b27,2014-05,Cheshire Constabulary,Cheshire Constabulary,-2.589559,53.393936,On or near Lythgoes Lane,E01012483,Warrington 018C,Burglary,Investigation complete; no suspect identified,
8952b8f09991a1fdce1878ff69c9568423636fbec6436a803c7f68cade70228a,2014-05,Cheshire Constabulary,Cheshire Constabulary,-2.591909,53.398571,On or near Hale Street,E01012483,Warrington 018C,Burglary,Under investigation,
74e60db3b8e92a16a752e65d613bd5e401012cfc9d779082dd0c8b067d394ef4,2014-05,Cheshire Constabulary,Cheshire Constabulary,-2.591629,53.396838,On or near Sports/Recreation Area,E01012483,Warrington 018C,Criminal damage and arson,Investigation complete; no suspect identified,
9cb818e0db825c274cf64f7ffb7c1db3e5d3af485ca4345a92eccc9e68aa5171,2014-05,Cheshire Constabulary,Cheshire Constabulary,-2.592989,53.398350,On or near Watkin Street,E01012483,Warrington 018C,Criminal damage and arson,Under investigation,
755c45ed593883e34d5920de05af39bcd3049aacf590bb92b59bc2d8cce3db7d,2014-05,Cheshire Constabulary,Cheshire Constabulary,-2.589471,53.396327,On or near Cobden Street,E01012483,Warrington 018C,Criminal damage and arson,Investigation complete; no suspect identified,
127d9d0af955ecac8fccb0cd476ea972c64c3b6ed5e6f3b3ca773f7b63ab02f1,2014-05,Cheshire Constabulary,Cheshire Constabulary,-2.594249,53.398146,On or near Owen Street,E01012483,Warrington 018C,Other theft,Under investigation,
bb5f4315fc8e207342474cbb55d3f1dc3934f2ad11649c1855c0f7d67a9299fb,2014-05,Cheshire Constabulary,Cheshire Constabulary,-2.594249,53.398146,On or near Owen Street,E01012483,Warrington 018C,Other theft,Investigation complete; no suspect identified,
eef2f981c306afe308f0d8ae51216e0c3c0eaaa58ff2714b89c9d77262c6fb35,2014-05,Cheshire Constabulary,Cheshire Constabulary,-2.590497,53.396538,On or near Grounds Street,E01012483,Warrington 018C,Public order,Unable to prosecute suspect,
4f0d5cb8079b6a8ee7360217b45b9bc9b6a9a8b126fb5cd556d78514f5675f81,2014-05,Cheshire Constabulary,Cheshire Constabulary,-2.589406,53.397065,On or near Orford Lane,E01012483,Warrington 018C,Violence and sexual offences,Under investigation,
bbe5092b32c44e248d8f6d05fa88f55a0ab35baa8358d21b29581e8bb8ca32a9,2014-05,Cheshire Constabulary,Cheshire Constabulary,-2.586833,53.395846,On or near Scott Street,E01012483,Warrington 018C,Violence and sexual offences,Under investigation,
d4a556d1d3dd336e290e841e23c12afd597ddea976218ee20f50cf0458cb3fb2,2014-05,Cheshire Constabulary,Cheshire Constabulary,-2.587816,53.396218,On or near Annie Street,E01012483,Warrington 018C,Violence and sexual offences,Under investigation,
,2014-05,Cheshire Constabulary,Cheshire Constabulary,-2.594863,53.372076,On or near Camberwell Drive,E01012509,Warrington 018D,Anti-social behaviour,,
ede2aff86273c99e1e6208670c11da5565983a3ca166bfc24b2a9ed4b7a23c41,2014-05,Cheshire Constabulary,Cheshire Constabulary,-2.583256,53.374048,On or near Greenbank Street,E01012509,Warrington 018D,Drugs,Awaiting court outcome,
e6c46407c05a6a46fb7eadfc25d3b45b25b3ff81f5961831526739a7a420f32c,2014-05,Cheshire Constabulary,Cheshire Constabulary,-2.583256,53.374048,On or near Greenbank Street,E01012509,Warrington 018D,Other theft,Awaiting court outcome,
857e3dae2ec6619540a58e78d2033ceb70c697412c5b7d9961f254c72eca2f5d,2014-05,Cheshire Constabulary,Cheshire Constabulary,-2.585684,53.373497,On or near Petrol Station,E01012509,Warrington 018D,Other theft,Investigation complete; no suspect identified,
56498e32465c78b78e7c75e2bda4857177564425420890a45a13700d518e8d3e,2014-05,Cheshire Constabulary,Cheshire Constabulary,-2.587095,53.373400,On or near Coopers Place,E01012509,Warrington 018D,Violence and sexual offences,Local resolution,
59feb9c7d36b9292ec7e522d1be4e6ff3e115a43af85388b60d29f19277e9092,2014-05,Cheshire Constabulary,Cheshire Constabulary,-2.583256,53.374048,On or near Greenbank Street,E01012509,Warrington 018D,Violence and sexual offences,Under investigation,
,2014-05,Cheshire Constabulary,Cheshire Constabulary,-2.592463,53.382209,On or near Dunlop Street,E01012512,Warrington 018E,Anti-social behaviour,,
,2014-05,Cheshire Constabulary,Cheshire Constabulary,-2.592463,53.382209,On or near Dunlop Street,E01012512,Warrington 018E,Anti-social behaviour,,
,2014-05,Cheshire Constabulary,Cheshire Constabulary,-2.593081,53.381208,On or near Adamson Street,E01012512,Warrington 018E,Anti-social behaviour,,
,2014-05,Cheshire Constabulary,Cheshire Constabulary,-2.597775,53.392178,On or near Allen Street,E01033300,Warrington 018F,Anti-social behaviour,,
,2014-05,Cheshire Constabulary,Cheshire Constabulary,-2.592734,53.389749,On or near Hill Street,E01033300,Warrington 018F,Anti-social behaviour,,
,2014-05,Cheshire Constabulary,Cheshire Constabulary,-2.595748,53.392386,On or near Chapel Yard,E01033300,Warrington 018F,Anti-social behaviour,,
,2014-05,Cheshire Constabulary,Cheshire Constabulary,-2.592362,53.390057,On or near Town Hill,E01033300,Warrington 018F,Anti-social behaviour,,
,2014-05,Cheshire Constabulary,Cheshire Constabulary,-2.597441,53.396270,On or near Dallam Lane,E01033300,Warrington 018F,Anti-social behaviour,,
,2014-05,Cheshire Constabulary,Cheshire Constabulary,-2.592274,53.386974,On or near Bridge Street,E01033300,Warrington 018F,Anti-social behaviour,,
,2014-05,Cheshire Constabulary,Cheshire Constabulary,-2.592274,53.386974,On or near Bridge Street,E01033300,Warrington 018F,Anti-social behaviour,,
,2014-05,Cheshire Constabulary,Cheshire Constabulary,-2.596703,53.386494,On or near Further/Higher Educational Building,E01033300,Warrington 018F,Anti-social behaviour,,
,2014-05,Cheshire Constabulary,Cheshire Constabulary,-2.598915,53.386671,On or near Museum Street,E01033300,Warrington 018F,Anti-social behaviour,,
,2014-05,Cheshire Constabulary,Cheshire Constabulary,-2.587873,53.389486,On or near Smith Street,E01033300,Warrington 018F,Anti-social behaviour,,
,2014-05,Cheshire Constabulary,Cheshire Constabulary,-2.597567,53.385968,On or near Wilson Patten Street,E01033300,Warrington 018F,Anti-social behaviour,,
,2014-05,Cheshire Constabulary,Cheshire Constabulary,-2.592571,53.387809,On or near Nightclub,E01033300,Warrington 018F,Anti-social behaviour,,
,2014-05,Cheshire Constabulary,Cheshire Constabulary,-2.592274,53.386974,On or near Bridge Street,E01033300,Warrington 018F,Anti-social behaviour,,
,2014-05,Cheshire Constabulary,Cheshire Constabulary,-2.587580,53.390026,On or near Dial Street,E01033300,Warrington 018F,Anti-social behaviour,,
,2014-05,Cheshire Constabulary,Cheshire Constabulary,-2.592078,53.392377,On or near Parking Area,E01033300,Warrington 018F,Anti-social behaviour,,
,2014-05,Cheshire Constabulary,Cheshire Constabulary,-2.592734,53.389749,On or near Hill Street,E01033300,Warrington 018F,Anti-social behaviour,,
,2014-05,Cheshire Constabulary,Cheshire Constabulary,-2.600253,53.387698,On or near Henry Street,E01033300,Warrington 018F,Anti-social behaviour,,
,2014-05,Cheshire Constabulary,Cheshire Constabulary,-2.588436,53.388845,On or near Blackhurst Street,E01033300,Warrington 018F,Anti-social behaviour,,
,2014-05,Cheshire Constabulary,Cheshire Constabulary,-2.592571,53.387809,On or near Nightclub,E01033300,Warrington 018F,Anti-social behaviour,,
,2014-05,Cheshire Constabulary,Cheshire Constabulary,-2.600253,53.387698,On or near Henry Street,E01033300,Warrington 018F,Anti-social behaviour,,
,2014-05,Cheshire Constabulary,Cheshire Constabulary,-2.600253,53.387698,On or near Henry Street,E01033300,Warrington 018F,Anti-social behaviour,,
,2014-05,Cheshire Constabulary,Cheshire Constabulary,-2.595748,53.392386,On or near Chapel Yard,E01033300,Warrington 018F,Anti-social behaviour,,
,2014-05,Cheshire Constabulary,Cheshire Constabulary,-2.592274,53.386974,On or near Bridge Street,E01033300,Warrington 018F,Anti-social behaviour,,
,2014-05,Cheshire Constabulary,Cheshire Constabulary,-2.592571,53.387809,On or near Nightclub,E01033300,Warrington 018F,Anti-social behaviour,,
,2014-05,Cheshire Constabulary,Cheshire Constabulary,-2.592274,53.386974,On or near Bridge Street,E01033300,Warrington 018F,Anti-social behaviour,,
,2014-05,Cheshire Constabulary,Cheshire Constabulary,-2.593075,53.387276,On or near Friars Gate,E01033300,Warrington 018F,Anti-social behaviour,,
,2014-05,Cheshire Constabulary,Cheshire Constabulary,-2.591088,53.390333,On or near Pedestrian Subway,E01033300,Warrington 018F,Anti-social behaviour,,
,2014-05,Cheshire Constabulary,Cheshire Constabulary,-2.592274,53.386974,On or near Bridge Street,E01033300,Warrington 018F,Anti-social behaviour,,
,2014-05,Cheshire Constabulary,Cheshire Constabulary,-2.592274,53.386974,On or near Bridge Street,E01033300,Warrington 018F,Anti-social behaviour,,
,2014-05,Cheshire Constabulary,Cheshire Constabulary,-2.597567,53.385968,On or near Wilson Patten Street,E01033300,Warrington 018F,Anti-social behaviour,,
,2014-05,Cheshire Constabulary,Cheshire Constabulary,-2.595748,53.392386,On or near Chapel Yard,E01033300,Warrington 018F,Anti-social behaviour,,
,2014-05,Cheshire Constabulary,Cheshire Constabulary,-2.595054,53.390070,On or near Shopping Area,E01033300,Warrington 018F,Anti-social behaviour,,
,2014-05,Cheshire Constabulary,Cheshire Constabulary,-2.596703,53.386494,On or near Further/Higher Educational Building,E01033300,Warrington 018F,Anti-social behaviour,,
,2014-05,Cheshire Constabulary,Cheshire Constabulary,-2.588436,53.388845,On or near Blackhurst Street,E01033300,Warrington 018F,Anti-social behaviour,,
,2014-05,Cheshire Constabulary,Cheshire Constabulary,-2.592274,53.386974,On or near Bridge Street,E01033300,Warrington 018F,Anti-social behaviour,,
,2014-05,Cheshire Constabulary,Cheshire Constabulary,-2.597775,53.392178,On or near Allen Street,E01033300,Warrington 018F,Anti-social behaviour,,
,2014-05,Cheshire Constabulary,Cheshire Constabulary,-2.593075,53.387276,On or near Friars Gate,E01033300,Warrington 018F,Anti-social behaviour,,
,2014-05,Cheshire Constabulary,Cheshire Constabulary,-2.592274,53.386974,On or near Bridge Street,E01033300,Warrington 018F,Anti-social behaviour,,
,2014-05,Cheshire Constabulary,Cheshire Constabulary,-2.594282,53.386506,On or near Stanley Street,E01033300,Warrington 018F,Anti-social behaviour,,
,2014-05,Cheshire Constabulary,Cheshire Constabulary,-2.592274,53.386974,On or near Bridge Street,E01033300,Warrington 018F,Anti-social behaviour,,
,2014-05,Cheshire Constabulary,Cheshire Constabulary,-2.595275,53.387615,On or near Suez Street,E01033300,Warrington 018F,Anti-social behaviour,,
,2014-05,Cheshire Constabulary,Cheshire Constabulary,-2.600253,53.387698,On or near Henry Street,E01033300,Warrington 018F,Anti-social behaviour,,
,2014-05,Cheshire Constabulary,Cheshire Constabulary,-2.600253,53.387698,On or near Henry Street,E01033300,Warrington 018F,Anti-social behaviour,,
,2014-05,Cheshire Constabulary,Cheshire Constabulary,-2.590220,53.390688,On or near Shopping Area,E01033300,Warrington 018F,Anti-social behaviour,,
,2014-05,Cheshire Constabulary,Cheshire Constabulary,-2.592571,53.387809,On or near Nightclub,E01033300,Warrington 018F,Anti-social behaviour,,
,2014-05,Cheshire Constabulary,Cheshire Constabulary,-2.595448,53.388127,On or near Egypt Street,E01033300,Warrington 018F,Anti-social behaviour,,
,2014-05,Cheshire Constabulary,Cheshire Constabulary,-2.590220,53.390688,On or near Shopping Area,E01033300,Warrington 018F,Anti-social behaviour,,
,2014-05,Cheshire Constabulary,Cheshire Constabulary,-2.592274,53.386974,On or near Bridge Street,E01033300,Warrington 018F,Anti-social behaviour,,
,2014-05,Cheshire Constabulary,Cheshire Constabulary,-2.592274,53.386974,On or near Bridge Street,E01033300,Warrington 018F,Anti-social behaviour,,
,2014-05,Cheshire Constabulary,Cheshire Constabulary,-2.596703,53.386494,On or near Further/Higher Educational Building,E01033300,Warrington 018F,Anti-social behaviour,,
,2014-05,Cheshire Constabulary,Cheshire Constabulary,-2.592274,53.386974,On or near Bridge Street,E01033300,Warrington 018F,Anti-social behaviour,,
,2014-05,Cheshire Constabulary,Cheshire Constabulary,-2.592274,53.386974,On or near Bridge Street,E01033300,Warrington 018F,Anti-social behaviour,,
,2014-05,Cheshire Constabulary,Cheshire Constabulary,-2.600253,53.387698,On or near Henry Street,E01033300,Warrington 018F,Anti-social behaviour,,
,2014-05,Cheshire Constabulary,Cheshire Constabulary,-2.597446,53.393375,On or near Marson Street,E01033300,Warrington 018F,Anti-social behaviour,,
,2014-05,Cheshire Constabulary,Cheshire Constabulary,-2.591088,53.390333,On or near Pedestrian Subway,E01033300,Warrington 018F,Anti-social behaviour,,
,2014-05,Cheshire Constabulary,Cheshire Constabulary,-2.600253,53.387698,On or near Henry Street,E01033300,Warrington 018F,Anti-social behaviour,,
,2014-05,Cheshire Constabulary,Cheshire Constabulary,-2.596703,53.386494,On or near Further/Higher Educational Building,E01033300,Warrington 018F,Anti-social behaviour,,
,2014-05,Cheshire Constabulary,Cheshire Constabulary,-2.595976,53.390461,On or near Bus/Coach Station,E01033300,Warrington 018F,Anti-social behaviour,,
,2014-05,Cheshire Constabulary,Cheshire Constabulary,-2.592362,53.390057,On or near Town Hill,E01033300,Warrington 018F,Anti-social behaviour,,
,2014-05,Cheshire Constabulary,Cheshire Constabulary,-2.592571,53.387809,On or near Nightclub,E01033300,Warrington 018F,Anti-social behaviour,,
,2014-05,Cheshire Constabulary,Cheshire Constabulary,-2.593190,53.391248,On or near Westminster Place,E01033300,Warrington 018F,Anti-social behaviour,,
,2014-05,Cheshire Constabulary,Cheshire Constabulary,-2.597446,53.393375,On or near Marson Street,E01033300,Warrington 018F,Anti-social behaviour,,
,2014-05,Cheshire Constabulary,Cheshire Constabulary,-2.592734,53.389749,On or near Hill Street,E01033300,Warrington 018F,Anti-social behaviour,,
,2014-05,Cheshire Constabulary,Cheshire Constabulary,-2.592065,53.389240,On or near Horrocks Lane,E01033300,Warrington 018F,Anti-social behaviour,,
,2014-05,Cheshire Constabulary,Cheshire Constabulary,-2.592274,53.386974,On or near Bridge Street,E01033300,Warrington 018F,Anti-social behaviour,,
,2014-05,Cheshire Constabulary,Cheshire Constabulary,-2.595748,53.392386,On or near Chapel Yard,E01033300,Warrington 018F,Anti-social behaviour,,
,2014-05,Cheshire Constabulary,Cheshire Constabulary,-2.592274,53.386974,On or near Bridge Street,E01033300,Warrington 018F,Anti-social behaviour,,
,2014-05,Cheshire Constabulary,Cheshire Constabulary,-2.598348,53.388013,On or near Springfield Street,E01033300,Warrington 018F,Anti-social behaviour,,
,2014-05,Cheshire Constabulary,Cheshire Constabulary,-2.592249,53.391693,On or near Crown Street,E01033300,Warrington 018F,Anti-social behaviour,,
,2014-05,Cheshire Constabulary,Cheshire Constabulary,-2.594842,53.387860,On or near Cairo Street,E01033300,Warrington 018F,Anti-social behaviour,,
,2014-05,Cheshire Constabulary,Cheshire Constabulary,-2.592362,53.390057,On or near Town Hill,E01033300,Warrington 018F,Anti-social behaviour,,
,2014-05,Cheshire Constabulary,Cheshire Constabulary,-2.592571,53.387809,On or near Nightclub,E01033300,Warrington 018F,Anti-social behaviour,,
,2014-05,Cheshire Constabulary,Cheshire Constabulary,-2.592274,53.386974,On or near Bridge Street,E01033300,Warrington 018F,Anti-social behaviour,,
,2014-05,Cheshire Constabulary,Cheshire Constabulary,-2.592274,53.386974,On or near Bridge Street,E01033300,Warrington 018F,Anti-social behaviour,,
,2014-05,Cheshire Constabulary,Cheshire Constabulary,-2.593075,53.387276,On or near Friars Gate,E01033300,Warrington 018F,Anti-social behaviour,,
,2014-05,Cheshire Constabulary,Cheshire Constabulary,-2.595054,53.390070,On or near Shopping Area,E01033300,Warrington 018F,Anti-social behaviour,,
,2014-05,Cheshire Constabulary,Cheshire Constabulary,-2.598915,53.386671,On or near Museum Street,E01033300,Warrington 018F,Anti-social behaviour,,
,2014-05,Cheshire Constabulary,Cheshire Constabulary,-2.595054,53.390070,On or near Shopping Area,E01033300,Warrington 018F,Anti-social behaviour,,
,2014-05,Cheshire Constabulary,Cheshire Constabulary,-2.594154,53.383747,On or near Park Boulevard,E01033300,Warrington 018F,Anti-social behaviour,,
,2014-05,Cheshire Constabulary,Cheshire Constabulary,-2.595748,53.392386,On or near Chapel Yard,E01033300,Warrington 018F,Anti-social behaviour,,
,2014-05,Cheshire Constabulary,Cheshire Constabulary,-2.595054,53.390070,On or near Shopping Area,E01033300,Warrington 018F,Anti-social behaviour,,
,2014-05,Cheshire Constabulary,Cheshire Constabulary,-2.593879,53.387802,On or near Rylands Street,E01033300,Warrington 018F,Anti-social behaviour,,
,2014-05,Cheshire Constabulary,Cheshire Constabulary,-2.592249,53.391693,On or near Crown Street,E01033300,Warrington 018F,Anti-social behaviour,,
,2014-05,Cheshire Constabulary,Cheshire Constabulary,-2.592274,53.386974,On or near Bridge Street,E01033300,Warrington 018F,Anti-social behaviour,,
,2014-05,Cheshire Constabulary,Cheshire Constabulary,-2.595448,53.388127,On or near Egypt Street,E01033300,Warrington 018F,Anti-social behaviour,,
,2014-05,Cheshire Constabulary,Cheshire Constabulary,-2.597446,53.393375,On or near Marson Street,E01033300,Warrington 018F,Anti-social behaviour,,
,2014-05,Cheshire Constabulary,Cheshire Constabulary,-2.592274,53.386974,On or near Bridge Street,E01033300,Warrington 018F,Anti-social behaviour,,
,2014-05,Cheshire Constabulary,Cheshire Constabulary,-2.597446,53.393375,On or near Marson Street,E01033300,Warrington 018F,Anti-social behaviour,,
2a4da44572ee70890a1c63614d036ae80d986ed7429353d47c99430af09f643e,2014-05,Cheshire Constabulary,Cheshire Constabulary,-2.591088,53.390333,On or near Pedestrian Subway,E01033300,Warrington 018F,Bicycle theft,Investigation complete; no suspect identified,
ec1944517f187ec868a0f102a285f8929a43ad3245933f1a929c085570b1268c,2014-05,Cheshire Constabulary,Cheshire Constabulary,-2.595054,53.390070,On or near Shopping Area,E01033300,Warrington 018F,Bicycle theft,Under investigation,
ea20eeb65af4ef7bf3b65e239ffbc89dc9f1ec64463c8f3163f1dd934dddac5a,2014-05,Cheshire Constabulary,Cheshire Constabulary,-2.595061,53.390565,On or near Shopping Area,E01033300,Warrington 018F,Bicycle theft,Investigation complete; no suspect identified,
43ac6a2a9205d2ed000bbac665b7e649682b2df20dcc19f7278185efa3d040e3,2014-05,Cheshire Constabulary,Cheshire Constabulary,-2.593890,53.394004,On or near Winwick Street,E01033300,Warrington 018F,Bicycle theft,Investigation complete; no suspect identified,
584f5dff0ef6e7e7b89424d2c7dd8e0198226a8f4466f0e1290be840553285b0,2014-05,Cheshire Constabulary,Cheshire Constabulary,-2.596920,53.389126,On or near Regent Street,E01033300,Warrington 018F,Bicycle theft,Investigation complete; no suspect identified,
b6fd3d045470db272d40af4cd9e85f32965f0a304a72096ab8e94b7b7038b5ba,2014-05,Cheshire Constabulary,Cheshire Constabulary,-2.600253,53.387698,On or near Henry Street,E01033300,Warrington 018F,Burglary,Under investigation,
7a8fd2050652d2f1fb4338cb901f01883c7af412c2bde6a4132f8042369859cb,2014-05,Cheshire Constabulary,Cheshire Constabulary,-2.588845,53.390137,On or near Naylor Street,E01033300,Warrington 018F,Burglary,Investigation complete; no suspect identified,
4fbc5c13111cb34b15ce0a93124a26c4822d88164743ed5a651571c04fde5f58,2014-05,Cheshire Constabulary,Cheshire Constabulary,-2.598915,53.386671,On or near Museum Street,E01033300,Warrington 018F,Burglary,Investigation complete; no suspect identified,
530b2522c02cb08e6b8c4d0448d41c489cf62dde3ac5374e7aa3533521f2cd77,2014-05,Cheshire Constabulary,Cheshire Constabulary,-2.587873,53.389486,On or near Smith Street,E01033300,Warrington 018F,Burglary,Under investigation,
6948707382169f1061aefec8e1d52fc63e719718f06022fdd7c000171c3d47a2,2014-05,Cheshire Constabulary,Cheshire Constabulary,-2.596703,53.386494,On or near Further/Higher Educational Building,E01033300,Warrington 018F,Burglary,Under investigation,
eb63b260df9a5e2f2a548d1ae49d57beeddee7f232be2420023089a4e5ab6a7e,2014-05,Cheshire Constabulary,Cheshire Constabulary,-2.599094,53.391902,On or near Rolleston Street,E01033300,Warrington 018F,Criminal damage and arson,Under investigation,
ffd1091bc84325bbf6f5b47fcc498cf5316b19ac231097e08387d2dd076d05f0,2014-05,Cheshire Constabulary,Cheshire Constabulary,-2.592734,53.389749,On or near Hill Street,E01033300,Warrington 018F,Criminal damage and arson,Under investigation,
6e055f4cfbc6d55172b7bcbe0c0c3a59c8146d0810356e0cd9fea9d5ed45b7af,2014-05,Cheshire Constabulary,Cheshire Constabulary,-2.591526,53.386124,On or near Bridge Street,E01033300,Warrington 018F,Drugs,Offender given penalty notice,
ec797eb766827e5624e4efcb3cf8ba9a754307089af0928207559377e87f6a91,2014-05,Cheshire Constabulary,Cheshire Constabulary,-2.596724,53.392336,On or near Bewsey Street,E01033300,Warrington 018F,Drugs,Offender given a caution,
0400d9b0d8253f126ed3d0f26deae015fe10d3023c6222c89ec1cda672dc7e51,2014-05,Cheshire Constabulary,Cheshire Constabulary,-2.592733,53.385408,On or near Arpley Road,E01033300,Warrington 018F,Drugs,Offender given a caution,
47c2e9dd12899c07f61585be3c61017f63ef853e69e634cd17bfb96993cc5d5a,2014-05,Cheshire Constabulary,Cheshire Constabulary,-2.592274,53.386974,On or near Bridge Street,E01033300,Warrington 018F,Drugs,Awaiting court outcome,
2f5ee893b94530a950d31ab67e1f887003fbc563143490f616068423ccfff49c,2014-05,Cheshire Constabulary,Cheshire Constabulary,-2.592065,53.389240,On or near Horrocks Lane,E01033300,Warrington 018F,Drugs,Offender given a caution,
8ab0ec654d9dfd3d8c36773887193555b044468698f8fe54af1065cfb10dae6e,2014-05,Cheshire Constabulary,Cheshire Constabulary,-2.592274,53.386974,On or near Bridge Street,E01033300,Warrington 018F,Drugs,Offender given a drugs possession warning,
f9c589af9a7534283340544a92361e9e427f566d86b036b76153a7941aeca797,2014-05,Cheshire Constabulary,Cheshire Constabulary,-2.592733,53.385408,On or near Arpley Road,E01033300,Warrington 018F,Drugs,Offender given a caution,
856cf4a6c697569ac66aa21596f3de646ee630276c04aa2b213a1172f1a763e0,2014-05,Cheshire Constabulary,Cheshire Constabulary,-2.592274,53.386974,On or near Bridge Street,E01033300,Warrington 018F,Drugs,Under investigation,
5ab06e8a290d03f3418cf841694a87883dd852f25428a60fd74e134a90e41d6b,2014-05,Cheshire Constabulary,Cheshire Constabulary,-2.592734,53.389749,On or near Hill Street,E01033300,Warrington 018F,Drugs,Offender given a caution,
2ef2c957f59ff36b313b3fff3f9c815c574c3beee70f52d295a244714c153f6a,2014-05,Cheshire Constabulary,Cheshire Constabulary,-2.592274,53.386974,On or near Bridge Street,E01033300,Warrington 018F,Other theft,Investigation complete; no suspect identified,
5313db0a2a2e64c8ac012cea74a0dae544829d78cb84e7c341c172f4280cc20c,2014-05,Cheshire Constabulary,Cheshire Constabulary,-2.592274,53.386974,On or near Bridge Street,E01033300,Warrington 018F,Other theft,Under investigation,
cfea2d1e54beca01df2d76310fee97a1d09a0805d25abf06594fae9999470d9e,2014-05,Cheshire Constabulary,Cheshire Constabulary,-2.595302,53.388478,On or near Shopping Area,E01033300,Warrington 018F,Other theft,Awaiting court outcome,
169a1c34f005430e7e54f87376df008e2dbf8fc57e2fc6da269571464ec78227,2014-05,Cheshire Constabulary,Cheshire Constabulary,-2.598348,53.388013,On or near Springfield Street,E01033300,Warrington 018F,Other theft,Investigation complete; no suspect identified,
e08484c7c1ab15c27057d3ff7e110c2f84edc4e5ee20253557b08c43efbf0389,2014-05,Cheshire Constabulary,Cheshire Constabulary,-2.590220,53.390688,On or near Shopping Area,E01033300,Warrington 018F,Other theft,Offender given a caution,
c9994f8c0e91398eabb647b340e39beed058517e34c29d3628496681bd8154d5,2014-05,Cheshire Constabulary,Cheshire Constabulary,-2.592733,53.385408,On or near Arpley Road,E01033300,Warrington 018F,Other theft,Investigation complete; no suspect identified,
3b2febc7ea87f64c838dfc850d9493ba6478bd6f499c69cde41dfa60bbec2c22,2014-05,Cheshire Constabulary,Cheshire Constabulary,-2.593075,53.387276,On or near Friars Gate,E01033300,Warrington 018F,Other theft,Investigation complete; no suspect identified,
aee5a53bdbfd3db90ad1003acbab7357ee644eb9f283bd3148a7319b61025833,2014-05,Cheshire Constabulary,Cheshire Constabulary,-2.592078,53.392377,On or near Parking Area,E01033300,Warrington 018F,Other theft,Investigation complete; no suspect identified,
63007404672fc82ff41e32148397b923add6b2668194514de416c7dc60486601,2014-05,Cheshire Constabulary,Cheshire Constabulary,-2.591317,53.390610,On or near Shopping Area,E01033300,Warrington 018F,Other theft,Awaiting court outcome,
d59f28067ee2d9cb5b3353d3cbbc3cc7f56348e064d46509bbc4d35caf148c8e,2014-05,Cheshire Constabulary,Cheshire Constabulary,-2.595054,53.390070,On or near Shopping Area,E01033300,Warrington 018F,Other theft,Investigation complete; no suspect identified,
ab7949f63553e19f1673c7fba28c03726d4b701a6d326ca1a5a94eeb44ff4a16,2014-05,Cheshire Constabulary,Cheshire Constabulary,-2.598348,53.388013,On or near Springfield Street,E01033300,Warrington 018F,Other theft,Under investigation,
4d71ac4d15eb06ff096a39de5021bba008bf2e1ae7f44c155ed38eaeb4a25b97,2014-05,Cheshire Constabulary,Cheshire Constabulary,-2.595976,53.390461,On or near Bus/Coach Station,E01033300,Warrington 018F,Possession of weapons,Defendant sent to Crown Court,
f3e7d0eb3f157cb52b6a0009cfaae8565b6e37de5bbdd52ba9a7e3131f098ce3,2014-05,Cheshire Constabulary,Cheshire Constabulary,-2.595302,53.388478,On or near Shopping Area,E01033300,Warrington 018F,Public order,Awaiting court outcome,
f41f0e535da62394abe088071947581159e8eccdd31fe667ff85ce3d0929e166,2014-05,Cheshire Constabulary,Cheshire Constabulary,-2.593075,53.387276,On or near Friars Gate,E01033300,Warrington 018F,Public order,Offender given penalty notice,
cef93550e9f015fcb872b2286a97c33b984a635991ecb6077282a1d01b328ce6,2014-05,Cheshire Constabulary,Cheshire Constabulary,-2.592362,53.390057,On or near Town Hill,E01033300,Warrington 018F,Public order,Under investigation,
a60bef55f308357c576081afcfb6298d88bbf22ab486e423439197c239f78aef,2014-05,Cheshire Constabulary,Cheshire Constabulary,-2.597287,53.387434,On or near Palmyra Square South,E01033300,Warrington 018F,Public order,Formal action is not in the public interest,
49c87d4af1a58d2d46b20560a295dba1474fad4582d3483a5b4984e4287d920a,2014-05,Cheshire Constabulary,Cheshire Constabulary,-2.591088,53.390333,On or near Pedestrian Subway,E01033300,Warrington 018F,Public order,Offender given a caution,
6d818327c26eeed128541e5983ce6521bf2ce3095f0a1f3aa4b06870e55b2ca7,2014-05,Cheshire Constabulary,Cheshire Constabulary,-2.592274,53.386974,On or near Bridge Street,E01033300,Warrington 018F,Public order,Offender given penalty notice,
39b57243877f0fc0d983db1073834522bc0d9571f2593d24509387e9d3fc0373,2014-05,Cheshire Constabulary,Cheshire Constabulary,-2.592734,53.389749,On or near Hill Street,E01033300,Warrington 018F,Public order,Awaiting court outcome,
f61ee9c3f45ec893a7112295b90428890166b5146e2646fe4a8bef5efd054117,2014-05,Cheshire Constabulary,Cheshire Constabulary,-2.593075,53.387276,On or near Friars Gate,E01033300,Warrington 018F,Public order,Offender given penalty notice,
ea7fd5bb0eaedf05507e0d1709da75124ca1657250390153032a81ee115c9886,2014-05,Cheshire Constabulary,Cheshire Constabulary,-2.596703,53.386494,On or near Further/Higher Educational Building,E01033300,Warrington 018F,Public order,Unable to prosecute suspect,
7eb56ea22f14f0f199cb732489a42eb141a179ea2ebcf652fb61380fd2587d2d,2014-05,Cheshire Constabulary,Cheshire Constabulary,-2.590220,53.390688,On or near Shopping Area,E01033300,Warrington 018F,Shoplifting,Offender given conditional discharge,
774b55c46e7da4ad90a0c4d1fb9f710c184642d4c2481ace6e45172b32650026,2014-05,Cheshire Constabulary,Cheshire Constabulary,-2.590220,53.390688,On or near Shopping Area,E01033300,Warrington 018F,Shoplifting,Under investigation,
d37be9f4403ffece2fdcd0aa83e6b81c8ee44ad6447928f535f27c34a09111e9,2014-05,Cheshire Constabulary,Cheshire Constabulary,-2.590220,53.390688,On or near Shopping Area,E01033300,Warrington 018F,Shoplifting,Offender sent to prison,
fb27a2d45047a2ec15695587380f6551df329ef8644a68653c58b2cbf4435303,2014-05,Cheshire Constabulary,Cheshire Constabulary,-2.595079,53.396209,On or near Petrol Station,E01033300,Warrington 018F,Shoplifting,Awaiting court outcome,
e3d07292d4e288872a63f0f1eddeec334399757b8fad0beba7e4266502947c26,2014-05,Cheshire Constabulary,Cheshire Constabulary,-2.595079,53.396209,On or near Petrol Station,E01033300,Warrington 018F,Shoplifting,Investigation complete; no suspect identified,
859769cc85dd2cf2d996cd08600518ccfb9887e7377db1f5c194f82c59144557,2014-05,Cheshire Constabulary,Cheshire Constabulary,-2.595054,53.390070,On or near Shopping Area,E01033300,Warrington 018F,Shoplifting,Under investigation,
f5fe29b3bfb0b79e616cee6cb943e3de5b8b23dec865fbfff94e71d31b5c2bfc,2014-05,Cheshire Constabulary,Cheshire Constabulary,-2.592734,53.389749,On or near Hill Street,E01033300,Warrington 018F,Shoplifting,Awaiting court outcome,
cff157196a2c6a86f68d220557d1d56d04a211237ec96959244eed990433994b,2014-05,Cheshire Constabulary,Cheshire Constabulary,-2.590220,53.390688,On or near Shopping Area,E01033300,Warrington 018F,Shoplifting,Under investigation,
d25019064749be8fb20264df4db613ca1785064b3219dc4936c14804cf9cce7f,2014-05,Cheshire Constabulary,Cheshire Constabulary,-2.595054,53.390070,On or near Shopping Area,E01033300,Warrington 018F,Shoplifting,Investigation complete; no suspect identified,
58ea883696711b91c68650e85322b8a9fedcfca7329c9644f0dda2210c288e2b,2014-05,Cheshire Constabulary,Cheshire Constabulary,-2.595054,53.390070,On or near Shopping Area,E01033300,Warrington 018F,Shoplifting,Awaiting court outcome,
2178d97bd461da88cce1f43bf827ca7e157b1080b9e769b8276565a7a0a8717a,2014-05,Cheshire Constabulary,Cheshire Constabulary,-2.595275,53.387615,On or near Suez Street,E01033300,Warrington 018F,Shoplifting,Investigation complete; no suspect identified,
76221e278d5bb5584907898776b80dd002816504da4ff33b94ebc8b01867a660,2014-05,Cheshire Constabulary,Cheshire Constabulary,-2.595463,53.390320,On or near Shopping Area,E01033300,Warrington 018F,Shoplifting,Awaiting court outcome,
b015dda545f1369843f12f5ea5e37811b964025c25579903152799cf096ac9a3,2014-05,Cheshire Constabulary,Cheshire Constabulary,-2.590220,53.390688,On or near Shopping Area,E01033300,Warrington 018F,Shoplifting,Awaiting court outcome,
96f79cf4707b2d8da05a982c394dc80bc39539f6ae0a94261e6e24dbf4d031a6,2014-05,Cheshire Constabulary,Cheshire Constabulary,-2.595054,53.390070,On or near Shopping Area,E01033300,Warrington 018F,Shoplifting,Investigation complete; no suspect identified,
641f9dfd5de6ad105fce56280e08a35757067c61a6aa517a2a610d752b9ff1b2,2014-05,Cheshire Constabulary,Cheshire Constabulary,-2.590220,53.390688,On or near Shopping Area,E01033300,Warrington 018F,Shoplifting,Awaiting court outcome,
1c7a8ef83d0442df47ff0fb96528a4eb5534651f7afcb1ef90322dcbda486f7b,2014-05,Cheshire Constabulary,Cheshire Constabulary,-2.595463,53.390320,On or near Shopping Area,E01033300,Warrington 018F,Shoplifting,Local resolution,
db2c942666e21f9ff5f5e68ee2391e2d10471c25b9ce7f345fa1b7b1e190516b,2014-05,Cheshire Constabulary,Cheshire Constabulary,-2.596920,53.389126,On or near Regent Street,E01033300,Warrington 018F,Shoplifting,Under investigation,
828549059c16172b84e8ae74b9106ab3c65534b1bd780dfe1c080d2dea20fba7,2014-05,Cheshire Constabulary,Cheshire Constabulary,-2.595079,53.396209,On or near Petrol Station,E01033300,Warrington 018F,Shoplifting,Formal action is not in the public interest,
3744f75c1aa6500ae9d95399ed3cddb25f435e6feae72583eaecaab912c4fa6e,2014-05,Cheshire Constabulary,Cheshire Constabulary,-2.590220,53.390688,On or near Shopping Area,E01033300,Warrington 018F,Shoplifting,Under investigation,
50f9ca1d5e5f1f38132d470a1d08a20f7f2083740920ea7bbfde94480e367437,2014-05,Cheshire Constabulary,Cheshire Constabulary,-2.595703,53.389213,On or near Shopping Area,E01033300,Warrington 018F,Shoplifting,Investigation complete; no suspect identified,
6caef6928b5c7f6d37ef1ce7c84a3f9844248c427dbf933ea701dd42c1011171,2014-05,Cheshire Constabulary,Cheshire Constabulary,-2.590220,53.390688,On or near Shopping Area,E01033300,Warrington 018F,Shoplifting,Under investigation,
7b8af9c639b63709666fa75790042f4b5d3c044271593fce62bd13d0d7925c79,2014-05,Cheshire Constabulary,Cheshire Constabulary,-2.595079,53.396209,On or near Petrol Station,E01033300,Warrington 018F,Shoplifting,Offender given a caution,
14dc7bca54716ed2622943785287f0d0ed220874d211c86db7b4c513be6ba2a2,2014-05,Cheshire Constabulary,Cheshire Constabulary,-2.595054,53.390070,On or near Shopping Area,E01033300,Warrington 018F,Shoplifting,Under investigation,
c8d17eecb437766cab24b13e3d60e513a75aa23f8563f721224afdbca7f35262,2014-05,Cheshire Constabulary,Cheshire Constabulary,-2.595079,53.396209,On or near Petrol Station,E01033300,Warrington 018F,Shoplifting,Local resolution,
270bc464f55ae0f4165633681fde8abced457ec01bda600b8f16f2a2ae3ef325,2014-05,Cheshire Constabulary,Cheshire Constabulary,-2.595054,53.390070,On or near Shopping Area,E01033300,Warrington 018F,Shoplifting,Investigation complete; no suspect identified,
cc8a263bab51ff01beae979033400bacd99b7a165067b319e401735fc0865319,2014-05,Cheshire Constabulary,Cheshire Constabulary,-2.587580,53.390026,On or near Dial Street,E01033300,Warrington 018F,Shoplifting,Under investigation,
4f06be06794a2e69c0ca09fdc4b29b6d3a4a31d60da082f0b15b386df184f5ca,2014-05,Cheshire Constabulary,Cheshire Constabulary,-2.595054,53.390070,On or near Shopping Area,E01033300,Warrington 018F,Shoplifting,Under investigation,
027f28fbb2e9e15a0348d4b74a99df8e316846dfeb04d851166cad7dbd9d0dc5,2014-05,Cheshire Constabulary,Cheshire Constabulary,-2.590220,53.390688,On or near Shopping Area,E01033300,Warrington 018F,Shoplifting,Under investigation,
71f9c22d998c34186a5b3ab439b9b377fa9010c73c56dc89ba1e50b1097ee31b,2014-05,Cheshire Constabulary,Cheshire Constabulary,-2.590220,53.390688,On or near Shopping Area,E01033300,Warrington 018F,Shoplifting,Local resolution,
254e64154a0857080381c7fd5796e240e9578ac2f8481b201dbbc6530dd69478,2014-05,Cheshire Constabulary,Cheshire Constabulary,-2.590220,53.390688,On or near Shopping Area,E01033300,Warrington 018F,Shoplifting,Awaiting court outcome,
436b6c44bd58a3b6895ce9c62d430d1d20681562e989907c3872525e429756ed,2014-05,Cheshire Constabulary,Cheshire Constabulary,-2.590220,53.390688,On or near Shopping Area,E01033300,Warrington 018F,Shoplifting,Under investigation,
e20cfcee481fca2511ecc4e7b4894bdbbb8144fe4435ce60d8f39c36dfc58667,2014-05,Cheshire Constabulary,Cheshire Constabulary,-2.595054,53.390070,On or near Shopping Area,E01033300,Warrington 018F,Theft from the person,Offender given a caution,
20c2fa15cd50956bdff2dce94bf4e88dbf59d9f50f84fe4e98dc7502bc9056bc,2014-05,Cheshire Constabulary,Cheshire Constabulary,-2.595706,53.387236,On or near Bold Street,E01033300,Warrington 018F,Theft from the person,Unable to prosecute suspect,
025b53b9b52b7f34071c89bc1ef15c11327099b61d3ab0b391f1b0babf34055e,2014-05,Cheshire Constabulary,Cheshire Constabulary,-2.592274,53.386974,On or near Bridge Street,E01033300,Warrington 018F,Theft from the person,Awaiting court outcome,
31c18400fadceb733a7427fdcab022751445ff362c2657a2e3e0d0af1e0e3cbb,2014-05,Cheshire Constabulary,Cheshire Constabulary,-2.592734,53.389749,On or near Hill Street,E01033300,Warrington 018F,Theft from the person,Investigation complete; no suspect identified,
29b742ae56e5fa82e296d291e630611449534f678b05b9c698226e45e306980f,2014-05,Cheshire Constabulary,Cheshire Constabulary,-2.593075,53.387276,On or near Friars Gate,E01033300,Warrington 018F,Theft from the person,Under investigation,
fb4aa044684177e751d55bee50816e0ee60c7b5ce52905ea0475747f684638be,2014-05,Cheshire Constabulary,Cheshire Constabulary,-2.587580,53.390026,On or near Dial Street,E01033300,Warrington 018F,Vehicle crime,Under investigation,
c40b040042301705a2f45c3d14d1dab4f42397adb3cf0290d460ee5050153ac8,2014-05,Cheshire Constabulary,Cheshire Constabulary,-2.599871,53.387251,On or near Hanover Street,E01033300,Warrington 018F,Vehicle crime,Investigation complete; no suspect identified,
ab3f12b3241efed7e9ae5525eac851cda6634b793d45bfa7c478c39f96797b79,2014-05,Cheshire Constabulary,Cheshire Constabulary,-2.587580,53.390026,On or near Dial Street,E01033300,Warrington 018F,Vehicle crime,Under investigation,
48bd2588e553764b6eef97eb8d84eef6b3a94c329fa0acb6ece376808dda5115,2014-05,Cheshire Constabulary,Cheshire Constabulary,-2.593075,53.387276,On or near Friars Gate,E01033300,Warrington 018F,Violence and sexual offences,Offender given a caution,
0ea93f438910502dd102aaaaeb6908180c1ccfd06fbf41b22d05124c756e8d1a,2014-05,Cheshire Constabulary,Cheshire Constabulary,-2.593075,53.387276,On or near Friars Gate,E01033300,Warrington 018F,Violence and sexual offences,Under investigation,
aa60dc773331c8500c30b15865eadfa77217dd7e50e478e56b43e203925b8349,2014-05,Cheshire Constabulary,Cheshire Constabulary,-2.591088,53.390333,On or near Pedestrian Subway,E01033300,Warrington 018F,Violence and sexual offences,Offender given community sentence,
c6a7be712cf9f376274c5193783026306550168156403fe00250a65dc0054073,2014-05,Cheshire Constabulary,Cheshire Constabulary,-2.592274,53.386974,On or near Bridge Street,E01033300,Warrington 018F,Violence and sexual offences,Under investigation,
e340b51ecfdb83b5ac1d3473bc9a0e6c1ec15ab7e04d3126306a92020f5a845b,2014-05,Cheshire Constabulary,Cheshire Constabulary,-2.588436,53.388845,On or near Blackhurst Street,E01033300,Warrington 018F,Violence and sexual offences,Offender given a caution,
b284c798ed22d78d11fe048084bbf413cf633d61cb4546b1876490f6e237acc1,2014-05,Cheshire Constabulary,Cheshire Constabulary,-2.592065,53.389240,On or near Horrocks Lane,E01033300,Warrington 018F,Violence and sexual offences,Unable to prosecute suspect,
d2302fb77111c28f75ad01c0a25fdc9a598589b3f4497fe2c8b547c315ef8b2f,2014-05,Cheshire Constabulary,Cheshire Constabulary,-2.596703,53.386494,On or near Further/Higher Educational Building,E01033300,Warrington 018F,Violence and sexual offences,Unable to prosecute suspect,
92b0d35e25556610648eeb72bcb152357ea8785f8711ced1f6bf1678306e4fa2,2014-05,Cheshire Constabulary,Cheshire Constabulary,-2.592915,53.388724,On or near Shopping Area,E01033300,Warrington 018F,Violence and sexual offences,Unable to prosecute suspect,
4a171cf05622e54256270604118b65eb796b8c61690f93db9f6952c778b51b51,2014-05,Cheshire Constabulary,Cheshire Constabulary,-2.588436,53.388845,On or near Blackhurst Street,E01033300,Warrington 018F,Violence and sexual offences,Under investigation,
f384b30e0186258b75c44c2c53a8ff4d3c555b7c9c194f7674533a8faf5b8270,2014-05,Cheshire Constabulary,Cheshire Constabulary,-2.588436,53.388845,On or near Blackhurst Street,E01033300,Warrington 018F,Violence and sexual offences,Under investigation,
d284a964a722aaf8bc4c70eac460c48c95be21cd72041964abdee0225feebd95,2014-05,Cheshire Constabulary,Cheshire Constabulary,-2.592362,53.390057,On or near Town Hill,E01033300,Warrington 018F,Violence and sexual offences,Under investigation,
2b45142ba0614d6e8170232933f421b01ff923b4cb7e85dc7e87278aba730a6c,2014-05,Cheshire Constabulary,Cheshire Constabulary,-2.595706,53.387236,On or near Bold Street,E01033300,Warrington 018F,Violence and sexual offences,Under investigation,
c8bf0ed83291a798358b476c28eccc37940dfff23f4ad1c55a0332931b952e1a,2014-05,Cheshire Constabulary,Cheshire Constabulary,-2.593075,53.387276,On or near Friars Gate,E01033300,Warrington 018F,Violence and sexual offences,Investigation complete; no suspect identified,
1230d61423198dc0e26fa2e6c87bf48d235b25c61b0fb8c352b3a9e2fb06c160,2014-05,Cheshire Constabulary,Cheshire Constabulary,-2.597287,53.387434,On or near Palmyra Square South,E01033300,Warrington 018F,Violence and sexual offences,Under investigation,
7c0de330d99b04b80fea08f832085866539ea38bbb1ee4cb545b8545e4698cb6,2014-05,Cheshire Constabulary,Cheshire Constabulary,-2.595054,53.390070,On or near Shopping Area,E01033300,Warrington 018F,Violence and sexual offences,Awaiting court outcome,
,2014-05,Cheshire Constabulary,Cheshire Constabulary,-2.603340,53.389121,On or near Supermarket,E01033302,Warrington 018G,Anti-social behaviour,,
,2014-05,Cheshire Constabulary,Cheshire Constabulary,-2.601567,53.388114,On or near Dixon Street,E01033302,Warrington 018G,Anti-social behaviour,,
,2014-05,Cheshire Constabulary,Cheshire Constabulary,-2.604402,53.388675,On or near Liverpool Road,E01033302,Warrington 018G,Anti-social behaviour,,
,2014-05,Cheshire Constabulary,Cheshire Constabulary,-2.601567,53.388114,On or near Dixon Street,E01033302,Warrington 018G,Anti-social behaviour,,
,2014-05,Cheshire Constabulary,Cheshire Constabulary,-2.600970,53.386265,On or near Police Station,E01033302,Warrington 018G,Anti-social behaviour,,
,2014-05,Cheshire Constabulary,Cheshire Constabulary,-2.600970,53.386265,On or near Police Station,E01033302,Warrington 018G,Anti-social behaviour,,
,2014-05,Cheshire Constabulary,Cheshire Constabulary,-2.602691,53.393178,On or near Dalewood Close,E01033302,Warrington 018G,Anti-social behaviour,,
,2014-05,Cheshire Constabulary,Cheshire Constabulary,-2.610204,53.391747,On or near Collin Street,E01033302,Warrington 018G,Anti-social behaviour,,
,2014-05,Cheshire Constabulary,Cheshire Constabulary,-2.610024,53.390723,On or near Leicester Street,E01033302,Warrington 018G,Anti-social behaviour,,
,2014-05,Cheshire Constabulary,Cheshire Constabulary,-2.600970,53.386265,On or near Police Station,E01033302,Warrington 018G,Anti-social behaviour,,
,2014-05,Cheshire Constabulary,Cheshire Constabulary,-2.600970,53.386265,On or near Police Station,E01033302,Warrington 018G,Anti-social behaviour,,
,2014-05,Cheshire Constabulary,Cheshire Constabulary,-2.600970,53.386265,On or near Police Station,E01033302,Warrington 018G,Anti-social behaviour,,
,2014-05,Cheshire Constabulary,Cheshire Constabulary,-2.600186,53.392570,On or near Froghall Lane,E01033302,Warrington 018G,Anti-social behaviour,,
84693a4aa48171c9d81d054e62dd5ad126ce772a6d80d5a0b818d32bac01e4f6,2014-05,Cheshire Constabulary,Cheshire Constabulary,-2.605420,53.395834,On or near Levens Close,E01033302,Warrington 018G,Burglary,Under investigation,
97e66bcbcd7d3effabb20b7b7ca86448580935954e5f54110f5a031a74b0ff54,2014-05,Cheshire Constabulary,Cheshire Constabulary,-2.606030,53.394303,On or near Berkeley Close,E01033302,Warrington 018G,Burglary,Investigation complete; no suspect identified,
67e5e4c52bfd1e35fa4be03bab9842b8414e63062b563baba60cc320826f4f4e,2014-05,Cheshire Constabulary,Cheshire Constabulary,-2.609580,53.390177,On or near Manley Gardens,E01033302,Warrington 018G,Criminal damage and arson,Investigation complete; no suspect identified,
a3aab1d47b8f76971afc59089242315c65445ac3be27db228adef2df11a8a28c,2014-05,Cheshire Constabulary,Cheshire Constabulary,-2.610024,53.390723,On or near Leicester Street,E01033302,Warrington 018G,Criminal damage and arson,Under investigation,
c75a565694ec47ce6c125393633f2b51539a528a047d8ffc96b1c9e0f3a861ad,2014-05,Cheshire Constabulary,Cheshire Constabulary,-2.600186,53.392570,On or near Froghall Lane,E01033302,Warrington 018G,Criminal damage and arson,Unable to prosecute suspect,
8dca4d01237c88d5cf7e762a772a36fa4bdb1f815654de7186cd7d14e1a7e166,2014-05,Cheshire Constabulary,Cheshire Constabulary,-2.609580,53.390177,On or near Manley Gardens,E01033302,Warrington 018G,Drugs,Formal action is not in the public interest,
3111fd8f2dfe507790a026505d470139c01434b923d3f7f720acd2475670d259,2014-05,Cheshire Constabulary,Cheshire Constabulary,-2.600970,53.386265,On or near Police Station,E01033302,Warrington 018G,Drugs,Awaiting court outcome,
2be33b9d336d7f85bc80f2d91aec46655d8c9b93087c0c255652ac070fcc4bb6,2014-05,Cheshire Constabulary,Cheshire Constabulary,-2.609580,53.390177,On or near Manley Gardens,E01033302,Warrington 018G,Other theft,Investigation complete; no suspect identified,
46d4e899c243a19088e6cc5962f4ce242d5d4b73c19b00b2aefbffaaead64a33,2014-05,Cheshire Constabulary,Cheshire Constabulary,-2.610204,53.391747,On or near Collin Street,E01033302,Warrington 018G,Other theft,Investigation complete; no suspect identified,
ab87b0061aa7b3aaefb78762d2cec898764a64dd9d70b7a98b648e7fc7a17439,2014-05,Cheshire Constabulary,Cheshire Constabulary,-2.600970,53.386265,On or near Police Station,E01033302,Warrington 018G,Public order,Under investigation,
f31e2c15e758cd7019363f66cd1ea630e08cab67c6ae05b3bff2a30c320cb11a,2014-05,Cheshire Constabulary,Cheshire Constabulary,-2.611675,53.389420,On or near Supermarket,E01033302,Warrington 018G,Shoplifting,Awaiting court outcome,
0f0a768f124d3c65431e53b4866bd23dffc3824b04deb16817f803e114ca353b,2014-05,Cheshire Constabulary,Cheshire Constabulary,-2.603340,53.389121,On or near Supermarket,E01033302,Warrington 018G,Shoplifting,Under investigation,
04ceab85f260fdfcbbaa42a38c7320868580d2b9cbd397a0cca6d88fa73220ac,2014-05,Cheshire Constabulary,Cheshire Constabulary,-2.611675,53.389420,On or near Supermarket,E01033302,Warrington 018G,Shoplifting,Under investigation,
d0d196e6ddfe4e0f8ff8951941e324c50f91a12c40dd6cfa5a8c568314455c85,2014-05,Cheshire Constabulary,Cheshire Constabulary,-2.608432,53.388717,On or near Sankey Way,E01033302,Warrington 018G,Vehicle crime,Investigation complete; no suspect identified,
cd72965575725c13cb77061664cbfa4b825b86ee94eea68bb1e588f628ae882f,2014-05,Cheshire Constabulary,Cheshire Constabulary,-2.604402,53.388675,On or near Liverpool Road,E01033302,Warrington 018G,Vehicle crime,Investigation complete; no suspect identified,
afe84e09ec531835883a57dd83c40f62d97a171b674005626a2e6ed09aa1a50d,2014-05,Cheshire Constabulary,Cheshire Constabulary,-2.611675,53.389420,On or near Supermarket,E01033302,Warrington 018G,Vehicle crime,Investigation complete; no suspect identified,
bddac4f06ad59d108fe360dde347dbb6a68edfda9cd8a8f72460077a78ca8ca5,2014-05,Cheshire Constabulary,Cheshire Constabulary,-2.610024,53.390723,On or near Leicester Street,E01033302,Warrington 018G,Vehicle crime,Investigation complete; no suspect identified,
92def8c215d3db0b54542c4d40250a8d8bd02347c15700967de5a40fed168a08,2014-05,Cheshire Constabulary,Cheshire Constabulary,-2.611675,53.389420,On or near Supermarket,E01033302,Warrington 018G,Vehicle crime,Investigation complete; no suspect identified,
4f4423638af463cab3ae06f9b6beb0cf31a24de71b0d5538693d7c9f7a0dd91f,2014-05,Cheshire Constabulary,Cheshire Constabulary,-2.601922,53.393047,On or near Eustace Street,E01033302,Warrington 018G,Vehicle crime,Investigation complete; no suspect identified,
b379f9ef9dca4cc72e025a0fdcf460d769903d2293d9e4be91ef97d0043a4d47,2014-05,Cheshire Constabulary,Cheshire Constabulary,-2.611675,53.389420,On or near Supermarket,E01033302,Warrington 018G,Violence and sexual offences,Unable to prosecute suspect,
,2014-05,Cheshire Constabulary,Cheshire Constabulary,-2.648496,53.387248,On or near Holly Terrace,E01012527,Warrington 019A,Anti-social behaviour,,
,2014-05,Cheshire Constabulary,Cheshire Constabulary,-2.644818,53.384670,On or near Penketh Road,E01012527,Warrington 019A,Anti-social behaviour,,
,2014-05,Cheshire Constabulary,Cheshire Constabulary,-2.647926,53.381426,On or near Thorn Close,E01012527,Warrington 019A,Anti-social behaviour,,
,2014-05,Cheshire Constabulary,Cheshire Constabulary,-2.646394,53.383511,On or near Clifford Road,E01012527,Warrington 019A,Anti-social behaviour,,
,2014-05,Cheshire Constabulary,Cheshire Constabulary,-2.644818,53.384670,On or near Penketh Road,E01012527,Warrington 019A,Anti-social behaviour,,
97b436743d573a8224da97570c70fa7dd3b954c5be33f63c703570dfb4895cd4,2014-05,Cheshire Constabulary,Cheshire Constabulary,-2.648496,53.387248,On or near Holly Terrace,E01012527,Warrington 019A,Bicycle theft,Investigation complete; no suspect identified,
d03993308630392ae4efabaacd97167df614739a33cbad86c02a41f9567a5117,2014-05,Cheshire Constabulary,Cheshire Constabulary,-2.647926,53.381426,On or near Thorn Close,E01012527,Warrington 019A,Other theft,Investigation complete; no suspect identified,
dd99c01e666580d462b2023cf1670300e59843414eadeb4bf630a20fbb9bc7c2,2014-05,Cheshire Constabulary,Cheshire Constabulary,-2.646918,53.382358,On or near Neville Crescent,E01012527,Warrington 019A,Violence and sexual offences,Unable to prosecute suspect,
2520bd06f7a48ab9645081ce71abc02446f5f80e78c6b453c82b500236325fcb,2014-05,Cheshire Constabulary,Cheshire Constabulary,-2.661719,53.379931,On or near Radlett Close,E01012528,Warrington 019B,Vehicle crime,Investigation complete; no suspect identified,
56999427d8232b23505d13b815c5077f4e6947897fb1af638e52153b645b291a,2014-05,Cheshire Constabulary,Cheshire Constabulary,-2.653549,53.381486,On or near Well Lane,E01012528,Warrington 019B,Violence and sexual offences,Unable to prosecute suspect,
02ac8e108745508a159f04f30ade8a9cf925180122bf4868cfd9e868b3d542da,2014-05,Cheshire Constabulary,Cheshire Constabulary,-2.657265,53.379686,On or near Finlay Avenue,E01012528,Warrington 019B,Violence and sexual offences,Unable to prosecute suspect,
,2014-05,Cheshire Constabulary,Cheshire Constabulary,-2.663171,53.383455,On or near Victoria Road,E01012529,Warrington 019C,Anti-social behaviour,,
,2014-05,Cheshire Constabulary,Cheshire Constabulary,-2.662152,53.383614,On or near Bank Gardens,E01012529,Warrington 019C,Anti-social behaviour,,
,2014-05,Cheshire Constabulary,Cheshire Constabulary,-2.663171,53.383455,On or near Victoria Road,E01012529,Warrington 019C,Anti-social behaviour,,
27c96011665979625a71dcc990e0abeb2797bc700953a3e01a1aa365fce9c76c,2014-05,Cheshire Constabulary,Cheshire Constabulary,-2.657860,53.384132,On or near Arlington Drive,E01012529,Warrington 019C,Other theft,Investigation complete; no suspect identified,
46a2b6b68ac4130ed59fd5d5c0334ff83032511bda68adfa10ac0aca91f87dc5,2014-05,Cheshire Constabulary,Cheshire Constabulary,-2.663171,53.383455,On or near Victoria Road,E01012529,Warrington 019C,Shoplifting,Formal action is not in the public interest,
c8009ec2cfe22a91481b88a4cecebb2d865ee8f9a5b10ae7500003c81846ff80,2014-05,Cheshire Constabulary,Cheshire Constabulary,-2.663171,53.383455,On or near Victoria Road,E01012529,Warrington 019C,Shoplifting,Unable to prosecute suspect,
2dbd65886c347138d02716c942bae1f40339239dfedab3738912f6497d46ab81,2014-05,Cheshire Constabulary,Cheshire Constabulary,-2.663171,53.383455,On or near Victoria Road,E01012529,Warrington 019C,Shoplifting,Awaiting court outcome,
172f32c122e810ef94d5a7b037ab4f1ce741bd1aeecb49cf4911d66ec0ede676,2014-05,Cheshire Constabulary,Cheshire Constabulary,-2.660120,53.382492,On or near Padstow Close,E01012529,Warrington 019C,Shoplifting,Under investigation,
746e3738c3b23d52db5411b89c18ef83ab471bae2dc13d8765411797d02d1fdb,2014-05,Cheshire Constabulary,Cheshire Constabulary,-2.660120,53.382492,On or near Padstow Close,E01012529,Warrington 019C,Shoplifting,Under investigation,
d133783fbf6397961ef1621fffdd6024412aa67da7cd037826c84c1513aad941,2014-05,Cheshire Constabulary,Cheshire Constabulary,-2.663731,53.381762,On or near Tragan Drive,E01012529,Warrington 019C,Vehicle crime,Investigation complete; no suspect identified,
b22e21ee5f327cd4397bef6ec0316ded2ccc5cd527ab41fcd6772c7aacf8efa8,2014-05,Cheshire Constabulary,Cheshire Constabulary,-2.663171,53.383455,On or near Victoria Road,E01012529,Warrington 019C,Violence and sexual offences,Under investigation,
56bc7830aa940162201a176f91787b5829bdf45e4a759909fc88184f180cc070,2014-05,Cheshire Constabulary,Cheshire Constabulary,-2.663171,53.383455,On or near Victoria Road,E01012529,Warrington 019C,Violence and sexual offences,Awaiting court outcome,
,2014-05,Cheshire Constabulary,Cheshire Constabulary,-2.690977,53.377419,On or near Cuerdley Green,E01012530,Warrington 019D,Anti-social behaviour,,
,2014-05,Cheshire Constabulary,Cheshire Constabulary,-2.669049,53.380519,On or near Newlyn Gardens,E01012530,Warrington 019D,Anti-social behaviour,,
,2014-05,Cheshire Constabulary,Cheshire Constabulary,-2.678532,53.365184,On or near Park/Open Space,E01012530,Warrington 019D,Anti-social behaviour,,
,2014-05,Cheshire Constabulary,Cheshire Constabulary,-2.661567,53.378853,On or near Polperro Close,E01012530,Warrington 019D,Anti-social behaviour,,
,2014-05,Cheshire Constabulary,Cheshire Constabulary,-2.660738,53.378714,On or near Walkers Lane,E01012530,Warrington 019D,Anti-social behaviour,,
,2014-05,Cheshire Constabulary,Cheshire Constabulary,-2.678532,53.365184,On or near Park/Open Space,E01012530,Warrington 019D,Anti-social behaviour,,
,2014-05,Cheshire Constabulary,Cheshire Constabulary,-2.660094,53.377890,On or near Shaftesbury Avenue,E01012530,Warrington 019D,Anti-social behaviour,,
f23327a42551c0c4ec8afa7429a237b5a8e02579c2c40fd9f554d75725f2f4f5,2014-05,Cheshire Constabulary,Cheshire Constabulary,-2.684053,53.384317,On or near South Lane,E01012530,Warrington 019D,Burglary,Investigation complete; no suspect identified,
e21a7f8b44c3264292ccc1b321ebd2d1c60e3d73cfe3ea3119ad41fba9241512,2014-05,Cheshire Constabulary,Cheshire Constabulary,-2.660094,53.377890,On or near Shaftesbury Avenue,E01012530,Warrington 019D,Burglary,Investigation complete; no suspect identified,
6b04331f3a84915a96fa40271a6ff4f57b6b9e539103c47810776ae45741564e,2014-05,Cheshire Constabulary,Cheshire Constabulary,-2.678532,53.365184,On or near Park/Open Space,E01012530,Warrington 019D,Drugs,Awaiting court outcome,
933239557716decf2387523b30c1b908e4e2737961abcb8af3135c3226d5143f,2014-05,Cheshire Constabulary,Cheshire Constabulary,-2.663254,53.386852,On or near Coniston Avenue,E01012531,Warrington 019E,Criminal damage and arson,Investigation complete; no suspect identified,
edf875b19206f212654ad45eb5feadb26aaf6153c8bdb4f60d9aea21a3a1acae,2014-05,Cheshire Constabulary,Cheshire Constabulary,-2.658370,53.389936,On or near Friars Avenue,E01012531,Warrington 019E,Violence and sexual offences,Local resolution,
,2014-05,Cheshire Constabulary,Cheshire Constabulary,-2.655697,53.387218,On or near William Penn Close,E01012532,Warrington 019F,Anti-social behaviour,,
,2014-05,Cheshire Constabulary,Cheshire Constabulary,-2.651929,53.383679,On or near Inglenook Road,E01012532,Warrington 019F,Anti-social behaviour,,
,2014-05,Cheshire Constabulary,Cheshire Constabulary,-2.655697,53.387218,On or near William Penn Close,E01012532,Warrington 019F,Anti-social behaviour,,
,2014-05,Cheshire Constabulary,Cheshire Constabulary,-2.651551,53.385497,On or near Ainsdale Close,E01012532,Warrington 019F,Anti-social behaviour,,
848109894d74d00422b123c206987443a3d9491fb1373c519524572b278f6552,2014-05,Cheshire Constabulary,Cheshire Constabulary,-2.653335,53.386116,On or near Cherry Tree Avenue,E01012532,Warrington 019F,Criminal damage and arson,Investigation complete; no suspect identified,
,2014-05,Cheshire Constabulary,Cheshire Constabulary,-2.557497,53.382324,On or near Pendlebury Street,E01012504,Warrington 020A,Anti-social behaviour,,
,2014-05,Cheshire Constabulary,Cheshire Constabulary,-2.551802,53.381379,On or near Richmond Street,E01012504,Warrington 020A,Anti-social behaviour,,
,2014-05,Cheshire Constabulary,Cheshire Constabulary,-2.553327,53.380734,On or near Selkirk Avenue,E01012504,Warrington 020A,Anti-social behaviour,,
,2014-05,Cheshire Constabulary,Cheshire Constabulary,-2.545568,53.385282,On or near Park/Open Space,E01012504,Warrington 020A,Anti-social behaviour,,
,2014-05,Cheshire Constabulary,Cheshire Constabulary,-2.559769,53.380174,On or near Belmont Avenue,E01012504,Warrington 020A,Anti-social behaviour,,
d15b687bc2cc4f396d10952b6da2cb1a4715471e689bc288fac0c0fd152922c5,2014-05,Cheshire Constabulary,Cheshire Constabulary,-2.554257,53.385260,On or near Marsden Avenue,E01012504,Warrington 020A,Bicycle theft,Awaiting court outcome,
199365fdfa7f8cac1dc8e603426ed358e694810092d8485ac8258fca270f34ae,2014-05,Cheshire Constabulary,Cheshire Constabulary,-2.551802,53.381379,On or near Richmond Street,E01012504,Warrington 020A,Burglary,Investigation complete; no suspect identified,
bef972c558c8030ab8f47a05bc1296ab1226e5b17f79224a470040727d53c188,2014-05,Cheshire Constabulary,Cheshire Constabulary,-2.555947,53.381117,On or near Denver Road,E01012504,Warrington 020A,Shoplifting,Under investigation,
73595dd175a6018514e5103fc2501d63e8411d6cc221132189f1b7c3fc5ef1ae,2014-05,Cheshire Constabulary,Cheshire Constabulary,-2.549932,53.382143,On or near Powder Mill Road,E01012504,Warrington 020A,Vehicle crime,Investigation complete; no suspect identified,
81de19ef2da58443ba6b3bc7dbaa38e25eea96deb4089ca591d4fc6342cfe58e,2014-05,Cheshire Constabulary,Cheshire Constabulary,-2.549559,53.381147,On or near Thelwall Lane,E01012504,Warrington 020A,Vehicle crime,Investigation complete; no suspect identified,
970af7f07dd07a7b5140def2d25456c6f843f2a972c12d13130b9c4ab0fde6f5,2014-05,Cheshire Constabulary,Cheshire Constabulary,-2.555052,53.385122,On or near Tilston Avenue,E01012504,Warrington 020A,Violence and sexual offences,Awaiting court outcome,
87ebc4db4bb405865bbe47a0d303a3cf74f3f07134d326b80809e2398fa5120b,2014-05,Cheshire Constabulary,Cheshire Constabulary,-2.558555,53.382750,On or near Newman Street,E01012504,Warrington 020A,Violence and sexual offences,Under investigation,
,2014-05,Cheshire Constabulary,Cheshire Constabulary,-2.573258,53.377206,On or near Pearson Avenue,E01012505,Warrington 020B,Anti-social behaviour,,
,2014-05,Cheshire Constabulary,Cheshire Constabulary,-2.574091,53.376555,On or near Clarke Avenue,E01012505,Warrington 020B,Anti-social behaviour,,
,2014-05,Cheshire Constabulary,Cheshire Constabulary,-2.572763,53.379510,On or near Blackley Close,E01012505,Warrington 020B,Anti-social behaviour,,
,2014-05,Cheshire Constabulary,Cheshire Constabulary,-2.576172,53.378100,On or near Secker Avenue,E01012505,Warrington 020B,Anti-social behaviour,,
,2014-05,Cheshire Constabulary,Cheshire Constabulary,-2.576172,53.378100,On or near Secker Avenue,E01012505,Warrington 020B,Anti-social behaviour,,
c6c2df4659ab8056e826505c4ad40f3d9a4476f93af6e248e57cbca49ce589bb,2014-05,Cheshire Constabulary,Cheshire Constabulary,-2.578216,53.375861,On or near Sports/Recreation Area,E01012505,Warrington 020B,Criminal damage and arson,Investigation complete; no suspect identified,
8e6a37fb32489fa6da85e892b990a6a28b00b800adc55cd53f491c399099298a,2014-05,Cheshire Constabulary,Cheshire Constabulary,-2.575369,53.376558,On or near Minerva Close,E01012505,Warrington 020B,Violence and sexual offences,Under investigation,
,2014-05,Cheshire Constabulary,Cheshire Constabulary,-2.566186,53.386867,On or near Moorside,E01012506,Warrington 020C,Anti-social behaviour,,
,2014-05,Cheshire Constabulary,Cheshire Constabulary,-2.566186,53.386867,On or near Moorside,E01012506,Warrington 020C,Anti-social behaviour,,
2a8102a0c8cecbc6cef86b36584ce91fbf9c77b4db42f7fafb3509bdecbe19e5,2014-05,Cheshire Constabulary,Cheshire Constabulary,-2.559775,53.388668,On or near Moxon Avenue,E01012506,Warrington 020C,Burglary,Under investigation,
84d4c1ad7c18fac46a0a054cb21f63c051614c17a6f6e5b7dc22e0d2b23a59d0,2014-05,Cheshire Constabulary,Cheshire Constabulary,-2.559132,53.386658,On or near Morris Avenue,E01012506,Warrington 020C,Drugs,Awaiting court outcome,
7ec8ce4a5b5c85f91fecc55dfad1470957f60de7757f8c5ce77a21a231fe583b,2014-05,Cheshire Constabulary,Cheshire Constabulary,-2.557239,53.387907,On or near Bowman Avenue,E01012506,Warrington 020C,Drugs,Formal action is not in the public interest,
76555422811d8d03ab9900eaf31163c22a55314b52b701bd50adc5dbb9d7cc6f,2014-05,Cheshire Constabulary,Cheshire Constabulary,-2.559132,53.386658,On or near Morris Avenue,E01012506,Warrington 020C,Drugs,Awaiting court outcome,
ad821d8568bee7ae2c8aa04164857b2b80ce003e068b4f366455fca47eec917d,2014-05,Cheshire Constabulary,Cheshire Constabulary,-2.559775,53.388668,On or near Moxon Avenue,E01012506,Warrington 020C,Other theft,Under investigation,
15b9c370f4a86ed3c10f9758ff06bdb04fce5e0de1bc3d57daf6ca27bdaf8a9a,2014-05,Cheshire Constabulary,Cheshire Constabulary,-2.562420,53.386274,On or near Brindley Avenue,E01012506,Warrington 020C,Other theft,Investigation complete; no suspect identified,
3477541eb8f96475d7d672e6fa05dbc70c97a9fc77ee20185f1b6550544642e2,2014-05,Cheshire Constabulary,Cheshire Constabulary,-2.561505,53.386449,On or near Worsley Avenue,E01012506,Warrington 020C,Vehicle crime,Investigation complete; no suspect identified,
9d91846e83af1012d5a96537671f88587b078936c3712a9f23c8d3c9e2748661,2014-05,Cheshire Constabulary,Cheshire Constabulary,-2.558275,53.387785,On or near Bryant Avenue,E01012506,Warrington 020C,Violence and sexual offences,Awaiting court outcome,
0b1d8db5788674becce799ded0ab1bf3bc1aa40289364fb0c3e6ff87e26b36a5,2014-05,Cheshire Constabulary,Cheshire Constabulary,-2.566186,53.386867,On or near Moorside,E01012506,Warrington 020C,Violence and sexual offences,Formal action is not in the public interest,
aa373929583901173a0f3c5c31aba7fb5713e049bf57313e84d173c9d2f965f1,2014-05,Cheshire Constabulary,Cheshire Constabulary,-2.558311,53.388288,On or near Waring Avenue,E01012506,Warrington 020C,Violence and sexual offences,Unable to prosecute suspect,
b8c48f8ed19963aea02104eac63f25b0eb28c46944702639462614e0a87a6a49,2014-05,Cheshire Constabulary,Cheshire Constabulary,-2.564685,53.387027,On or near Bridge Avenue,E01012506,Warrington 020C,Violence and sexual offences,Under investigation,
e66fe2301f690e6c701b1ba230243f90874b4a99a69b967c2994e11cf914728b,2014-05,Cheshire Constabulary,Cheshire Constabulary,-2.557239,53.387907,On or near Bowman Avenue,E01012506,Warrington 020C,Violence and sexual offences,Unable to prosecute suspect,
519127a0c16f9b42aa36693fa54030c69400abac07fa6d41d8cf02b32f990144,2014-05,Cheshire Constabulary,Cheshire Constabulary,-2.564685,53.387027,On or near Bridge Avenue,E01012506,Warrington 020C,Violence and sexual offences,Under investigation,
d0ceb74394a62d495b48edeefc9a637037153b957ef9f9e3fd9f3077cb637daa,2014-05,Cheshire Constabulary,Cheshire Constabulary,-2.559775,53.388668,On or near Moxon Avenue,E01012506,Warrington 020C,Violence and sexual offences,Under investigation,
,2014-05,Cheshire Constabulary,Cheshire Constabulary,-2.565045,53.383538,On or near Griffiths Street,E01012507,Warrington 020D,Anti-social behaviour,,
,2014-05,Cheshire Constabulary,Cheshire Constabulary,-2.564862,53.381138,On or near Petrol Station,E01012507,Warrington 020D,Anti-social behaviour,,
,2014-05,Cheshire Constabulary,Cheshire Constabulary,-2.566571,53.384142,On or near Grange Avenue,E01012507,Warrington 020D,Anti-social behaviour,,
,2014-05,Cheshire Constabulary,Cheshire Constabulary,-2.565715,53.383085,On or near Rook Road,E01012507,Warrington 020D,Anti-social behaviour,,
,2014-05,Cheshire Constabulary,Cheshire Constabulary,-2.564862,53.381138,On or near Petrol Station,E01012507,Warrington 020D,Anti-social behaviour,,
,2014-05,Cheshire Constabulary,Cheshire Constabulary,-2.561192,53.382100,On or near Supermarket,E01012507,Warrington 020D,Anti-social behaviour,,
,2014-05,Cheshire Constabulary,Cheshire Constabulary,-2.561192,53.382100,On or near Supermarket,E01012507,Warrington 020D,Anti-social behaviour,,
,2014-05,Cheshire Constabulary,Cheshire Constabulary,-2.566394,53.381005,On or near Knutsford Road,E01012507,Warrington 020D,Anti-social behaviour,,
,2014-05,Cheshire Constabulary,Cheshire Constabulary,-2.564862,53.381138,On or near Petrol Station,E01012507,Warrington 020D,Anti-social behaviour,,
,2014-05,Cheshire Constabulary,Cheshire Constabulary,-2.559374,53.382162,On or near Poachers' Lane,E01012507,Warrington 020D,Anti-social behaviour,,
,2014-05,Cheshire Constabulary,Cheshire Constabulary,-2.567403,53.382241,On or near Lower Wash Lane,E01012507,Warrington 020D,Anti-social behaviour,,
69b7a3f6003d513a7be9775b7a07909729fe477d40302e266f0c6b41ad25b3d2,2014-05,Cheshire Constabulary,Cheshire Constabulary,-2.562576,53.381032,On or near Thelwall Lane,E01012507,Warrington 020D,Bicycle theft,Investigation complete; no suspect identified,
3f23c0cdacbf769bbf02e2807b4d47b1e74e93d3d0ed6a7cabde58a3cef0aa13,2014-05,Cheshire Constabulary,Cheshire Constabulary,-2.564862,53.381138,On or near Petrol Station,E01012507,Warrington 020D,Burglary,Investigation complete; no suspect identified,
3a847e8f4412897c555f534c660b55615a3e4fff121710e67df69b14d1e86b14,2014-05,Cheshire Constabulary,Cheshire Constabulary,-2.560565,53.381294,On or near Kingsway South,E01012507,Warrington 020D,Burglary,Investigation complete; no suspect identified,
bc7830538ef4410cff732b2a930ce7f750f209abe9c685cd823254c4a20645ec,2014-05,Cheshire Constabulary,Cheshire Constabulary,-2.565715,53.383085,On or near Rook Road,E01012507,Warrington 020D,Criminal damage and arson,Investigation complete; no suspect identified,
f375621a8594ddd5acd6066a1af9ef9afe2e32283ccbf11eac9d50e065a0f7c8,2014-05,Cheshire Constabulary,Cheshire Constabulary,-2.562405,53.379469,On or near Maybrook Place,E01012507,Warrington 020D,Criminal damage and arson,Investigation complete; no suspect identified,
6cd3681d83fcb7410811b76b8932e5338aa84ff62167a9a345877b65b0960056,2014-05,Cheshire Constabulary,Cheshire Constabulary,-2.562100,53.381448,On or near Ashfield Gardens,E01012507,Warrington 020D,Criminal damage and arson,Under investigation,
669bea6c4540517bef8608020c6581bc7c5309e3084aa3558b1a609b70b58e10,2014-05,Cheshire Constabulary,Cheshire Constabulary,-2.566394,53.381005,On or near Knutsford Road,E01012507,Warrington 020D,Other theft,Awaiting court outcome,
7f36067789fceedc0b144f62c5d4a995d2587c73e9adaf3a0f4c095aacb9d801,2014-05,Cheshire Constabulary,Cheshire Constabulary,-2.562238,53.385043,On or near Supermarket,E01012507,Warrington 020D,Shoplifting,Investigation complete; no suspect identified,
031645dd0de1132bfaf6f86e345fb9ce24c69c31415c9cff33a543c5f84950cd,2014-05,Cheshire Constabulary,Cheshire Constabulary,-2.562238,53.385043,On or near Supermarket,E01012507,Warrington 020D,Shoplifting,Awaiting court outcome,
3ae37a7152809f0600d71da513102723dc6046bc76296506e90af44fd5545e9d,2014-05,Cheshire Constabulary,Cheshire Constabulary,-2.562405,53.379469,On or near Maybrook Place,E01012507,Warrington 020D,Shoplifting,Under investigation,
7df902c5868395ca56d9eb424d98fd4adf4cf1e575d6c3ac14366f2d76102192,2014-05,Cheshire Constabulary,Cheshire Constabulary,-2.565045,53.383538,On or near Griffiths Street,E01012507,Warrington 020D,Violence and sexual offences,Unable to prosecute suspect,
434f5cd295db548b0530c88d7dc80defbac4b0dfdc002fac2818452d5ded9bf4,2014-05,Cheshire Constabulary,Cheshire Constabulary,-2.566394,53.381005,On or near Knutsford Road,E01012507,Warrington 020D,Violence and sexual offences,Unable to prosecute suspect,
146375b48a09c237f990ef81a8b50d255e911b2031863cc5d85cb1db6045b946,2014-05,Cheshire Constabulary,Cheshire Constabulary,-2.563498,53.381388,On or near Lyon Street,E01012507,Warrington 020D,Violence and sexual offences,Under investigation,
b5c217cd49c34ae25ae570c4217a87dae4f60a02b5d4f69d454cf5fbcde8ddd6,2014-05,Cheshire Constabulary,Cheshire Constabulary,-2.566571,53.384142,On or near Grange Avenue,E01012507,Warrington 020D,Violence and sexual offences,Investigation complete; no suspect identified,
6ffd57e24f6f6e232e4e45b3a403cbf81ab817d2399fce121fee62b4f99c2b60,2014-05,Cheshire Constabulary,Cheshire Constabulary,-2.563911,53.384199,On or near Starkey Grove,E01012507,Warrington 020D,Violence and sexual offences,Local resolution,
,2014-05,Cheshire Constabulary,Cheshire Constabulary,-2.559840,53.385585,On or near Lowe Avenue,E01012508,Warrington 020E,Anti-social behaviour,,
1f26dbcdc5409f6e52d78d2595540bafb8840bf09d27c7590b108b67277fb4c2,2014-05,Cheshire Constabulary,Cheshire Constabulary,-2.554438,53.382940,On or near Gaskell Avenue,E01012508,Warrington 020E,Burglary,Investigation complete; no suspect identified,
828389e0c9d3822bab2aa6bed391c8a983d13fc172cfcfb4af5e3ef156af0cf2,2014-05,Cheshire Constabulary,Cheshire Constabulary,-2.556896,53.385859,On or near Timperley Avenue,E01012508,Warrington 020E,Burglary,Investigation complete; no suspect identified,
15f6b781f371ff5173e7f62110eb69920c385c242309882c568df1f27e55a124,2014-05,Cheshire Constabulary,Cheshire Constabulary,-2.555970,53.385144,On or near Whitley Avenue,E01012508,Warrington 020E,Criminal damage and arson,Under investigation,
f771a7dab924e3f8fe4da1d0093c8fc04ab94e8989c78ae7a848b73ee2a62319,2014-05,Cheshire Constabulary,Cheshire Constabulary,-2.560315,53.383973,On or near Henshall Avenue,E01012508,Warrington 020E,Criminal damage and arson,Investigation complete; no suspect identified,
c9878538b887e21c710a7491a6bd0dad439f79397a87ffc3ce7ab2cb7a6ac867,2014-05,Cheshire Constabulary,Cheshire Constabulary,-2.558799,53.385320,On or near Betjeman Close,E01012508,Warrington 020E,Criminal damage and arson,Investigation complete; no suspect identified,
a5a8adaf48a30dfb71065fa159ac0e589ed6cb1edc189746ab32f14d5f9a6da9,2014-05,Cheshire Constabulary,Cheshire Constabulary,-2.552932,53.382776,On or near Nook Lane,E01012508,Warrington 020E,Other theft,Under investigation,
b5ac4ba672a591f5a12fc95e7645ff43ebc2c80ba97d907bfe7b0abcfddfb8f3,2014-05,Cheshire Constabulary,Cheshire Constabulary,-2.552932,53.382776,On or near Nook Lane,E01012508,Warrington 020E,Vehicle crime,Investigation complete; no suspect identified,
ef6f2cd082168a7fc9435b60b85c28b6d67db67b02daf7acfa1117308795cf4a,2014-05,Cheshire Constabulary,Cheshire Constabulary,-2.554438,53.382940,On or near Gaskell Avenue,E01012508,Warrington 020E,Violence and sexual offences,Investigation complete; no suspect identified,
317eb82fc8354c7d888922a4bfc1d9bdc01fd89d14d54fe5bdcd4d9a0fdccc01,2014-05,Cheshire Constabulary,Cheshire Constabulary,-2.558799,53.385320,On or near Betjeman Close,E01012508,Warrington 020E,Violence and sexual offences,Awaiting court outcome,
,2014-05,Cheshire Constabulary,Cheshire Constabulary,-2.488292,53.379328,On or near Supermarket,E01012513,Warrington 021A,Anti-social behaviour,,
,2014-05,Cheshire Constabulary,Cheshire Constabulary,-2.485274,53.378262,On or near Parkwood Close,E01012513,Warrington 021A,Anti-social behaviour,,
,2014-05,Cheshire Constabulary,Cheshire Constabulary,-2.507909,53.372909,On or near M6,E01012513,Warrington 021A,Anti-social behaviour,,
,2014-05,Cheshire Constabulary,Cheshire Constabulary,-2.471917,53.377533,On or near The Crescent,E01012513,Warrington 021A,Anti-social behaviour,,
7d5e0cc300baf7547fc65a0912c9cb1ac73236b3d272bd17bc60f6406240d16c,2014-05,Cheshire Constabulary,Cheshire Constabulary,-2.488292,53.379328,On or near Supermarket,E01012513,Warrington 021A,Bicycle theft,Under investigation,
76f280d0e5f5503ef84a214bb3c6527c1c770f136fc73233d1f41aba702cdfb8,2014-05,Cheshire Constabulary,Cheshire Constabulary,-2.484963,53.377391,On or near Wayside Close,E01012513,Warrington 021A,Burglary,Investigation complete; no suspect identified,
effd2d279ddc1092b3b480e11cf335b4b79efa47d1caac619a5079f3dba7e865,2014-05,Cheshire Constabulary,Cheshire Constabulary,-2.507909,53.372909,On or near M6,E01012513,Warrington 021A,Criminal damage and arson,Under investigation,
,2014-05,Cheshire Constabulary,Cheshire Constabulary,-2.471374,53.381436,On or near Racefield Close,E01012514,Warrington 021B,Anti-social behaviour,,
2eefa1a5afbcddc2d49c4cce264622f2441600f8a23ba6313a1eb5aec97a3795,2014-05,Cheshire Constabulary,Cheshire Constabulary,-2.467115,53.376932,On or near Woodland Drive,E01012514,Warrington 021B,Bicycle theft,Investigation complete; no suspect identified,
9f64fc441aa42e787306f5e79f0aae3f1e701927ca01bf83aef7f71a824d833a,2014-05,Cheshire Constabulary,Cheshire Constabulary,-2.462101,53.376125,On or near Marlfield Avenue,E01012514,Warrington 021B,Bicycle theft,Investigation complete; no suspect identified,
e49e046aa8c44b8ad3494fd3eb27debf9bc10ed5efa0aff4071322bbd8ffec62,2014-05,Cheshire Constabulary,Cheshire Constabulary,-2.471374,53.381436,On or near Racefield Close,E01012514,Warrington 021B,Criminal damage and arson,Under investigation,
e8965227467fda07991c0eb3e593498c63b796f2249d4f6029bd319835235a24,2014-05,Cheshire Constabulary,Cheshire Constabulary,-2.471374,53.381436,On or near Racefield Close,E01012514,Warrington 021B,Criminal damage and arson,Under investigation,
,2014-05,Cheshire Constabulary,Cheshire Constabulary,-2.497626,53.380530,On or near Yeald Brow,E01012515,Warrington 021C,Anti-social behaviour,,
,2014-05,Cheshire Constabulary,Cheshire Constabulary,-2.495479,53.380719,On or near Thornley Road,E01012515,Warrington 021C,Anti-social behaviour,,
,2014-05,Cheshire Constabulary,Cheshire Constabulary,-2.504438,53.359027,On or near Motorway Service Area,E01012515,Warrington 021C,Anti-social behaviour,,
,2014-05,Cheshire Constabulary,Cheshire Constabulary,-2.494541,53.380219,On or near David Road,E01012515,Warrington 021C,Anti-social behaviour,,
,2014-05,Cheshire Constabulary,Cheshire Constabulary,-2.504438,53.359027,On or near Motorway Service Area,E01012515,Warrington 021C,Anti-social behaviour,,
3faef07478f8a45086c8721d3c2eb473ea8314efca636893b1812d81e51a74f4,2014-05,Cheshire Constabulary,Cheshire Constabulary,-2.497062,53.384964,On or near Crossland Mews,E01012515,Warrington 021C,Burglary,Under investigation,
2a518ffe0ce92d23e1d7fa66eec762c1be69bc0e9ce18ab59235b879b8d8cafc,2014-05,Cheshire Constabulary,Cheshire Constabulary,-2.504438,53.359027,On or near Motorway Service Area,E01012515,Warrington 021C,Other theft,Investigation complete; no suspect identified,
0ba65e3b5c37812e557a87384740d5fb9a9e5b3778eb1b9106ed745265234ffc,2014-05,Cheshire Constabulary,Cheshire Constabulary,-2.504438,53.359027,On or near Motorway Service Area,E01012515,Warrington 021C,Vehicle crime,Investigation complete; no suspect identified,
2e9af8002489820c14bb58b334fa6df8e1d4beed3c045470d9a0d30fd54f0f7f,2014-05,Cheshire Constabulary,Cheshire Constabulary,-2.488249,53.371598,On or near The Avenue,E01012515,Warrington 021C,Violence and sexual offences,Unable to prosecute suspect,
8225b08b34ca19280ccf21a1655ac0ddc0c0af98f8d8de42c2e1a9e825a14b4d,2014-05,Cheshire Constabulary,Cheshire Constabulary,-2.495698,53.380205,On or near John Road,E01012515,Warrington 021C,Violence and sexual offences,Unable to prosecute suspect,
11662a513a5f1364bc94fadf0f85faa0d52969aa0dd97241bdd8d33a0128726d,2014-05,Cheshire Constabulary,Cheshire Constabulary,-2.497626,53.380530,On or near Yeald Brow,E01012515,Warrington 021C,Violence and sexual offences,Investigation complete; no suspect identified,
8c84ddad4249797cd2d215a3ac1cea4cefd306fd4ae00d86e7a4cebb9dd769e6,2014-05,Cheshire Constabulary,Cheshire Constabulary,-2.497062,53.384964,On or near Crossland Mews,E01012515,Warrington 021C,Violence and sexual offences,Under investigation,
,2014-05,Cheshire Constabulary,Cheshire Constabulary,-2.478548,53.380383,On or near The Grove,E01012516,Warrington 021D,Anti-social behaviour,,
,2014-05,Cheshire Constabulary,Cheshire Constabulary,-2.478548,53.380383,On or near The Grove,E01012516,Warrington 021D,Anti-social behaviour,,
,2014-05,Cheshire Constabulary,Cheshire Constabulary,-2.489920,53.381020,On or near Hawthorn Road,E01012516,Warrington 021D,Anti-social behaviour,,
,2014-05,Cheshire Constabulary,Cheshire Constabulary,-2.478548,53.380383,On or near The Grove,E01012516,Warrington 021D,Anti-social behaviour,,
,2014-05,Cheshire Constabulary,Cheshire Constabulary,-2.477596,53.381295,On or near The Cross,E01012516,Warrington 021D,Anti-social behaviour,,
,2014-05,Cheshire Constabulary,Cheshire Constabulary,-2.479668,53.383732,On or near Dane Bank Road,E01012516,Warrington 021D,Anti-social behaviour,,
8cce6b8659387da0dbc0ba89cdfa6499b32ba8a0acd15b90fb879e7b3dc366dd,2014-05,Cheshire Constabulary,Cheshire Constabulary,-2.483546,53.382305,On or near Maltmans Road,E01012516,Warrington 021D,Burglary,Investigation complete; no suspect identified,
f751660e6ab8956ba22cf10b38f65e2c1169ea274ee051bef0e4e8c03e2702c6,2014-05,Cheshire Constabulary,Cheshire Constabulary,-2.480194,53.381060,On or near Henry Street,E01012516,Warrington 021D,Burglary,Under investigation,
b829d9203c91d05be4e52b65075e98b4231a26cc07190be13d2f3a63eca3dbf9,2014-05,Cheshire Constabulary,Cheshire Constabulary,-2.477596,53.381295,On or near The Cross,E01012516,Warrington 021D,Burglary,Investigation complete; no suspect identified,
d318e46a20db1e516bfe6e258b950f0292b808b1d3f89d641de0a39b25b3d50d,2014-05,Cheshire Constabulary,Cheshire Constabulary,-2.479868,53.381457,On or near Boat Stage,E01012516,Warrington 021D,Criminal damage and arson,Investigation complete; no suspect identified,
1122070afd85239f7b0d1e3f32c47907c8d71320305a5ffb1cee31a40578d688,2014-05,Cheshire Constabulary,Cheshire Constabulary,-2.481631,53.381836,On or near Davies Way,E01012516,Warrington 021D,Criminal damage and arson,Awaiting court outcome,
4dd9f92fe1b5c0dbcf16f7ed1bd5007c6ea4a54cac7d3e842e1b3262fbce20fc,2014-05,Cheshire Constabulary,Cheshire Constabulary,-2.489920,53.381020,On or near Hawthorn Road,E01012516,Warrington 021D,Other theft,Under investigation,
c29f681b6a695f952f6c5bf3abcacce95f23d12f23d2b1a3187ddc7ef1503822,2014-05,Cheshire Constabulary,Cheshire Constabulary,-2.484438,53.380135,On or near Eagle Brow,E01012516,Warrington 021D,Public order,Unable to prosecute suspect,
761e7ee3e8aa16326fabb4ec14ac3ea9e9890dd384a022211f2fa6ff88d11996,2014-05,Cheshire Constabulary,Cheshire Constabulary,-2.477596,53.381295,On or near The Cross,E01012516,Warrington 021D,Shoplifting,Under investigation,
,2014-05,Cheshire Constabulary,Cheshire Constabulary,-2.450877,53.389354,On or near Chaise Meadow,E01012517,Warrington 021E,Anti-social behaviour,,
ea554991a6afc9bbc1781381de3aaf5f230e2f1e3e9a12ec62526f49e2c52dd2,2014-05,Cheshire Constabulary,Cheshire Constabulary,-2.456837,53.388459,On or near Orchard Road,E01012517,Warrington 021E,Burglary,Investigation complete; no suspect identified,
b8f04f07c10c1c18714d0ee1310769c0e6dc7e8503ed9bf12ddf287997f5a3a6,2014-05,Cheshire Constabulary,Cheshire Constabulary,-2.455880,53.386162,On or near Lovatt Court,E01012517,Warrington 021E,Burglary,Investigation complete; no suspect identified,
64562733bc02b98fc74598204323fbdea70a2d20c080a6a07f238225cdefa4dd,2014-05,Cheshire Constabulary,Cheshire Constabulary,-2.456837,53.388459,On or near Orchard Road,E01012517,Warrington 021E,Burglary,Under investigation,
e46aa218c1c97e1fd166f3e9848236d33e984a736933623af90fb9194d8f951b,2014-05,Cheshire Constabulary,Cheshire Constabulary,-2.451781,53.389521,On or near Farcroft Close,E01012517,Warrington 021E,Vehicle crime,Investigation complete; no suspect identified,
26f6ab9f8e88400c8fff6057ab645009fa3d1a1d10b23e87bd0f4d0885a92d31,2014-05,Cheshire Constabulary,Cheshire Constabulary,-2.463607,53.387498,On or near Whitefield Grove,E01012517,Warrington 021E,Vehicle crime,Investigation complete; no suspect identified,
65e66ccada1ef33321be482be41073699e18e146197c5b940cb0c914bd9f9ace,2014-05,Cheshire Constabulary,Cheshire Constabulary,-2.463607,53.387498,On or near Whitefield Grove,E01012517,Warrington 021E,Vehicle crime,Investigation complete; no suspect identified,
,2014-05,Cheshire Constabulary,Cheshire Constabulary,-2.457617,53.385481,On or near Moss Grove,E01012518,Warrington 021F,Anti-social behaviour,,
,2014-05,Cheshire Constabulary,Cheshire Constabulary,-2.455263,53.386110,On or near Woodbine Road,E01012518,Warrington 021F,Anti-social behaviour,,
eea147d1782c6811830cafba6cff11ca7eb4007783591846ec03c727e0362c46,2014-05,Cheshire Constabulary,Cheshire Constabulary,-2.446587,53.387491,On or near Mill Lane,E01012518,Warrington 021F,Burglary,Investigation complete; no suspect identified,
fdc9c40f2598ecffbadef9c913eb45c694732216695b43a70030d46b6fe0c55b,2014-05,Cheshire Constabulary,Cheshire Constabulary,-2.458384,53.385541,On or near Church View,E01012518,Warrington 021F,Shoplifting,Under investigation,
f01df2e31bb032094a768668975bc8803c5ba49da3afb5c436e941fd6f8ba98a,2014-05,Cheshire Constabulary,Cheshire Constabulary,-2.458384,53.385541,On or near Church View,E01012518,Warrington 021F,Shoplifting,Investigation complete; no suspect identified,
42de448577a63f8099530b59a849d29c763fb23f01607eba1bab61aee1fbc98c,2014-05,Cheshire Constabulary,Cheshire Constabulary,-2.461693,53.375955,On or near Sandmoor Place,E01012518,Warrington 021F,Vehicle crime,Under investigation,
,2014-05,Cheshire Constabulary,Cheshire Constabulary,-2.492855,53.383920,On or near Jubilee Grove,E01012519,Warrington 021G,Anti-social behaviour,,
82c77d703c06831c58841be8964ef79edb1d1066bd6979a6f2bf4cc4f158c57b,2014-05,Cheshire Constabulary,Cheshire Constabulary,-2.487581,53.384194,On or near Albany Crescent,E01012519,Warrington 021G,Burglary,Investigation complete; no suspect identified,
985e59dca37bb9580a071dd32991ede6e2e7d0995159a142f73bff6b2726e270,2014-05,Cheshire Constabulary,Cheshire Constabulary,-2.482018,53.384127,On or near Brook Road,E01012519,Warrington 021G,Burglary,Investigation complete; no suspect identified,
1617f6254a085d6404241c62d4eb452dd926b0f56b8c98878d133c5a279d847f,2014-05,Cheshire Constabulary,Cheshire Constabulary,-2.484424,53.384216,On or near Parking Area,E01012519,Warrington 021G,Other theft,Investigation complete; no suspect identified,
,2014-05,Cheshire Constabulary,Cheshire Constabulary,-2.544086,53.379941,On or near Ollerton Close,E01012485,Warrington 022A,Anti-social behaviour,,
d33128c2bf2af94ad586637df3c2b24788e01808c97ce3fd9b1a21115ee0442b,2014-05,Cheshire Constabulary,Cheshire Constabulary,-2.539305,53.382245,On or near Thelwall New Road,E01012485,Warrington 022A,Criminal damage and arson,Investigation complete; no suspect identified,
267cd53a6c09e2212bb8a80d78a77ab55bf6497df7ca3d32531e9a308e725410,2014-05,Cheshire Constabulary,Cheshire Constabulary,-2.535119,53.382929,On or near Handforth Close,E01012485,Warrington 022A,Other theft,Investigation complete; no suspect identified,
fc254418ba9d21599c471de18ac1c110bad7202c9ba7b7f03d469c368831e3af,2014-05,Cheshire Constabulary,Cheshire Constabulary,-2.537116,53.380350,On or near Dunmow Road,E01012485,Warrington 022A,Vehicle crime,Investigation complete; no suspect identified,
,2014-05,Cheshire Constabulary,Cheshire Constabulary,-2.553205,53.377139,On or near Shirley Drive,E01012486,Warrington 022B,Anti-social behaviour,,
,2014-05,Cheshire Constabulary,Cheshire Constabulary,-2.546345,53.376703,On or near Georges Crescent,E01012487,Warrington 022C,Anti-social behaviour,,
,2014-05,Cheshire Constabulary,Cheshire Constabulary,-2.544862,53.377133,On or near Supermarket,E01012487,Warrington 022C,Anti-social behaviour,,
ad01ce955f9f1bb1ba5e6344bccca6040ced0fe7c20edf8be49af3c48d2203c5,2014-05,Cheshire Constabulary,Cheshire Constabulary,-2.544862,53.377133,On or near Supermarket,E01012487,Warrington 022C,Burglary,Investigation complete; no suspect identified,
,2014-05,Cheshire Constabulary,Cheshire Constabulary,-2.545080,53.371873,On or near Church Lane,E01012489,Warrington 022D,Anti-social behaviour,,
,2014-05,Cheshire Constabulary,Cheshire Constabulary,-2.538032,53.373128,On or near Bellhouse Lane,E01012489,Warrington 022D,Anti-social behaviour,,
,2014-05,Cheshire Constabulary,Cheshire Constabulary,-2.545080,53.371873,On or near Church Lane,E01012489,Warrington 022D,Anti-social behaviour,,
78ae71103e2983b72faf9232dd7266b6a2019ba4d84696d81002e387609e3acb,2014-05,Cheshire Constabulary,Cheshire Constabulary,-2.552990,53.364044,On or near Dashwood Close,E01012489,Warrington 022D,Burglary,Under investigation,
5afb0751c537ff8709039ae96c1244e4d7715666c8ac07c26b75ec7408e4e24e,2014-05,Cheshire Constabulary,Cheshire Constabulary,-2.556555,53.377025,On or near Heathfield Park,E01012489,Warrington 022D,Drugs,Offender given a drugs possession warning,
06451800d8f3407baca4e36d655800effabda536e3db26b3fbacf455c4bed9a7,2014-05,Cheshire Constabulary,Cheshire Constabulary,-2.555731,53.367995,On or near Tresham Drive,E01012489,Warrington 022D,Other theft,Local resolution,
693e6e16c9b70adea68df32e8a34ccc94c5120a2536bf9a88e56660d7dff40f5,2014-05,Cheshire Constabulary,Cheshire Constabulary,-2.551362,53.374127,On or near Beechfield Road,E01012489,Warrington 022D,Other theft,Under investigation,
b1ea6440e5a4958979aa91c0f2762ebae080a7eee40b9b7d866a51be1c20367f,2014-05,Cheshire Constabulary,Cheshire Constabulary,-2.551362,53.374127,On or near Beechfield Road,E01012489,Warrington 022D,Other theft,Under investigation,
,2014-05,Cheshire Constabulary,Cheshire Constabulary,-2.575671,53.368817,On or near Waterside,E01012450,Warrington 023A,Anti-social behaviour,,
b3cd659d918a0a9421347314f625c72ef2059c125773963902754e95da1d9ce1,2014-05,Cheshire Constabulary,Cheshire Constabulary,-2.572010,53.360358,On or near Caversham Close,E01012450,Warrington 023A,Vehicle crime,Investigation complete; no suspect identified,
,2014-05,Cheshire Constabulary,Cheshire Constabulary,-2.573861,53.366102,On or near Guernsey Close,E01012451,Warrington 023B,Anti-social behaviour,,
,2014-05,Cheshire Constabulary,Cheshire Constabulary,-2.571409,53.362555,On or near Farnham Close,E01012451,Warrington 023B,Anti-social behaviour,,
,2014-05,Cheshire Constabulary,Cheshire Constabulary,-2.569263,53.369531,On or near Stockton Lane,E01012451,Warrington 023B,Anti-social behaviour,,
b8f281dd8876b5c6d1730aefa28de66837dc11a585d0360de6d009c7f78dedb6,2014-05,Cheshire Constabulary,Cheshire Constabulary,-2.573125,53.368398,On or near Sports/Recreation Area,E01012451,Warrington 023B,Criminal damage and arson,Investigation complete; no suspect identified,
1c79e9684e721997b3715387479d7824959c093ca0c5b3b52f181b32f7a959e8,2014-05,Cheshire Constabulary,Cheshire Constabulary,-2.573861,53.366102,On or near Guernsey Close,E01012451,Warrington 023B,Criminal damage and arson,Under investigation,
cf01be4eaf34d88db09bd727e51c61c5f1904f3bd8ccc436d7d4289ecd1f5cc1,2014-05,Cheshire Constabulary,Cheshire Constabulary,-2.575607,53.366373,On or near Beverley Avenue,E01012451,Warrington 023B,Criminal damage and arson,Investigation complete; no suspect identified,
070e64e0bf7a4f555a392b2f69b501a08c7d7d24a68fa34ac57b9aad2f6916cd,2014-05,Cheshire Constabulary,Cheshire Constabulary,-2.575607,53.366373,On or near Beverley Avenue,E01012451,Warrington 023B,Criminal damage and arson,Investigation complete; no suspect identified,
bbcce8a98e7fdfdc28fc53a0398cc0b24c71c0611c9f02bc02e07714c7476aa1,2014-05,Cheshire Constabulary,Cheshire Constabulary,-2.571409,53.362555,On or near Farnham Close,E01012451,Warrington 023B,Criminal damage and arson,Investigation complete; no suspect identified,
f8b6dee14e423ce4fad076e58e81e38817c3a06b1840c71f95666743a4afc3a7,2014-05,Cheshire Constabulary,Cheshire Constabulary,-2.571409,53.362555,On or near Farnham Close,E01012451,Warrington 023B,Violence and sexual offences,Under investigation,
,2014-05,Cheshire Constabulary,Cheshire Constabulary,-2.580787,53.369269,On or near Bridgewater Mews,E01012557,Warrington 023C,Anti-social behaviour,,
,2014-05,Cheshire Constabulary,Cheshire Constabulary,-2.582222,53.373172,On or near Wilderspool Causeway,E01012557,Warrington 023C,Anti-social behaviour,,
,2014-05,Cheshire Constabulary,Cheshire Constabulary,-2.580779,53.370896,On or near Police Station,E01012557,Warrington 023C,Anti-social behaviour,,
,2014-05,Cheshire Constabulary,Cheshire Constabulary,-2.578998,53.369259,On or near Arley Avenue,E01012557,Warrington 023C,Anti-social behaviour,,
,2014-05,Cheshire Constabulary,Cheshire Constabulary,-2.580904,53.370140,On or near London Road,E01012557,Warrington 023C,Anti-social behaviour,,
,2014-05,Cheshire Constabulary,Cheshire Constabulary,-2.581081,53.369950,On or near Supermarket,E01012557,Warrington 023C,Anti-social behaviour,,
,2014-05,Cheshire Constabulary,Cheshire Constabulary,-2.581081,53.369950,On or near Supermarket,E01012557,Warrington 023C,Anti-social behaviour,,
,2014-05,Cheshire Constabulary,Cheshire Constabulary,-2.580904,53.370140,On or near London Road,E01012557,Warrington 023C,Anti-social behaviour,,
,2014-05,Cheshire Constabulary,Cheshire Constabulary,-2.580779,53.370896,On or near Police Station,E01012557,Warrington 023C,Anti-social behaviour,,
d213bf15fa0fdaa6c33d526713edb4c264bd6c5322174800e4953b45a3833d19,2014-05,Cheshire Constabulary,Cheshire Constabulary,-2.578539,53.369792,On or near East Avenue,E01012557,Warrington 023C,Criminal damage and arson,Under investigation,
88eeeb31753bd9ded73bda9024a2e43128f9d9370252b6f4c2cab0f6c7a84df7,2014-05,Cheshire Constabulary,Cheshire Constabulary,-2.580779,53.370896,On or near Police Station,E01012557,Warrington 023C,Public order,Under investigation,
3172533420cb4b74d42a9dd5e4fdfa93c343c7a73e0316a79ed70421cd59e07a,2014-05,Cheshire Constabulary,Cheshire Constabulary,-2.580546,53.371472,On or near Grice Street,E01012557,Warrington 023C,Violence and sexual offences,Formal action is not in the public interest,
26e64e84a8bbdc6300df71e59b792900a5542b208a5b366647f41953b83e9861,2014-05,Cheshire Constabulary,Cheshire Constabulary,-2.580536,53.367454,On or near Mitchell Street,E01012557,Warrington 023C,Violence and sexual offences,Offender given a caution,
,2014-05,Cheshire Constabulary,Cheshire Constabulary,-2.589116,53.367340,On or near Belvoir Road,E01012558,Warrington 023D,Anti-social behaviour,,
d3ab0338056634eb926e377032ed6c13f1192fb3b4b4dba5b86a9dd9855e2a01,2014-05,Cheshire Constabulary,Cheshire Constabulary,-2.592828,53.364113,On or near Hillfoot Crescent,E01012558,Warrington 023D,Burglary,Under investigation,
29c678f8de7fe763ea718e26758805a0c293d6d7ab70e47e42fc625d6982af5c,2014-05,Cheshire Constabulary,Cheshire Constabulary,-2.584273,53.369225,On or near Hawthorne Road,E01012558,Warrington 023D,Criminal damage and arson,Under investigation,
dc95ccac4a975e2e69cb117d6520bc06463c91402a970c1cbe440dbe2fd66683,2014-05,Cheshire Constabulary,Cheshire Constabulary,-2.585254,53.371773,On or near Roman Road,E01012558,Warrington 023D,Criminal damage and arson,Investigation complete; no suspect identified,
0db85ff557975cf4d9e8a51c34b7fdf27a3c93dc4a6adf435045886ea9a508c1,2014-05,Cheshire Constabulary,Cheshire Constabulary,-2.582633,53.371282,On or near Supermarket,E01012558,Warrington 023D,Shoplifting,Investigation complete; no suspect identified,
d6d79bb1fa73d08cfca2b8d31c6f2975ff2d1b8bf88a1fec269c1e530540b109,2014-05,Cheshire Constabulary,Cheshire Constabulary,-2.589116,53.367340,On or near Belvoir Road,E01012558,Warrington 023D,Violence and sexual offences,Under investigation,
2dd6a26489db4c0bbaf241a3972eed0e6de011fda82b3083a53b9d442fc12a43,2014-05,Cheshire Constabulary,Cheshire Constabulary,-2.565950,53.375884,On or near Ackers Road,E01012559,Warrington 023E,Criminal damage and arson,Investigation complete; no suspect identified,
4341a73b5b1bb8c47e722270bc563802cf7a0e601c6b564ecd4a1ba3d810dd8e,2014-05,Cheshire Constabulary,Cheshire Constabulary,-2.565058,53.376580,On or near Stuart Drive,E01012559,Warrington 023E,Criminal damage and arson,Investigation complete; no suspect identified,
,2014-05,Cheshire Constabulary,Cheshire Constabulary,-2.568141,53.371073,On or near Brook Avenue,E01012560,Warrington 023F,Anti-social behaviour,,
5ae665acd78c8d190a398cc47f64787de236658309ce08a8cbb7e86523538b25,2014-05,Cheshire Constabulary,Cheshire Constabulary,-2.569817,53.370499,On or near Lumb Brook Road,E01012560,Warrington 023F,Other theft,Unable to prosecute suspect,
2c5f7cbfe2fed3d5db93c9bb723e4d9725bc80e7f349564737d2f6814a29ff2c,2014-05,Cheshire Constabulary,Cheshire Constabulary,-2.571393,53.372649,On or near Lilac Grove,E01012560,Warrington 023F,Vehicle crime,Under investigation,
,2014-05,Cheshire Constabulary,Cheshire Constabulary,-2.558489,53.344422,On or near Stretton Road,E01012448,Warrington 024A,Anti-social behaviour,,
1a9548a0fd8732a2ad71da828864edcf24fbf92e64c4b3cda1afa8e3ee1d44cb,2014-05,Cheshire Constabulary,Cheshire Constabulary,-2.536502,53.344649,On or near Arley Road,E01012448,Warrington 024A,Burglary,Investigation complete; no suspect identified,
92d2d52ec4076234a73f0bef48e4bd042265bd618f045ef420407f3d308c2e3b,2014-05,Cheshire Constabulary,Cheshire Constabulary,-2.536502,53.344649,On or near Arley Road,E01012448,Warrington 024A,Vehicle crime,Investigation complete; no suspect identified,
4eb501925c5ab6d6b3c5d2ced181c003e5fc1c452d92e9374019017392915f6b,2014-05,Cheshire Constabulary,Cheshire Constabulary,-2.546410,53.346618,On or near Amberleigh Close,E01012448,Warrington 024A,Vehicle crime,Investigation complete; no suspect identified,
,2014-05,Cheshire Constabulary,Cheshire Constabulary,-2.532679,53.372936,On or near Stoneleigh Gardens,E01012488,Warrington 024B,Anti-social behaviour,,
,2014-05,Cheshire Constabulary,Cheshire Constabulary,-2.525563,53.379691,On or near Gately Close,E01012488,Warrington 024B,Anti-social behaviour,,
,2014-05,Cheshire Constabulary,Cheshire Constabulary,-2.532027,53.380957,On or near Stanton Road,E01012488,Warrington 024B,Anti-social behaviour,,
,2014-05,Cheshire Constabulary,Cheshire Constabulary,-2.525563,53.379691,On or near Gately Close,E01012488,Warrington 024B,Anti-social behaviour,,
02b47f2639119d919c07e2de8321682591cd82b8237959f79a54a50cf135677c,2014-05,Cheshire Constabulary,Cheshire Constabulary,-2.525563,53.379691,On or near Gately Close,E01012488,Warrington 024B,Burglary,Under investigation,
5a291958c9d6a19a2c893f824ce663173fdc0722578afe90e2d25947892f01f9,2014-05,Cheshire Constabulary,Cheshire Constabulary,-2.517855,53.383761,On or near Lymm Road,E01012488,Warrington 024B,Criminal damage and arson,Under investigation,
e2d8b5a90f94f2416e1f9d9a51a49c776e57d9eeccd56c75927c5481dcdb13fa,2014-05,Cheshire Constabulary,Cheshire Constabulary,-2.517855,53.383761,On or near Lymm Road,E01012488,Warrington 024B,Violence and sexual offences,Under investigation,
,2014-05,Cheshire Constabulary,Cheshire Constabulary,-2.595826,53.370031,On or near Chester Road,E01012502,Warrington 024C,Anti-social behaviour,,
,2014-05,Cheshire Constabulary,Cheshire Constabulary,-2.624162,53.361104,On or near Bellhouse Lane,E01012502,Warrington 024C,Anti-social behaviour,,
,2014-05,Cheshire Constabulary,Cheshire Constabulary,-2.606427,53.361896,On or near Old Chester Road,E01012502,Warrington 024C,Anti-social behaviour,,
,2014-05,Cheshire Constabulary,Cheshire Constabulary,-2.595826,53.370031,On or near Chester Road,E01012502,Warrington 024C,Anti-social behaviour,,
,2014-05,Cheshire Constabulary,Cheshire Constabulary,-2.606427,53.361896,On or near Old Chester Road,E01012502,Warrington 024C,Anti-social behaviour,,
,2014-05,Cheshire Constabulary,Cheshire Constabulary,-2.607505,53.354241,On or near Park Lane,E01012502,Warrington 024C,Anti-social behaviour,,
b629d742591da35656dddd95ae524a7174207ae1339ea880411028e177570b9b,2014-05,Cheshire Constabulary,Cheshire Constabulary,-2.625381,53.352010,On or near Hobb Lane,E01012502,Warrington 024C,Other theft,Investigation complete; no suspect identified,
,2014-05,Cheshire Constabulary,Cheshire Constabulary,-2.566523,53.343144,On or near Ashford Drive,E01012503,Warrington 024D,Anti-social behaviour,,
,2014-05,Cheshire Constabulary,Cheshire Constabulary,-2.575225,53.332424,On or near Tarporley Road,E01012503,Warrington 024D,Anti-social behaviour,,
,2014-05,Cheshire Constabulary,Cheshire Constabulary,-2.575225,53.332424,On or near Tarporley Road,E01012503,Warrington 024D,Anti-social behaviour,,
,2014-05,Cheshire Constabulary,Cheshire Constabulary,-2.575225,53.332424,On or near Tarporley Road,E01012503,Warrington 024D,Anti-social behaviour,,
1b6d34bb19217569150348bba1044a5216aae9eab47b6288aa79595f6b9c714c,2014-05,Cheshire Constabulary,Cheshire Constabulary,-2.576596,53.339437,On or near Bower Crescent,E01012503,Warrington 024D,Criminal damage and arson,Under investigation,
0d856aa6df090ccb41249346dab7c8e0120976a8d933743478eb60af802f2cc4,2014-05,Cheshire Constabulary,Cheshire Constabulary,-2.572519,53.345605,On or near Foxhills Close,E01012503,Warrington 024D,Other theft,Unable to prosecute suspect,
a90de37a9915e023c3325d89039c6612b58078701998730ff30218202bd498c4,2014-05,Cheshire Constabulary,Cheshire Constabulary,-2.570976,53.338044,On or near Spark Hall Close,E01012503,Warrington 024D,Other theft,Investigation complete; no suspect identified,
,2014-05,Cheshire Constabulary,Cheshire Constabulary,-2.566895,53.359897,On or near Henley Close,E01012446,Warrington 025A,Anti-social behaviour,,
,2014-05,Cheshire Constabulary,Cheshire Constabulary,-2.569367,53.361611,On or near Appleford Close,E01012446,Warrington 025A,Anti-social behaviour,,
a492e07051d0c31d81dc3ad735b1b96fe11d142c77039504334d5bd40f403605,2014-05,Cheshire Constabulary,Cheshire Constabulary,-2.567928,53.356225,On or near Larkstoke Close,E01012446,Warrington 025A,Burglary,Under investigation,
c8b432ab175c49d086c6d67cb6917e91215e88ece58d553afabb51531b2c68ae,2014-05,Cheshire Constabulary,Cheshire Constabulary,-2.567439,53.356740,On or near Taplow Close,E01012446,Warrington 025A,Burglary,Under investigation,
d52338ec6f134b8dc39d16dc15116b5140f2199f2df0d4573072f58b8f7dfe35,2014-05,Cheshire Constabulary,Cheshire Constabulary,-2.563545,53.359931,On or near Chessington Close,E01012446,Warrington 025A,Other crime,Awaiting court outcome,
9b8436e57b1fc677ee7404318994d9e3adb10b783d65f41784a127896a6a57a9,2014-05,Cheshire Constabulary,Cheshire Constabulary,-2.565501,53.347634,On or near Woodbridge Close,E01012447,Warrington 025B,Burglary,Investigation complete; no suspect identified,
,2014-05,Cheshire Constabulary,Cheshire Constabulary,-2.571946,53.348835,On or near Pewterspear Lane,E01012449,Warrington 025C,Anti-social behaviour,,
,2014-05,Cheshire Constabulary,Cheshire Constabulary,-2.584173,53.357567,On or near Field Lane,E01012452,Warrington 025D,Anti-social behaviour,,
,2014-05,Cheshire Constabulary,Cheshire Constabulary,-2.583951,53.364354,On or near Kingsley Drive,E01012452,Warrington 025D,Anti-social behaviour,,
18fb35e487c1daff6f27c6ba7d66b7ff76fdcd9d3c6c2245713446d37ee38b5c,2014-05,Cheshire Constabulary,Cheshire Constabulary,-2.583468,53.363116,On or near Warren Road,E01012452,Warrington 025D,Criminal damage and arson,Investigation complete; no suspect identified,
9c1ca4822dd9e53345c2e5c498b7101cc2e622c816399f2183c795dd368a3760,2014-05,Cheshire Constabulary,Cheshire Constabulary,-2.583951,53.364354,On or near Kingsley Drive,E01012452,Warrington 025D,Criminal damage and arson,Unable to prosecute suspect,
